1 8 
2 9 
3 8 
4 8 
5 8 
6 10 
7 8 
8 8 
9 8 
10 9 
11 9 
12 9 
13 9 
14 8 
15 9 
16 8 
17 9 
18 8 
19 8 
20 8 
21 9 
22 8 
23 8 
24 9 
25 8 
26 9 
27 9 
28 9 
29 9 
30 8 
31 9 
32 8 
33 8 
34 8 
35 9 
36 8 
37 9 
38 7 
39 9 
40 7 
41 9 
42 9 
43 8 
44 9 
45 8 
46 12 
47 12 
48 11 
49 13 
50 14 
51 12 
52 12 
53 12 
54 13 
55 11 
56 12 
57 12 
58 12 
59 12 
60 13 
61 13 
62 12 
63 12 
64 12 
65 12 
66 11 
67 11 
68 12 
69 13 
70 12 
71 13 
72 11 
73 12 
74 11 
75 12 
76 13 
77 12 
78 12 
79 13 
80 11 
81 11 
82 11 
83 11 
84 12 
85 12 
86 12 
87 13 
88 12 
89 11 
90 12 
91 14 
92 14 
93 15 
94 16 
95 15 
96 14 
97 13 
98 17 
99 15 
100 15 
101 14 
102 16 
103 15 
104 14 
105 15 
106 17 
107 15 
108 14 
109 13 
110 13 
111 15 
112 14 
113 13 
114 14 
115 14 
116 14 
117 14 
118 15 
119 15 
120 13 
121 14 
122 14 
123 15 
124 14 
125 15 
126 13 
127 16 
128 13 
129 14 
130 14 
131 13 
132 14 
133 14 
134 14 
135 16 
136 18 
137 16 
138 18 
139 17 
140 18 
141 17 
142 17 
143 18 
144 18 
145 16 
146 17 
147 18 
148 16 
149 17 
150 19 
151 16 
152 18 
153 15 
154 17 
155 17 
156 19 
157 17 
158 16 
159 19 
160 16 
161 18 
162 21 
163 18 
164 17 
165 16 
166 16 
167 17 
168 15 
169 17 
170 16 
171 16 
172 17 
173 15 
174 18 
175 16 
176 15 
177 17 
178 15 
179 17 
180 17 
