1 8 
2 9 
3 8 
4 8 
5 8 
6 8 
7 9 
8 8 
9 9 
10 8 
11 9 
12 9 
13 8 
14 9 
15 8 
16 8 
17 8 
18 8 
19 9 
20 8 
21 10 
22 8 
23 8 
24 8 
25 9 
26 9 
27 8 
28 8 
29 9 
30 9 
31 9 
32 8 
33 8 
34 8 
35 8 
36 9 
37 9 
38 9 
39 8 
40 8 
41 8 
42 9 
43 8 
44 9 
45 8 
46 13 
47 11 
48 12 
49 11 
50 12 
51 12 
52 12 
53 12 
54 13 
55 12 
56 12 
57 10 
58 11 
59 13 
60 13 
61 10 
62 12 
63 12 
64 12 
65 12 
66 11 
67 12 
68 12 
69 12 
70 12 
71 11 
72 12 
73 11 
74 11 
75 11 
76 12 
77 13 
78 12 
79 12 
80 11 
81 11 
82 11 
83 11 
84 12 
85 11 
86 11 
87 13 
88 12 
89 12 
90 13 
91 15 
92 15 
93 17 
94 15 
95 15 
96 14 
97 14 
98 15 
99 14 
100 15 
101 14 
102 15 
103 14 
104 14 
105 13 
106 14 
107 15 
108 13 
109 14 
110 15 
111 16 
112 15 
113 13 
114 13 
115 15 
116 13 
117 14 
118 14 
119 16 
120 12 
121 14 
122 14 
123 15 
124 14 
125 14 
126 14 
127 14 
128 13 
129 16 
130 14 
131 14 
132 14 
133 14 
134 14 
135 15 
136 17 
137 18 
138 16 
139 18 
140 16 
141 18 
142 16 
143 18 
144 19 
145 16 
146 19 
147 16 
148 16 
149 18 
150 18 
151 15 
152 16 
153 17 
154 17 
155 17 
156 17 
157 17 
158 16 
159 21 
160 16 
161 18 
162 19 
163 17 
164 18 
165 17 
166 17 
167 16 
168 15 
169 17 
170 17 
171 17 
172 17 
173 16 
174 17 
175 16 
176 16 
177 17 
178 16 
179 18 
180 16 
