1 3 
2 3 
3 3 
4 3 
5 3 
6 3 
7 3 
8 3 
9 3 
10 3 
11 3 
12 3 
13 3 
14 3 
15 3 
16 3 
17 4 
18 3 
19 3 
20 3 
21 3 
22 3 
23 3 
24 3 
25 3 
26 2 
27 4 
28 2 
29 3 
30 4 
31 3 
32 3 
33 3 
34 3 
35 3 
36 3 
37 3 
38 3 
39 2 
40 3 
41 3 
42 3 
43 3 
44 3 
45 3 
46 4 
47 3 
48 4 
49 5 
50 3 
51 5 
52 5 
53 4 
54 5 
55 3 
56 4 
57 5 
58 4 
59 4 
60 5 
61 3 
62 5 
63 4 
64 4 
65 4 
66 4 
67 3 
68 5 
69 4 
70 4 
71 4 
72 5 
73 3 
74 5 
75 4 
76 4 
77 5 
78 3 
79 5 
80 4 
81 4 
82 3 
83 4 
84 4 
85 5 
86 4 
87 4 
88 4 
89 5 
90 4 
91 5 
92 5 
93 6 
94 5 
95 5 
96 5 
97 4 
98 7 
99 5 
100 6 
101 5 
102 4 
103 4 
104 5 
105 4 
106 5 
107 5 
108 4 
109 5 
110 6 
111 4 
112 5 
113 4 
114 4 
115 6 
116 5 
117 4 
118 5 
119 5 
120 5 
121 4 
122 5 
123 5 
124 6 
125 5 
126 4 
127 5 
128 4 
129 4 
130 5 
131 5 
132 4 
133 5 
134 4 
135 4 
136 7 
137 6 
138 6 
139 7 
140 7 
141 5 
142 7 
143 7 
144 8 
145 6 
146 6 
147 5 
148 7 
149 6 
150 8 
151 4 
152 7 
153 4 
154 6 
155 6 
156 6 
157 6 
158 4 
159 7 
160 5 
161 5 
162 5 
163 5 
164 6 
165 6 
166 6 
167 6 
168 4 
169 6 
170 5 
171 6 
172 6 
173 5 
174 6 
175 5 
176 6 
177 6 
178 5 
179 5 
180 7 
