1 14 25 34 52 23 49 78 64 21 35 47 53 38 76 115 101 27 44 59 73 49 84 113 148 
2 11 23 32 32 25 42 74 74 19 31 45 45 40 61 103 95 20 42 52 66 40 72 111 122 
3 11 24 26 25 25 41 65 61 18 32 45 49 34 65 81 106 18 35 51 57 39 77 98 110 
4 12 21 33 34 31 52 66 66 18 33 48 50 40 82 112 114 24 45 54 68 45 85 146 130 
5 12 22 27 29 24 38 51 87 18 31 42 45 34 56 85 81 20 38 58 58 41 69 100 111 
6 16 25 34 37 26 42 58 84 25 38 45 56 39 78 89 107 24 42 60 72 43 98 114 138 
7 12 20 35 37 23 50 59 65 21 34 42 53 34 71 106 118 23 43 63 71 51 81 111 144 
8 15 20 31 35 21 51 69 76 17 38 47 49 34 71 85 108 25 42 50 73 42 77 113 130 
9 13 19 35 44 28 47 70 71 25 41 55 61 42 65 96 108 25 46 62 68 43 91 129 150 
10 12 23 30 35 27 38 67 86 22 39 51 54 38 65 105 122 23 46 53 71 54 92 134 163 
11 16 28 39 40 37 48 76 78 26 36 53 55 43 72 108 129 28 50 62 76 56 90 154 152 
12 15 27 35 48 27 58 70 88 21 36 60 72 39 72 119 111 34 44 60 79 53 100 115 129 
13 19 25 32 38 24 43 65 90 23 37 46 52 45 76 99 114 27 46 62 66 54 76 106 136 
14 17 26 40 43 28 58 78 73 24 41 65 60 43 82 92 116 29 48 59 77 52 91 135 144 
15 15 25 36 37 38 42 65 92 18 46 51 64 44 67 86 114 22 47 63 67 55 77 110 135 
16 11 20 32 29 16 31 74 51 16 32 34 41 36 57 78 105 19 33 52 57 40 69 96 114 
17 13 18 20 26 18 31 46 60 18 25 42 47 33 65 105 114 18 34 50 48 35 69 103 105 
18 13 20 32 38 19 40 53 65 15 31 39 52 28 54 93 84 25 37 54 67 38 91 105 119 
19 11 16 22 34 19 32 53 73 17 29 37 42 30 57 87 99 18 35 50 52 35 73 94 125 
20 13 19 27 27 19 33 54 52 13 28 35 51 27 51 77 94 22 36 65 57 36 70 104 130 
21 12 18 24 32 19 39 52 78 16 29 35 53 28 54 81 88 21 37 45 55 31 67 104 117 
22 13 21 28 31 17 31 45 59 16 31 42 45 31 57 86 84 20 39 46 60 33 66 86 104 
23 13 26 27 31 24 45 52 62 16 37 40 58 33 70 84 85 19 35 49 54 39 82 104 105 
24 12 20 21 37 21 36 49 68 17 28 44 42 33 55 83 93 21 36 51 68 37 77 100 121 
25 11 20 29 31 29 44 46 70 16 32 41 50 44 56 84 111 21 37 54 64 39 69 97 116 
26 11 24 25 38 23 44 56 66 19 29 43 52 32 65 88 96 21 34 51 65 43 78 104 124 
27 12 25 28 33 22 42 82 77 16 31 42 51 39 64 87 104 21 38 53 68 42 81 105 131 
28 15 20 37 29 21 37 79 77 18 34 47 52 30 66 99 93 21 39 56 68 49 79 113 129 
29 11 19 27 28 23 41 51 97 21 28 39 50 31 59 91 108 20 37 55 65 37 75 114 124 
30 11 20 29 28 21 32 50 61 20 34 42 44 37 63 99 86 26 35 57 54 44 69 114 111 
31 13 15 22 37 22 40 46 47 14 27 33 53 30 58 66 85 17 37 38 46 32 59 84 110 
32 11 15 26 28 20 27 43 63 15 24 42 43 26 58 75 84 21 31 45 52 38 62 92 113 
33 14 19 24 32 16 32 61 68 18 28 38 54 32 52 73 97 20 31 51 53 38 68 104 116 
34 11 16 27 27 18 31 60 58 15 27 42 47 30 59 70 97 19 34 44 60 37 67 102 130 
35 13 15 33 36 16 32 59 65 17 26 54 51 29 54 77 109 21 40 52 72 35 76 93 110 
36 9 19 27 33 19 49 65 55 16 30 36 50 27 51 83 94 19 36 60 69 44 72 99 113 
37 9 20 23 33 23 30 48 54 16 29 40 45 25 48 86 79 19 32 47 51 35 58 97 105 
38 11 24 29 38 20 36 64 66 15 28 43 44 33 56 75 114 22 32 51 57 36 67 99 121 
39 10 17 36 28 22 32 49 59 18 27 44 44 34 55 73 102 18 37 48 51 39 60 91 110 
40 10 20 27 28 23 35 47 54 15 28 36 47 27 53 74 91 20 35 44 54 32 69 95 108 
41 10 17 25 27 23 48 49 69 16 27 39 40 30 55 86 90 22 35 56 57 39 69 99 103 
42 13 21 30 32 22 43 56 63 19 33 43 57 36 59 83 105 21 36 52 65 44 77 111 127 
43 12 23 30 37 19 39 57 72 18 36 54 45 28 56 84 97 20 39 52 67 39 82 98 125 
44 12 21 25 32 17 32 44 67 17 27 40 38 31 56 78 91 17 32 49 66 42 64 116 111 
45 10 19 30 51 19 41 46 56 19 29 41 46 32 56 81 88 19 44 50 64 39 67 117 120 
46 15 18 22 27 18 37 46 54 18 28 32 40 27 52 66 82 17 28 42 54 29 68 89 114 
47 9 18 24 28 16 28 45 59 13 22 34 40 33 55 63 83 19 31 38 50 32 57 100 91 
48 15 19 32 26 17 35 49 53 17 34 36 47 26 59 84 89 21 34 46 48 32 73 104 98 
49 10 18 29 23 17 25 51 64 16 29 35 48 29 58 68 80 17 32 41 45 36 67 76 108 
50 12 22 23 27 16 29 45 61 16 26 38 49 28 53 81 93 19 38 48 57 35 65 90 110 
51 13 19 26 28 18 41 60 69 15 27 41 49 25 57 82 95 22 31 48 50 38 63 103 108 
52 10 15 25 23 16 43 43 61 14 25 40 48 27 51 75 95 20 29 44 57 29 64 77 114 
53 10 16 24 42 23 40 61 55 13 31 44 44 33 61 98 87 19 30 48 50 36 74 100 105 
54 10 24 29 30 22 47 54 71 18 26 38 45 26 60 70 87 20 33 48 72 40 70 89 106 
55 11 19 24 25 19 41 58 56 14 32 34 41 27 57 80 77 17 34 50 56 36 59 88 121 
56 9 21 24 39 20 38 48 57 19 27 37 46 29 59 76 110 19 33 50 55 43 63 99 103 
57 12 19 26 33 17 43 54 88 15 30 43 44 45 56 90 95 18 35 53 58 39 80 100 116 
58 12 22 27 42 21 37 49 60 16 32 41 47 28 65 88 92 23 36 54 62 36 66 98 129 
59 11 21 31 27 18 33 54 54 16 33 42 54 25 52 72 86 19 33 56 61 33 74 93 106 
60 10 16 24 29 19 36 48 47 16 27 37 42 25 57 84 91 17 33 44 54 34 76 98 97 
