1 22 
2 15 
3 19 
4 14 
5 16 
6 16 
7 19 
8 15 
9 19 
10 15 
11 18 
12 19 
13 18 
14 19 
15 20 
16 17 
17 16 
18 16 
19 21 
20 18 
21 18 
22 17 
23 16 
24 18 
25 17 
26 17 
27 17 
28 16 
29 16 
30 20 
31 22 
32 16 
33 16 
34 18 
35 20 
36 20 
37 18 
38 15 
39 18 
40 16 
41 17 
42 16 
43 18 
44 17 
45 19 
46 17 
47 19 
48 15 
49 18 
50 16 
51 16 
52 18 
53 16 
54 17 
55 22 
56 16 
57 15 
58 20 
59 18 
60 18 
61 16 
62 13 
63 18 
64 19 
65 18 
66 15 
67 16 
68 21 
69 15 
70 16 
71 15 
72 15 
73 18 
74 14 
75 18 
76 16 
77 19 
78 16 
79 19 
80 15 
81 17 
82 18 
83 15 
84 18 
85 19 
86 20 
87 16 
88 16 
89 16 
90 17 
91 18 
92 16 
93 16 
94 15 
95 16 
96 15 
97 13 
98 17 
99 18 
100 18 
101 17 
102 15 
103 15 
104 15 
105 14 
106 19 
107 17 
108 20 
109 15 
110 15 
111 17 
112 14 
113 15 
114 15 
115 16 
116 17 
117 17 
118 14 
119 14 
120 16 
121 16 
122 16 
123 16 
124 16 
125 20 
126 17 
127 18 
128 15 
129 19 
130 20 
131 15 
132 17 
133 16 
134 16 
135 18 
136 21 
137 15 
138 16 
139 14 
140 16 
141 18 
142 13 
143 17 
144 15 
145 16 
146 18 
147 14 
148 17 
149 16 
150 15 
151 16 
152 14 
153 17 
154 16 
155 17 
156 14 
157 17 
158 16 
159 17 
160 15 
161 19 
162 18 
163 18 
164 16 
165 17 
166 16 
167 17 
168 14 
169 19 
170 16 
171 19 
172 20 
173 20 
174 14 
175 15 
176 16 
177 19 
178 17 
179 16 
180 19 
