1 18 
2 15 
3 16 
4 13 
5 18 
6 19 
7 16 
8 15 
9 19 
10 16 
11 18 
12 21 
13 20 
14 16 
15 21 
16 14 
17 15 
18 16 
19 17 
20 18 
21 16 
22 18 
23 16 
24 18 
25 16 
26 16 
27 19 
28 20 
29 18 
30 16 
31 19 
32 18 
33 22 
34 18 
35 18 
36 15 
37 18 
38 19 
39 17 
40 19 
41 17 
42 21 
43 19 
44 17 
45 20 
46 17 
47 19 
48 15 
49 20 
50 15 
51 17 
52 18 
53 14 
54 22 
55 13 
56 15 
57 13 
58 17 
59 17 
60 18 
61 16 
62 15 
63 17 
64 17 
65 20 
66 16 
67 16 
68 16 
69 18 
70 15 
71 15 
72 15 
73 19 
74 17 
75 16 
76 17 
77 19 
78 20 
79 19 
80 15 
81 16 
82 14 
83 17 
84 21 
85 14 
86 20 
87 16 
88 20 
89 17 
90 18 
91 16 
92 15 
93 18 
94 16 
95 15 
96 16 
97 13 
98 16 
99 17 
100 19 
101 14 
102 15 
103 14 
104 16 
105 13 
106 21 
107 18 
108 18 
109 14 
110 16 
111 17 
112 15 
113 15 
114 15 
115 19 
116 20 
117 15 
118 19 
119 17 
120 15 
121 16 
122 15 
123 18 
124 17 
125 15 
126 16 
127 21 
128 18 
129 16 
130 18 
131 19 
132 17 
133 18 
134 17 
135 15 
136 16 
137 16 
138 15 
139 16 
140 17 
141 18 
142 16 
143 15 
144 15 
145 17 
146 16 
147 15 
148 18 
149 18 
150 17 
151 15 
152 16 
153 17 
154 14 
155 15 
156 14 
157 17 
158 14 
159 19 
160 14 
161 18 
162 16 
163 17 
164 16 
165 16 
166 18 
167 13 
168 16 
169 16 
170 13 
171 15 
172 15 
173 16 
174 17 
175 16 
176 17 
177 17 
178 17 
179 16 
180 15 
