1 19 
2 17 
3 17 
4 16 
5 18 
6 14 
7 20 
8 15 
9 17 
10 16 
11 15 
12 18 
13 18 
14 18 
15 24 
16 17 
17 18 
18 20 
19 14 
20 17 
21 17 
22 15 
23 18 
24 15 
25 17 
26 19 
27 18 
28 18 
29 16 
30 18 
31 23 
32 18 
33 26 
34 16 
35 19 
36 16 
37 20 
38 18 
39 18 
40 20 
41 16 
42 20 
43 14 
44 19 
45 20 
46 19 
47 16 
48 17 
49 18 
50 16 
51 14 
52 17 
53 16 
54 17 
55 15 
56 16 
57 13 
58 18 
59 15 
60 22 
61 15 
62 13 
63 17 
64 15 
65 14 
66 14 
67 17 
68 19 
69 19 
70 17 
71 14 
72 17 
73 17 
74 18 
75 16 
76 17 
77 20 
78 18 
79 18 
80 15 
81 17 
82 17 
83 17 
84 17 
85 15 
86 18 
87 22 
88 20 
89 14 
90 22 
91 18 
92 16 
93 19 
94 17 
95 14 
96 15 
97 15 
98 18 
99 15 
100 19 
101 14 
102 15 
103 16 
104 14 
105 14 
106 16 
107 19 
108 16 
109 13 
110 13 
111 18 
112 15 
113 15 
114 16 
115 16 
116 17 
117 15 
118 16 
119 13 
120 16 
121 14 
122 15 
123 17 
124 17 
125 14 
126 16 
127 19 
128 15 
129 21 
130 20 
131 18 
132 18 
133 16 
134 17 
135 16 
136 17 
137 18 
138 15 
139 15 
140 19 
141 19 
142 14 
143 15 
144 15 
145 16 
146 16 
147 18 
148 17 
149 15 
150 16 
151 18 
152 17 
153 18 
154 17 
155 16 
156 15 
157 16 
158 15 
159 21 
160 16 
161 19 
162 18 
163 17 
164 17 
165 16 
166 19 
167 16 
168 16 
169 17 
170 19 
171 18 
172 22 
173 17 
174 16 
175 19 
176 17 
177 15 
178 15 
179 17 
180 18 
