1 361 
2 399 
3 365 
4 389 
5 362 
6 416 
7 349 
8 323 
9 377 
10 352 
11 328 
12 371 
13 331 
14 343 
15 341 
16 427 
17 444 
18 417 
19 438 
20 402 
21 380 
22 475 
23 492 
24 452 
25 393 
26 378 
27 378 
28 427 
29 372 
30 405 
31 531 
32 429 
33 435 
34 371 
35 423 
36 483 
37 420 
38 464 
39 472 
40 483 
41 463 
42 378 
43 486 
44 506 
45 476 
46 288 
47 344 
48 377 
49 317 
50 289 
51 305 
52 332 
53 258 
54 317 
55 297 
56 271 
57 333 
58 355 
59 328 
60 352 
61 349 
62 401 
63 309 
64 428 
65 311 
66 393 
67 361 
68 382 
69 416 
70 326 
71 338 
72 420 
73 374 
74 399 
75 362 
76 331 
77 364 
78 445 
79 415 
80 326 
81 337 
82 397 
83 363 
84 414 
85 382 
86 358 
87 419 
88 354 
89 398 
90 346 
91 321 
92 324 
93 300 
94 330 
95 329 
96 286 
97 352 
98 350 
99 319 
100 341 
101 268 
102 240 
103 313 
104 267 
105 305 
106 310 
107 345 
108 400 
109 339 
110 313 
111 307 
112 339 
113 324 
114 311 
115 299 
116 312 
117 286 
118 334 
119 387 
120 359 
121 387 
122 328 
123 427 
124 406 
125 332 
126 452 
127 396 
128 365 
129 291 
130 406 
131 413 
132 373 
133 369 
134 327 
135 391 
136 279 
137 349 
138 346 
139 375 
140 294 
141 298 
142 338 
143 274 
144 320 
145 304 
146 303 
147 278 
148 393 
149 323 
150 306 
151 329 
152 350 
153 345 
154 429 
155 340 
156 382 
157 359 
158 286 
159 304 
160 361 
161 361 
162 323 
163 330 
164 343 
165 361 
166 408 
167 328 
168 411 
169 302 
170 349 
171 346 
172 313 
173 403 
174 374 
175 337 
176 299 
177 413 
178 349 
179 373 
180 377 
