1 18 
2 14 
3 18 
4 20 
5 14 
6 15 
7 15 
8 13 
9 16 
10 16 
11 15 
12 16 
13 16 
14 19 
15 17 
16 21 
17 14 
18 18 
19 15 
20 18 
21 18 
22 19 
23 19 
24 17 
25 19 
26 15 
27 21 
28 16 
29 16 
30 21 
31 18 
32 18 
33 19 
34 17 
35 20 
36 18 
37 17 
38 16 
39 19 
40 16 
41 19 
42 18 
43 19 
44 21 
45 16 
46 15 
47 18 
48 17 
49 18 
50 15 
51 19 
52 18 
53 14 
54 16 
55 17 
56 14 
57 15 
58 14 
59 14 
60 18 
61 14 
62 16 
63 19 
64 18 
65 21 
66 15 
67 16 
68 18 
69 18 
70 17 
71 14 
72 18 
73 16 
74 22 
75 17 
76 19 
77 16 
78 17 
79 17 
80 20 
81 24 
82 15 
83 16 
84 19 
85 18 
86 21 
87 18 
88 16 
89 19 
90 15 
91 14 
92 21 
93 17 
94 15 
95 16 
96 15 
97 14 
98 18 
99 15 
100 16 
101 20 
102 18 
103 15 
104 15 
105 14 
106 15 
107 14 
108 18 
109 14 
110 17 
111 17 
112 14 
113 18 
114 15 
115 15 
116 15 
117 15 
118 17 
119 15 
120 13 
121 17 
122 16 
123 21 
124 15 
125 17 
126 16 
127 18 
128 15 
129 19 
130 16 
131 18 
132 18 
133 18 
134 16 
135 15 
136 19 
137 17 
138 15 
139 17 
140 16 
141 16 
142 14 
143 18 
144 18 
145 16 
146 18 
147 17 
148 18 
149 15 
150 15 
151 18 
152 15 
153 16 
154 17 
155 16 
156 14 
157 15 
158 15 
159 23 
160 17 
161 19 
162 17 
163 18 
164 17 
165 15 
166 18 
167 19 
168 14 
169 19 
170 15 
171 16 
172 15 
173 20 
174 18 
175 16 
176 18 
177 19 
178 13 
179 20 
180 15 
