1 17 
2 14 
3 18 
4 14 
5 16 
6 17 
7 19 
8 18 
9 17 
10 16 
11 18 
12 16 
13 20 
14 17 
15 15 
16 17 
17 16 
18 18 
19 15 
20 17 
21 19 
22 17 
23 18 
24 16 
25 17 
26 17 
27 17 
28 17 
29 17 
30 18 
31 24 
32 17 
33 19 
34 17 
35 19 
36 19 
37 21 
38 17 
39 21 
40 17 
41 17 
42 19 
43 21 
44 18 
45 16 
46 17 
47 17 
48 15 
49 17 
50 17 
51 15 
52 17 
53 16 
54 18 
55 18 
56 14 
57 15 
58 14 
59 18 
60 17 
61 15 
62 15 
63 16 
64 18 
65 16 
66 15 
67 15 
68 17 
69 20 
70 14 
71 14 
72 15 
73 17 
74 18 
75 15 
76 17 
77 18 
78 20 
79 20 
80 20 
81 15 
82 18 
83 18 
84 18 
85 14 
86 19 
87 17 
88 22 
89 17 
90 17 
91 18 
92 15 
93 15 
94 19 
95 15 
96 14 
97 16 
98 17 
99 16 
100 14 
101 15 
102 17 
103 20 
104 17 
105 14 
106 20 
107 14 
108 16 
109 14 
110 14 
111 17 
112 16 
113 14 
114 16 
115 18 
116 15 
117 17 
118 15 
119 18 
120 14 
121 14 
122 18 
123 19 
124 17 
125 15 
126 17 
127 19 
128 14 
129 19 
130 19 
131 21 
132 17 
133 17 
134 15 
135 17 
136 16 
137 16 
138 15 
139 15 
140 15 
141 15 
142 14 
143 16 
144 15 
145 19 
146 16 
147 15 
148 17 
149 18 
150 14 
151 15 
152 16 
153 15 
154 15 
155 18 
156 16 
157 16 
158 16 
159 18 
160 15 
161 16 
162 18 
163 19 
164 15 
165 16 
166 19 
167 13 
168 14 
169 17 
170 15 
171 18 
172 16 
173 14 
174 16 
175 16 
176 17 
177 15 
178 17 
179 18 
180 15 
