1 767468 
2 739791 
3 560052 
4 823270 
5 703813 
6 634721 
7 651324 
8 667732 
9 599211 
10 704394 
11 749014 
12 608603 
13 633069 
14 650475 
15 705510 
16 627438 
17 681308 
18 795674 
19 650705 
20 807925 
21 606110 
22 636283 
23 681364 
24 691019 
25 699802 
26 711336 
27 777009 
28 767988 
29 638404 
30 653655 
31 676666 
32 672789 
33 894999 
34 879702 
35 807909 
36 610222 
37 766998 
38 877270 
39 772583 
40 772138 
41 624670 
42 770066 
43 806669 
44 719005 
45 786970 
46 719807 
47 695905 
48 553467 
49 708030 
50 654038 
51 602968 
52 568562 
53 633350 
54 615265 
55 605562 
56 607801 
57 556985 
58 666534 
59 697959 
60 722068 
61 561991 
62 629606 
63 612901 
64 650291 
65 686281 
66 676568 
67 701602 
68 639043 
69 625246 
70 629543 
71 596897 
72 628105 
73 738783 
74 652284 
75 567287 
76 560436 
77 629235 
78 752678 
79 643874 
80 725504 
81 584777 
82 587594 
83 721848 
84 666291 
85 661600 
86 648414 
87 750125 
88 704316 
89 690218 
90 606041 
91 634241 
92 654784 
93 558295 
94 537145 
95 550355 
96 621991 
97 556403 
98 593685 
99 618671 
100 562224 
101 507625 
102 620900 
103 594232 
104 528996 
105 620182 
106 601496 
107 785767 
108 692497 
109 642218 
110 618936 
111 597496 
112 585761 
113 557794 
114 599921 
115 708805 
116 644893 
117 605562 
118 546485 
119 585158 
120 606666 
121 576801 
122 737979 
123 644191 
124 754787 
125 568923 
126 583339 
127 668456 
128 682165 
129 591256 
130 549942 
131 644480 
132 656367 
133 532065 
134 558250 
135 644289 
136 568602 
137 570155 
138 530159 
139 640827 
140 538126 
141 529500 
142 565834 
143 593514 
144 592680 
145 557235 
146 608240 
147 531297 
148 575616 
149 608179 
150 542920 
151 642855 
152 596592 
153 681827 
154 596962 
155 615490 
156 580576 
157 534068 
158 529501 
159 649834 
160 566036 
161 587979 
162 568314 
163 521260 
164 668392 
165 571561 
166 618665 
167 632209 
168 622427 
169 594664 
170 578229 
171 528755 
172 560275 
173 663993 
174 635396 
175 589885 
176 619428 
177 631609 
178 594707 
179 552455 
180 654128 
