1 766568 
2 743297 
3 573788 
4 821389 
5 707458 
6 649591 
7 645599 
8 671791 
9 599789 
10 721799 
11 756911 
12 615413 
13 634668 
14 651079 
15 703072 
16 625947 
17 676974 
18 750105 
19 652608 
20 805817 
21 604872 
22 637848 
23 676705 
24 692951 
25 696536 
26 714055 
27 774464 
28 765876 
29 639014 
30 665728 
31 675602 
32 677175 
33 902415 
34 878243 
35 807260 
36 651446 
37 764860 
38 887938 
39 779009 
40 774057 
41 622953 
42 774423 
43 802052 
44 728831 
45 784745 
46 718735 
47 688526 
48 559612 
49 706737 
50 652184 
51 604057 
52 576142 
53 635002 
54 619070 
55 602927 
56 615478 
57 557082 
58 663319 
59 697350 
60 720228 
61 556259 
62 628766 
63 615968 
64 626519 
65 686503 
66 677113 
67 702964 
68 637363 
69 627661 
70 598826 
71 595862 
72 627990 
73 740600 
74 652868 
75 567595 
76 552496 
77 627111 
78 754610 
79 642289 
80 723990 
81 580929 
82 582845 
83 718969 
84 669335 
85 662976 
86 646375 
87 753763 
88 697102 
89 691514 
90 603449 
91 637905 
92 655888 
93 555517 
94 538640 
95 550899 
96 621144 
97 561414 
98 595703 
99 622917 
100 559592 
101 507480 
102 622230 
103 593596 
104 526854 
105 625003 
106 600813 
107 796991 
108 689209 
109 646189 
110 621055 
111 597331 
112 604622 
113 564424 
114 598120 
115 704446 
116 646195 
117 601792 
118 559677 
119 573252 
120 603700 
121 576856 
122 735512 
123 634034 
124 753977 
125 570033 
126 593586 
127 665155 
128 684313 
129 589086 
130 555956 
131 639990 
132 660570 
133 545844 
134 557268 
135 642851 
136 570561 
137 566324 
138 528024 
139 641188 
140 538020 
141 529299 
142 563318 
143 596368 
144 592075 
145 559358 
146 620093 
147 528386 
148 574090 
149 607812 
150 542238 
151 643726 
152 602671 
153 686088 
154 591969 
155 614555 
156 576895 
157 534708 
158 529555 
159 649947 
160 575037 
161 588380 
162 569199 
163 521032 
164 670598 
165 574706 
166 617499 
167 634390 
168 621763 
169 594571 
170 577587 
171 536742 
172 555928 
173 667259 
174 633722 
175 585800 
176 614841 
177 628796 
178 594831 
179 554290 
180 654021 
