1 763812 
2 743509 
3 560301 
4 821444 
5 704036 
6 644157 
7 649779 
8 668024 
9 597428 
10 721685 
11 758672 
12 617926 
13 631980 
14 645667 
15 702276 
16 627246 
17 679561 
18 801450 
19 652804 
20 804049 
21 606787 
22 634245 
23 676705 
24 692898 
25 697805 
26 717678 
27 776409 
28 716482 
29 639351 
30 664391 
31 673078 
32 673715 
33 892892 
34 876035 
35 815191 
36 612902 
37 766487 
38 880074 
39 773185 
40 772930 
41 627001 
42 772444 
43 803033 
44 729076 
45 788219 
46 722535 
47 680124 
48 572312 
49 706511 
50 652921 
51 608260 
52 567065 
53 632223 
54 619236 
55 602050 
56 607017 
57 562329 
58 663946 
59 699352 
60 720214 
61 555126 
62 620386 
63 619251 
64 646452 
65 686806 
66 675946 
67 702673 
68 636618 
69 628432 
70 629738 
71 595354 
72 627489 
73 742348 
74 654396 
75 572303 
76 568259 
77 626783 
78 748459 
79 648213 
80 726219 
81 583580 
82 592618 
83 720696 
84 669036 
85 662640 
86 649999 
87 745996 
88 702135 
89 696166 
90 611016 
91 631787 
92 658788 
93 556281 
94 538734 
95 545750 
96 616331 
97 561704 
98 594788 
99 618550 
100 559643 
101 508030 
102 619180 
103 586726 
104 530050 
105 627090 
106 600076 
107 798362 
108 691924 
109 640534 
110 624218 
111 596687 
112 594115 
113 557178 
114 625780 
115 710146 
116 640409 
117 604218 
118 545158 
119 584504 
120 604570 
121 577050 
122 736599 
123 637123 
124 750627 
125 569701 
126 584889 
127 664648 
128 687081 
129 592589 
130 554598 
131 651546 
132 651481 
133 532170 
134 560466 
135 640886 
136 572328 
137 568262 
138 528998 
139 640170 
140 537582 
141 527115 
142 567654 
143 592214 
144 593074 
145 553130 
146 616424 
147 523429 
148 573230 
149 601113 
150 541950 
151 642562 
152 596134 
153 681987 
154 594595 
155 612656 
156 577722 
157 534945 
158 529514 
159 647746 
160 575690 
161 590021 
162 571309 
163 524853 
164 666119 
165 573470 
166 616831 
167 630800 
168 621358 
169 594713 
170 578845 
171 532517 
172 557509 
173 666578 
174 634957 
175 591028 
176 614679 
177 626631 
178 599189 
179 552319 
180 654585 
