1 770024 
2 736519 
3 560301 
4 824655 
5 705050 
6 643234 
7 645716 
8 670838 
9 598361 
10 728364 
11 754922 
12 614156 
13 631721 
14 651369 
15 704828 
16 626742 
17 672420 
18 744646 
19 654015 
20 803061 
21 603477 
22 633988 
23 679115 
24 696593 
25 702466 
26 717417 
27 777582 
28 773163 
29 639242 
30 654305 
31 675879 
32 680022 
33 902622 
34 881714 
35 808147 
36 601666 
37 764797 
38 881552 
39 771189 
40 774670 
41 626535 
42 774624 
43 740770 
44 733860 
45 789735 
46 718223 
47 687143 
48 556967 
49 703283 
50 647556 
51 604985 
52 570206 
53 635897 
54 614900 
55 603477 
56 606925 
57 559929 
58 663847 
59 696927 
60 724261 
61 558323 
62 621727 
63 618614 
64 645184 
65 689532 
66 678031 
67 703216 
68 634431 
69 628351 
70 594060 
71 596711 
72 623877 
73 741001 
74 658702 
75 569575 
76 573919 
77 625675 
78 750076 
79 642874 
80 726110 
81 583940 
82 591347 
83 721235 
84 663861 
85 661717 
86 646046 
87 750124 
88 701768 
89 702261 
90 609117 
91 632850 
92 655964 
93 557314 
94 537485 
95 546806 
96 620511 
97 558409 
98 594866 
99 626021 
100 562342 
101 505947 
102 620473 
103 595136 
104 529058 
105 622557 
106 602851 
107 788431 
108 692587 
109 642399 
110 618037 
111 595854 
112 604848 
113 555450 
114 614820 
115 706696 
116 646716 
117 601851 
118 545392 
119 589192 
120 604271 
121 579030 
122 737339 
123 632178 
124 752234 
125 567595 
126 585967 
127 666321 
128 684459 
129 589744 
130 555872 
131 641064 
132 659613 
133 546551 
134 561560 
135 640775 
136 568118 
137 569177 
138 531021 
139 639835 
140 537314 
141 528050 
142 568387 
143 595912 
144 591768 
145 556401 
146 608706 
147 524568 
148 577796 
149 599921 
150 540054 
151 644842 
152 601912 
153 681872 
154 592830 
155 614248 
156 581538 
157 532766 
158 529218 
159 649170 
160 569930 
161 585012 
162 565737 
163 525069 
164 671714 
165 575131 
166 617754 
167 632517 
168 625858 
169 595631 
170 577443 
171 528802 
172 559086 
173 674849 
174 633241 
175 591130 
176 613826 
177 632217 
178 595857 
179 551925 
180 657021 
