1 1.11797e+06 
2 1.09057e+06 
3 1.30427e+06 
4 1.32544e+06 
5 1.23926e+06 
6 1.13282e+06 
7 1.18132e+06 
8 1.18455e+06 
9 1.32538e+06 
10 1.26511e+06 
11 1.23894e+06 
12 1.21783e+06 
13 1.19578e+06 
14 1.17816e+06 
15 1.22359e+06 
16 1.11111e+06 
17 1.27384e+06 
18 1.24688e+06 
19 1.19091e+06 
20 1.22892e+06 
21 1.17884e+06 
22 1.2666e+06 
23 1.20943e+06 
24 1.33497e+06 
25 1.35183e+06 
26 1.11596e+06 
27 1.27103e+06 
28 1.24842e+06 
29 1.31209e+06 
30 1.22433e+06 
31 1.36711e+06 
32 1.41119e+06 
33 1.39471e+06 
34 1.38491e+06 
35 1.30679e+06 
36 1.36491e+06 
37 1.31423e+06 
38 1.44564e+06 
39 1.383e+06 
40 1.35416e+06 
41 1.32321e+06 
42 1.21737e+06 
43 1.30962e+06 
44 1.25979e+06 
45 1.32885e+06 
46 1.09431e+06 
47 1.03343e+06 
48 1.03755e+06 
49 1.01881e+06 
50 1.09838e+06 
51 1.10678e+06 
52 1.16203e+06 
53 1.22345e+06 
54 1.04657e+06 
55 1.12149e+06 
56 984587 
57 1.11685e+06 
58 969075 
59 1.10951e+06 
60 1.12261e+06 
61 1.10379e+06 
62 1.12136e+06 
63 1.21688e+06 
64 1.15333e+06 
65 1.1648e+06 
66 1.23733e+06 
67 1.19463e+06 
68 1.19497e+06 
69 1.10955e+06 
70 1.23153e+06 
71 1.11943e+06 
72 1.23929e+06 
73 1.23499e+06 
74 1.22823e+06 
75 1.15104e+06 
76 1.23382e+06 
77 1.09593e+06 
78 1.1319e+06 
79 1.23425e+06 
80 1.22291e+06 
81 1.08162e+06 
82 1.21217e+06 
83 1.20973e+06 
84 1.21213e+06 
85 1.16091e+06 
86 1.06611e+06 
87 1.08757e+06 
88 1.17891e+06 
89 1.15491e+06 
90 1.20389e+06 
91 968145 
92 1.02713e+06 
93 1.08695e+06 
94 1.01011e+06 
95 1.02734e+06 
96 1.12064e+06 
97 1.02065e+06 
98 955486 
99 1.12322e+06 
100 1.13454e+06 
101 963383 
102 1.13302e+06 
103 1.05576e+06 
104 1.06052e+06 
105 1.00245e+06 
106 1.05121e+06 
107 1.23915e+06 
108 1.12478e+06 
109 1.08351e+06 
110 1.14897e+06 
111 1.27673e+06 
112 1.25794e+06 
113 1.07053e+06 
114 1.07585e+06 
115 1.11793e+06 
116 1.11685e+06 
117 1.1216e+06 
118 1.02898e+06 
119 1.07499e+06 
120 1.12365e+06 
121 1.07942e+06 
122 1.21864e+06 
123 1.10376e+06 
124 1.21559e+06 
125 1.16647e+06 
126 1.14856e+06 
127 1.12174e+06 
128 1.14301e+06 
129 1.19575e+06 
130 1.12872e+06 
131 1.29963e+06 
132 1.09852e+06 
133 1.15316e+06 
134 1.0453e+06 
135 1.113e+06 
136 974430 
137 851206 
138 1.02191e+06 
139 1.07748e+06 
140 1.04546e+06 
141 1.13868e+06 
142 902312 
143 1.05699e+06 
144 1.05943e+06 
145 1.05068e+06 
146 1.11912e+06 
147 1.03362e+06 
148 929201 
149 1.00942e+06 
150 1.03296e+06 
151 1.17253e+06 
152 1.08045e+06 
153 904486 
154 1.14714e+06 
155 1.08338e+06 
156 1.10746e+06 
157 1.13157e+06 
158 1.12994e+06 
159 1.00559e+06 
160 1.02233e+06 
161 1.10738e+06 
162 1.07425e+06 
163 1.12454e+06 
164 1.01743e+06 
165 1.0437e+06 
166 1.21043e+06 
167 1.14275e+06 
168 1.11725e+06 
169 1.08052e+06 
170 1.02907e+06 
171 1.17402e+06 
172 1.12258e+06 
173 1.16867e+06 
174 1.20569e+06 
175 1.07492e+06 
176 1.05374e+06 
177 966006 
178 1.23493e+06 
179 1.06138e+06 
180 1.10713e+06 
