1 1.13548e+06 
2 1.08793e+06 
3 1.33254e+06 
4 1.32019e+06 
5 1.24933e+06 
6 1.1664e+06 
7 1.17013e+06 
8 1.17861e+06 
9 1.31605e+06 
10 1.27008e+06 
11 1.24418e+06 
12 1.22067e+06 
13 1.21562e+06 
14 1.17194e+06 
15 1.23016e+06 
16 1.09004e+06 
17 1.26924e+06 
18 1.26067e+06 
19 1.1662e+06 
20 1.23974e+06 
21 1.16465e+06 
22 1.27047e+06 
23 1.22047e+06 
24 1.36984e+06 
25 1.32971e+06 
26 1.13826e+06 
27 1.28445e+06 
28 1.2382e+06 
29 1.28862e+06 
30 1.21142e+06 
31 1.39288e+06 
32 1.40286e+06 
33 1.37342e+06 
34 1.38101e+06 
35 1.30225e+06 
36 1.35193e+06 
37 1.32684e+06 
38 1.46475e+06 
39 1.38383e+06 
40 1.36214e+06 
41 1.30413e+06 
42 1.21112e+06 
43 1.29115e+06 
44 1.28203e+06 
45 1.31739e+06 
46 1.08814e+06 
47 1.06426e+06 
48 1.05693e+06 
49 1.02182e+06 
50 1.06719e+06 
51 1.06919e+06 
52 1.15787e+06 
53 1.20745e+06 
54 1.05697e+06 
55 1.1329e+06 
56 975398 
57 1.09802e+06 
58 978161 
59 1.14513e+06 
60 1.10882e+06 
61 1.10015e+06 
62 1.11065e+06 
63 1.22773e+06 
64 1.16241e+06 
65 1.1247e+06 
66 1.23611e+06 
67 1.1819e+06 
68 1.22941e+06 
69 1.11768e+06 
70 1.21915e+06 
71 1.06252e+06 
72 1.26157e+06 
73 1.22106e+06 
74 1.23979e+06 
75 1.14225e+06 
76 1.22115e+06 
77 1.14413e+06 
78 1.12333e+06 
79 1.22203e+06 
80 1.23447e+06 
81 1.07899e+06 
82 1.17619e+06 
83 1.18658e+06 
84 1.19199e+06 
85 1.14014e+06 
86 1.08767e+06 
87 1.07951e+06 
88 1.15672e+06 
89 1.14276e+06 
90 1.20601e+06 
91 977132 
92 1.042e+06 
93 1.09189e+06 
94 1.0281e+06 
95 1.05072e+06 
96 1.11652e+06 
97 1.02589e+06 
98 938361 
99 1.12531e+06 
100 1.14716e+06 
101 971077 
102 1.15252e+06 
103 1.07492e+06 
104 1.04735e+06 
105 996074 
106 1.06483e+06 
107 1.22272e+06 
108 1.1054e+06 
109 1.08599e+06 
110 1.15199e+06 
111 1.30305e+06 
112 1.2594e+06 
113 1.06784e+06 
114 1.08018e+06 
115 1.11279e+06 
116 1.11773e+06 
117 1.12506e+06 
118 1.02006e+06 
119 1.06538e+06 
120 1.11807e+06 
121 1.0904e+06 
122 1.24785e+06 
123 1.1138e+06 
124 1.25922e+06 
125 1.14041e+06 
126 1.14097e+06 
127 1.12023e+06 
128 1.11609e+06 
129 1.22128e+06 
130 1.12662e+06 
131 1.2954e+06 
132 1.13203e+06 
133 1.15645e+06 
134 1.05079e+06 
135 1.13804e+06 
136 980718 
137 880421 
138 1.02459e+06 
139 1.08095e+06 
140 1.04927e+06 
141 1.13154e+06 
142 900204 
143 1.06086e+06 
144 1.07563e+06 
145 1.02863e+06 
146 1.08845e+06 
147 1.05305e+06 
148 937512 
149 1.01746e+06 
150 1.0299e+06 
151 1.14839e+06 
152 1.09546e+06 
153 891589 
154 1.15924e+06 
155 1.08057e+06 
156 1.11465e+06 
157 1.13273e+06 
158 1.13209e+06 
159 1.05034e+06 
160 1.05816e+06 
161 1.1021e+06 
162 1.07873e+06 
163 1.1213e+06 
164 1.00531e+06 
165 1.06446e+06 
166 1.20281e+06 
167 1.13006e+06 
168 1.14276e+06 
169 1.1034e+06 
170 1.02918e+06 
171 1.13656e+06 
172 1.11927e+06 
173 1.16615e+06 
174 1.24073e+06 
175 1.10152e+06 
176 1.06937e+06 
177 972379 
178 1.2424e+06 
179 1.04628e+06 
180 1.14842e+06 
