1 1.10575e+06 
2 1.09113e+06 
3 1.30965e+06 
4 1.28594e+06 
5 1.23385e+06 
6 1.13892e+06 
7 1.18467e+06 
8 1.18679e+06 
9 1.32832e+06 
10 1.22513e+06 
11 1.2494e+06 
12 1.23528e+06 
13 1.19579e+06 
14 1.16552e+06 
15 1.21789e+06 
16 1.10199e+06 
17 1.26967e+06 
18 1.26041e+06 
19 1.16093e+06 
20 1.22458e+06 
21 1.18976e+06 
22 1.28e+06 
23 1.21224e+06 
24 1.37538e+06 
25 1.34296e+06 
26 1.13231e+06 
27 1.26934e+06 
28 1.26056e+06 
29 1.29904e+06 
30 1.2177e+06 
31 1.38765e+06 
32 1.43479e+06 
33 1.36883e+06 
34 1.37315e+06 
35 1.29406e+06 
36 1.35388e+06 
37 1.33038e+06 
38 1.46421e+06 
39 1.39392e+06 
40 1.39426e+06 
41 1.32487e+06 
42 1.18365e+06 
43 1.32603e+06 
44 1.25978e+06 
45 1.33888e+06 
46 1.06054e+06 
47 1.04139e+06 
48 1.07224e+06 
49 1.00956e+06 
50 1.09113e+06 
51 1.08863e+06 
52 1.15497e+06 
53 1.23056e+06 
54 1.07119e+06 
55 1.13387e+06 
56 969280 
57 1.10541e+06 
58 989347 
59 1.12017e+06 
60 1.11042e+06 
61 1.12325e+06 
62 1.12346e+06 
63 1.23469e+06 
64 1.1578e+06 
65 1.16069e+06 
66 1.22311e+06 
67 1.18305e+06 
68 1.21139e+06 
69 1.11006e+06 
70 1.20672e+06 
71 1.11432e+06 
72 1.26644e+06 
73 1.2109e+06 
74 1.23505e+06 
75 1.18393e+06 
76 1.22531e+06 
77 1.10445e+06 
78 1.12714e+06 
79 1.23558e+06 
80 1.22169e+06 
81 1.08701e+06 
82 1.1846e+06 
83 1.22392e+06 
84 1.18531e+06 
85 1.14702e+06 
86 1.07291e+06 
87 1.07397e+06 
88 1.14739e+06 
89 1.14529e+06 
90 1.19242e+06 
91 991413 
92 1.03864e+06 
93 1.08852e+06 
94 1.02574e+06 
95 1.05723e+06 
96 1.10736e+06 
97 1.01976e+06 
98 941337 
99 1.10174e+06 
100 1.13166e+06 
101 982570 
102 1.11966e+06 
103 1.07999e+06 
104 1.03295e+06 
105 994296 
106 1.01931e+06 
107 1.2238e+06 
108 1.12487e+06 
109 1.10527e+06 
110 1.16026e+06 
111 1.29056e+06 
112 1.21952e+06 
113 1.07348e+06 
114 1.07868e+06 
115 1.11682e+06 
116 1.11651e+06 
117 1.10444e+06 
118 1.01346e+06 
119 1.09195e+06 
120 1.13071e+06 
121 1.08017e+06 
122 1.22799e+06 
123 1.1087e+06 
124 1.24306e+06 
125 1.19378e+06 
126 1.16193e+06 
127 1.13235e+06 
128 1.14211e+06 
129 1.22734e+06 
130 1.10908e+06 
131 1.31403e+06 
132 1.10251e+06 
133 1.12054e+06 
134 1.06404e+06 
135 1.14168e+06 
136 972738 
137 882678 
138 1.01998e+06 
139 1.07279e+06 
140 1.04786e+06 
141 1.13629e+06 
142 898335 
143 1.05176e+06 
144 1.08229e+06 
145 1.02877e+06 
146 1.12875e+06 
147 1.06996e+06 
148 941543 
149 1.02147e+06 
150 1.03355e+06 
151 1.16969e+06 
152 1.08844e+06 
153 899102 
154 1.1675e+06 
155 1.07883e+06 
156 1.10139e+06 
157 1.13704e+06 
158 1.13101e+06 
159 1.02151e+06 
160 1.03101e+06 
161 1.10868e+06 
162 1.11716e+06 
163 1.13285e+06 
164 1.00787e+06 
165 1.06537e+06 
166 1.2074e+06 
167 1.14522e+06 
168 1.11231e+06 
169 1.09699e+06 
170 1.00962e+06 
171 1.13963e+06 
172 1.11389e+06 
173 1.16751e+06 
174 1.20966e+06 
175 1.07724e+06 
176 1.06394e+06 
177 930859 
178 1.2207e+06 
179 1.0872e+06 
180 1.12488e+06 
