1 1.10522e+06 
2 1.09392e+06 
3 1.32813e+06 
4 1.31614e+06 
5 1.26272e+06 
6 1.15156e+06 
7 1.17023e+06 
8 1.19417e+06 
9 1.31017e+06 
10 1.2499e+06 
11 1.23768e+06 
12 1.22053e+06 
13 1.20836e+06 
14 1.18112e+06 
15 1.22257e+06 
16 1.09478e+06 
17 1.28548e+06 
18 1.25774e+06 
19 1.1853e+06 
20 1.21597e+06 
21 1.17193e+06 
22 1.29294e+06 
23 1.20229e+06 
24 1.3603e+06 
25 1.3572e+06 
26 1.14169e+06 
27 1.26645e+06 
28 1.24697e+06 
29 1.27988e+06 
30 1.21973e+06 
31 1.38134e+06 
32 1.42146e+06 
33 1.38891e+06 
34 1.37442e+06 
35 1.29597e+06 
36 1.35772e+06 
37 1.32089e+06 
38 1.46109e+06 
39 1.41026e+06 
40 1.35208e+06 
41 1.34479e+06 
42 1.18702e+06 
43 1.30841e+06 
44 1.2688e+06 
45 1.32191e+06 
46 1.08982e+06 
47 1.04686e+06 
48 1.06205e+06 
49 1.00713e+06 
50 1.09844e+06 
51 1.10165e+06 
52 1.15876e+06 
53 1.22687e+06 
54 1.08584e+06 
55 1.14206e+06 
56 994701 
57 1.09158e+06 
58 984546 
59 1.12714e+06 
60 1.13013e+06 
61 1.14014e+06 
62 1.12892e+06 
63 1.25627e+06 
64 1.15204e+06 
65 1.15714e+06 
66 1.21921e+06 
67 1.17988e+06 
68 1.2191e+06 
69 1.13682e+06 
70 1.21169e+06 
71 1.10337e+06 
72 1.24866e+06 
73 1.2552e+06 
74 1.25149e+06 
75 1.16139e+06 
76 1.21788e+06 
77 1.13864e+06 
78 1.05991e+06 
79 1.24032e+06 
80 1.23679e+06 
81 1.09446e+06 
82 1.20707e+06 
83 1.24488e+06 
84 1.18297e+06 
85 1.15289e+06 
86 1.06839e+06 
87 1.05941e+06 
88 1.16484e+06 
89 1.13603e+06 
90 1.17431e+06 
91 984918 
92 1.04746e+06 
93 1.11167e+06 
94 1.00164e+06 
95 1.05202e+06 
96 1.09973e+06 
97 1.00164e+06 
98 950531 
99 1.11036e+06 
100 1.1254e+06 
101 968694 
102 1.15845e+06 
103 1.04529e+06 
104 1.06245e+06 
105 1.0109e+06 
106 1.04323e+06 
107 1.23506e+06 
108 1.1354e+06 
109 1.10796e+06 
110 1.13421e+06 
111 1.29459e+06 
112 1.27778e+06 
113 1.05473e+06 
114 1.06865e+06 
115 1.11964e+06 
116 1.12023e+06 
117 1.11583e+06 
118 1.02216e+06 
119 1.04388e+06 
120 1.11308e+06 
121 1.10361e+06 
122 1.1834e+06 
123 1.08455e+06 
124 1.2518e+06 
125 1.17023e+06 
126 1.18297e+06 
127 1.11816e+06 
128 1.12543e+06 
129 1.20424e+06 
130 1.10016e+06 
131 1.27258e+06 
132 1.10425e+06 
133 1.16496e+06 
134 1.07161e+06 
135 1.10177e+06 
136 977843 
137 890797 
138 1.01666e+06 
139 1.07328e+06 
140 1.03459e+06 
141 1.14695e+06 
142 911508 
143 1.04738e+06 
144 1.0841e+06 
145 1.00126e+06 
146 1.13158e+06 
147 1.06944e+06 
148 932285 
149 992386 
150 1.02887e+06 
151 1.16246e+06 
152 1.07475e+06 
153 912153 
154 1.18075e+06 
155 1.08185e+06 
156 1.10745e+06 
157 1.11019e+06 
158 1.14676e+06 
159 1.02428e+06 
160 1.03555e+06 
161 1.09314e+06 
162 1.08218e+06 
163 1.1468e+06 
164 1.00922e+06 
165 1.07798e+06 
166 1.2178e+06 
167 1.14332e+06 
168 1.13675e+06 
169 1.07474e+06 
170 1.02225e+06 
171 1.16242e+06 
172 1.11654e+06 
173 1.15786e+06 
174 1.23854e+06 
175 1.07076e+06 
176 1.06231e+06 
177 970143 
178 1.21756e+06 
179 1.08074e+06 
180 1.13015e+06 
