1 689159 685027 690521 682343 680278 680423 676425 677797 678687 
2 719071 724992 734069 726749 710439 722693 709743 711772 719392 
3 765963 751233 763323 751495 744716 731367 750598 723027 730879 
4 714941 704963 704628 709210 705314 701710 708003 704166 699550 
5 701652 707928 700877 674184 702002 698115 686778 692112 705635 
6 779382 759271 776528 773015 774277 759831 766079 769708 770515 
7 783508 785821 778230 755388 765670 750999 766324 760506 771731 
8 668727 650153 662934 644495 662410 678319 663453 665646 645910 
9 585579 585946 609735 586730 591571 614806 602812 603735 593109 
10 604838 613844 599006 580325 598749 582012 593312 595919 596050 
11 877369 864114 881540 862719 852664 859342 853169 855140 860012 
12 722072 710506 702520 726250 717916 713798 715892 707201 709347 
13 747788 737560 752734 751707 752229 745448 734086 742332 737949 
14 899544 917242 920400 907307 899394 896078 867500 888482 886512 
15 742810 783832 746282 761640 770518 784434 740872 770860 761136 
16 541958 542580 539907 529389 542771 539855 540453 545337 537911 
17 662887 656698 650337 645997 642825 643334 645045 638834 642532 
18 551720 567585 558847 552625 576609 550200 568936 562897 548059 
19 637191 634528 636406 640155 645242 638006 635423 633706 634524 
20 626914 625936 622558 624992 621142 620041 616980 619179 621368 
21 698195 719291 677067 698673 712499 694965 691715 697241 680645 
22 688731 692776 696262 695809 692403 689651 695085 688965 682985 
23 628840 627466 613864 625888 634086 615670 614456 598296 633407 
24 709380 695878 696175 692339 682782 691889 681306 687773 685825 
25 735912 708047 734449 718111 701192 719528 700830 713409 718095 
26 737791 738737 716831 709458 719532 708322 725243 718567 716361 
27 736308 743707 715486 721806 712396 740765 735972 737866 732443 
28 734393 711344 725932 719507 720377 708353 720912 723772 691868 
29 692622 725712 690980 712457 700108 705324 693412 690398 690371 
30 736202 752963 724886 748280 739930 727062 742648 759467 755575 
31 580558 581880 576780 564288 570730 578493 567165 566645 568474 
32 615118 612301 610835 612405 604500 608361 609043 611852 604435 
33 609087 613908 603556 603682 601360 613152 600343 597538 596975 
34 541189 549045 550060 536328 542298 541415 547313 540030 547005 
35 516385 511899 504374 504464 502043 503809 514223 502815 511415 
36 593626 581436 584211 586916 581770 591852 592854 568499 585969 
37 573822 580212 566833 570620 566590 576221 560741 570363 567813 
38 563540 570896 558217 557698 541541 573548 542118 537968 543775 
39 590217 612179 614098 592190 609603 593586 610099 604639 590560 
40 527979 526048 557992 534449 540025 524830 526510 530795 519788 
41 727821 730048 717604 714460 724046 735286 732563 724201 701946 
42 588338 603524 580163 566846 580900 558431 563691 561460 574392 
43 607065 588198 589798 604342 609064 597750 599990 612296 590972 
44 646386 646252 641020 637132 628996 631354 625921 638042 640315 
45 584622 599775 601974 589448 587271 597634 589358 586734 588834 
46 602609 589159 594426 595075 594238 600436 590791 582313 585969 
47 631850 640116 631897 627195 621846 633856 637531 628745 624030 
48 573936 579732 571524 569141 578896 572225 569429 575836 577540 
49 533033 537321 542347 520881 530763 523000 518882 526411 525928 
50 671877 666746 667860 665944 659266 665495 665633 659320 669090 
51 661283 646449 663490 657912 659368 651697 660318 654726 658534 
52 636295 632021 648416 635080 634298 639953 628384 632396 634559 
53 598692 611051 606532 593182 596508 601380 603628 593853 586939 
54 593372 589032 583041 589503 592033 591051 585388 587536 587906 
55 560799 574837 559733 563301 556948 569493 558070 560464 563569 
56 670723 667718 670893 667444 679610 662478 668548 635967 662817 
57 618107 615050 605618 607331 605377 606247 605401 608584 603038 
58 565907 575728 563517 546074 560904 544603 546672 549737 553823 
59 573592 599586 572309 589043 585778 576954 591770 572123 581072 
60 672522 677153 666504 663349 675691 675366 674405 667129 664048 
