1 692163 695020 677863 684714 688756 679341 679202 681131 671270 
2 726354 728995 734299 727490 727721 724540 717289 723886 725269 
3 764107 754685 763762 746298 743951 760615 750697 742284 724301 
4 712007 716018 708306 713968 717948 707911 711484 688585 717132 
5 699178 708041 698837 698307 697703 697418 689736 695243 684873 
6 773784 773181 786744 771463 762033 782091 766108 776509 768797 
7 783665 782161 769281 755920 764293 785140 753544 762421 771431 
8 655420 665164 673284 673169 660212 650989 649833 660215 654564 
9 614571 599066 611444 610307 600679 600209 605618 599070 592679 
10 586560 587611 612114 578333 590111 582339 612908 594947 592990 
11 850547 903408 862177 858913 865573 856932 870577 863291 852862 
12 715441 733779 720461 714036 712660 702183 714755 701420 713906 
13 760516 755382 750862 742566 733226 739251 733990 742928 742876 
14 912630 883053 908664 886513 899192 915655 885382 895827 898753 
15 780544 791070 780967 782713 766685 763560 747128 777650 768075 
16 534658 547366 541134 545651 547683 544859 525458 533928 534250 
17 642270 649550 649793 647879 652720 648736 644924 640683 640370 
18 559413 576564 559268 546590 546990 545219 551953 552185 554239 
19 635163 636192 639622 640855 651116 628769 637577 639878 640025 
20 632194 616755 624935 613612 611381 625425 619758 626903 621185 
21 714554 709045 706953 685342 678855 687005 679901 696210 716322 
22 687249 707184 703500 693351 696718 676105 681518 689647 684253 
23 621499 630048 623034 604382 633125 629549 594119 600245 606484 
24 714996 710232 705138 696172 704933 676257 688295 692958 684945 
25 729402 728786 705781 737303 731926 706755 717843 706428 712277 
26 727939 717882 736599 717512 716830 710711 695878 731866 706292 
27 730098 726778 724670 730753 733298 734837 725260 727453 723692 
28 729089 723860 720487 706252 703033 727977 713689 704435 730504 
29 708836 707156 701411 703616 699835 698488 707869 688392 702356 
30 750206 748387 757810 742431 762801 720239 745836 738592 736706 
31 566778 560058 572190 568243 579994 562890 573552 569665 576049 
32 610998 617463 602183 606068 615468 610409 612038 614598 608747 
33 598367 611862 612057 608681 598665 600780 608104 607792 610888 
34 550433 542431 541243 535218 550695 549306 534523 531203 538235 
35 518736 514206 520894 503634 505395 512226 511014 513344 514098 
36 567222 590667 582426 574599 592914 591537 563038 588208 590499 
37 576699 568659 567684 574818 568816 563083 574979 570530 561341 
38 553672 576988 573336 552493 548827 548966 553090 549714 552413 
39 595378 607727 611784 590036 606040 596546 594229 579463 609499 
40 530650 533953 527465 540518 540498 525708 535746 537749 526578 
41 718690 715789 724263 716105 726279 716664 725302 719585 720740 
42 586527 587869 575936 577496 589681 565417 577318 576986 575792 
43 606860 604955 608421 614602 598862 595021 600053 585431 612366 
44 622675 646312 646530 634749 643516 629250 641197 614760 631415 
45 608478 594273 595941 600866 601828 608096 597416 585366 594441 
46 600297 591685 603390 595649 595278 589575 589295 581951 582992 
47 629946 637772 643773 633859 626483 630071 633359 629983 623129 
48 574925 566405 569450 581980 577120 563621 572405 577762 566179 
49 541199 534968 531507 534725 529761 531811 528825 522989 527200 
50 670950 667688 669147 670243 657888 666590 662041 669152 665485 
51 653977 656237 655358 648910 649746 655963 660534 663911 656260 
52 642930 625407 630097 632457 640596 645717 638279 633683 640675 
53 599317 589728 601954 606206 587966 589300 595672 595619 596886 
54 590362 594592 577620 586087 583545 585037 585137 583636 587832 
55 566129 561285 568111 561801 573009 559372 563446 566764 559820 
56 682839 656468 682818 651255 657533 658060 653707 668684 667579 
57 611166 613820 631368 605744 619411 613630 606228 611701 619366 
58 554803 570084 573684 549478 557317 553275 541938 571022 555876 
59 596089 607198 588500 601109 586293 583137 584552 574052 581082 
60 659691 670704 670225 659492 677491 664282 658231 670784 650812 
