1 8 
2 10 
3 9 
4 9 
5 8 
6 9 
7 8 
8 9 
9 8 
10 9 
11 8 
12 10 
13 9 
14 9 
15 8 
16 9 
17 8 
18 8 
19 8 
20 8 
21 8 
22 9 
23 9 
24 8 
25 9 
26 8 
27 9 
28 8 
29 10 
30 8 
31 9 
32 9 
33 8 
34 9 
35 9 
36 8 
37 8 
38 8 
39 8 
40 8 
41 9 
42 9 
43 8 
44 8 
45 9 
46 12 
47 12 
48 11 
49 12 
50 12 
51 11 
52 12 
53 13 
54 13 
55 11 
56 12 
57 11 
58 11 
59 12 
60 12 
61 12 
62 11 
63 12 
64 12 
65 13 
66 10 
67 12 
68 13 
69 12 
70 12 
71 12 
72 13 
73 12 
74 12 
75 13 
76 11 
77 12 
78 12 
79 12 
80 10 
81 12 
82 11 
83 12 
84 12 
85 11 
86 11 
87 13 
88 13 
89 11 
90 14 
91 14 
92 14 
93 15 
94 15 
95 16 
96 14 
97 14 
98 14 
99 16 
100 16 
101 14 
102 15 
103 14 
104 16 
105 13 
106 14 
107 15 
108 13 
109 14 
110 14 
111 15 
112 14 
113 15 
114 13 
115 15 
116 14 
117 14 
118 14 
119 14 
120 13 
121 13 
122 16 
123 14 
124 15 
125 14 
126 13 
127 14 
128 15 
129 14 
130 14 
131 12 
132 15 
133 14 
134 15 
135 13 
136 19 
137 16 
138 14 
139 18 
140 16 
141 19 
142 16 
143 16 
144 18 
145 18 
146 16 
147 19 
148 17 
149 17 
150 20 
151 16 
152 17 
153 15 
154 18 
155 16 
156 17 
157 16 
158 18 
159 17 
160 16 
161 17 
162 17 
163 17 
164 18 
165 17 
166 16 
167 17 
168 15 
169 16 
170 17 
171 17 
172 16 
173 15 
174 18 
175 15 
176 15 
177 18 
178 16 
179 16 
180 17 
