1 8 
2 7 
3 7 
4 8 
5 7 
6 7 
7 7 
8 7 
9 7 
10 7 
11 9 
12 7 
13 8 
14 8 
15 7 
16 7 
17 7 
18 8 
19 7 
20 7 
21 8 
22 8 
23 7 
24 7 
25 7 
26 7 
27 8 
28 7 
29 7 
30 8 
31 7 
32 7 
33 8 
34 7 
35 8 
36 6 
37 8 
38 7 
39 7 
40 6 
41 8 
42 7 
43 7 
44 7 
45 8 
46 10 
47 11 
48 9 
49 11 
50 9 
51 11 
52 11 
53 10 
54 10 
55 11 
56 11 
57 9 
58 11 
59 9 
60 11 
61 11 
62 10 
63 10 
64 10 
65 9 
66 10 
67 10 
68 9 
69 10 
70 10 
71 10 
72 11 
73 10 
74 10 
75 10 
76 10 
77 11 
78 9 
79 10 
80 10 
81 9 
82 9 
83 9 
84 10 
85 10 
86 11 
87 10 
88 10 
89 10 
90 9 
91 12 
92 12 
93 13 
94 13 
95 12 
96 13 
97 11 
98 12 
99 12 
100 12 
101 12 
102 13 
103 12 
104 12 
105 12 
106 13 
107 12 
108 11 
109 12 
110 12 
111 12 
112 11 
113 12 
114 12 
115 12 
116 11 
117 12 
118 11 
119 12 
120 11 
121 12 
122 11 
123 12 
124 12 
125 12 
126 11 
127 12 
128 10 
129 12 
130 12 
131 11 
132 12 
133 13 
134 12 
135 11 
136 15 
137 15 
138 15 
139 15 
140 14 
141 15 
142 15 
143 14 
144 16 
145 14 
146 15 
147 15 
148 14 
149 14 
150 16 
151 12 
152 15 
153 14 
154 15 
155 14 
156 16 
157 14 
158 13 
159 14 
160 15 
161 15 
162 15 
163 13 
164 13 
165 14 
166 15 
167 14 
168 13 
169 15 
170 14 
171 12 
172 15 
173 13 
174 16 
175 14 
176 12 
177 14 
178 13 
179 14 
180 13 
