1 780758 
2 742940 
3 575366 
4 838633 
5 716426 
6 658364 
7 640608 
8 662922 
9 620686 
10 745214 
11 778841 
12 624741 
13 643258 
14 663535 
15 707655 
16 645479 
17 700999 
18 766181 
19 670563 
20 842637 
21 627357 
22 648542 
23 695543 
24 704506 
25 701452 
26 728825 
27 797082 
28 728885 
29 643765 
30 656168 
31 699629 
32 675165 
33 864489 
34 906440 
35 778865 
36 613911 
37 788848 
38 905179 
39 786093 
40 786736 
41 642143 
42 787677 
43 756728 
44 690542 
45 769637 
46 738141 
47 695719 
48 586148 
49 715443 
50 663886 
51 624891 
52 585318 
53 636701 
54 645168 
55 633387 
56 634956 
57 571124 
58 675532 
59 722877 
60 728086 
61 562374 
62 657415 
63 610760 
64 662451 
65 693872 
66 711797 
67 714675 
68 650520 
69 642210 
70 640112 
71 606553 
72 639573 
73 752814 
74 670101 
75 583692 
76 562433 
77 647856 
78 781833 
79 666720 
80 709850 
81 616540 
82 606220 
83 735764 
84 677991 
85 686753 
86 671644 
87 776207 
88 736898 
89 722468 
90 624447 
91 647592 
92 658157 
93 568252 
94 546110 
95 561633 
96 634196 
97 567728 
98 606801 
99 632486 
100 565671 
101 514641 
102 635360 
103 606405 
104 535562 
105 629981 
106 609066 
107 812369 
108 712042 
109 656026 
110 640172 
111 607751 
112 620650 
113 577625 
114 639340 
115 719340 
116 656998 
117 614090 
118 563640 
119 607875 
120 621205 
121 605859 
122 767922 
123 651724 
124 780271 
125 611202 
126 604421 
127 676742 
128 710147 
129 624764 
130 572528 
131 676154 
132 670476 
133 558499 
134 583580 
135 649635 
136 581755 
137 580691 
138 542744 
139 650836 
140 550540 
141 537720 
142 572319 
143 603792 
144 605797 
145 575982 
146 623533 
147 544584 
148 581594 
149 618155 
150 556999 
151 667174 
152 614157 
153 694640 
154 621335 
155 646391 
156 606490 
157 549542 
158 546096 
159 678296 
160 589383 
161 606178 
162 579141 
163 530654 
164 703235 
165 590306 
166 636054 
167 643496 
168 655553 
169 615141 
170 592110 
171 541290 
172 574569 
173 692750 
174 652063 
175 602855 
176 641760 
177 640630 
178 614729 
179 567633 
180 683149 
