1 772526 
2 762266 
3 576061 
4 835562 
5 719693 
6 636888 
7 661552 
8 657081 
9 602468 
10 744450 
11 770360 
12 625712 
13 635627 
14 655784 
15 711742 
16 636462 
17 697127 
18 755334 
19 653703 
20 826828 
21 622783 
22 649030 
23 696283 
24 711938 
25 710947 
26 739893 
27 794342 
28 720359 
29 638768 
30 675367 
31 689411 
32 687341 
33 854210 
34 874500 
35 779447 
36 624537 
37 768522 
38 895773 
39 799283 
40 741169 
41 645682 
42 775587 
43 758555 
44 740520 
45 786578 
46 728960 
47 711398 
48 577969 
49 726795 
50 660451 
51 607227 
52 578206 
53 635153 
54 636089 
55 640120 
56 629820 
57 576102 
58 674104 
59 711682 
60 731143 
61 579895 
62 641456 
63 626592 
64 660219 
65 715191 
66 718736 
67 717349 
68 661045 
69 643758 
70 623292 
71 607922 
72 628843 
73 753962 
74 667491 
75 581135 
76 584131 
77 646748 
78 749951 
79 663850 
80 740981 
81 606734 
82 612071 
83 750715 
84 693227 
85 679205 
86 657277 
87 784362 
88 747457 
89 718459 
90 639115 
91 646447 
92 662711 
93 571094 
94 552731 
95 562387 
96 622314 
97 590363 
98 615068 
99 638512 
100 570081 
101 519754 
102 644136 
103 606822 
104 544735 
105 640705 
106 612045 
107 813018 
108 703971 
109 661139 
110 641854 
111 624891 
112 617361 
113 577249 
114 637115 
115 721908 
116 658623 
117 629660 
118 571095 
119 600312 
120 629471 
121 591634 
122 761253 
123 651350 
124 766136 
125 580820 
126 603417 
127 680777 
128 712893 
129 604878 
130 586209 
131 676103 
132 678137 
133 536940 
134 579460 
135 661374 
136 584425 
137 580996 
138 534635 
139 652782 
140 551727 
141 535865 
142 586304 
143 599882 
144 600952 
145 568866 
146 632743 
147 542213 
148 588587 
149 616828 
150 557582 
151 661316 
152 596914 
153 700628 
154 611206 
155 641857 
156 598006 
157 563363 
158 551112 
159 667411 
160 590661 
161 602909 
162 586143 
163 549338 
164 693925 
165 584904 
166 650683 
167 655240 
168 656622 
169 620954 
170 601286 
171 561156 
172 563916 
173 681076 
174 661817 
175 610131 
176 641889 
177 657533 
178 615470 
179 560547 
180 683667 
