40_500_0.2 40_800_0.2 40_1000_0.2 40_500_0.3 40_800_0.3 40_1000_0.3 40_500_0.5 40_800_0.5 40_1000_0.5 50_500_0.2 50_800_0.2 50_1000_0.2 50_500_0.3 50_800_0.3 50_1000_0.3 50_500_0.5 50_800_0.5 50_1000_0.5 70_500_0.2 70_800_0.2 70_1000_0.2 70_500_0.3 70_800_0.3 70_1000_0.3 70_500_0.5 70_800_0.5 70_1000_0.5 OVER_1 OVER_2 OVER_3 OVER_4 OVER_5 OVER_6 OVER_7 OVER_8 OVER_9 OVER_10 OVER_11 OVER_12 OVER_13 OVER_14 OVER_15 OVER_16 OVER_17 OVER_18 OVER_19 OVER_20 OVER_21 OVER_22 OVER_23 OVER_24 OVER_25 OVER_26 OVER_27 TIME_1 TIME_2 TIME_3 TIME_4 TIME_5 TIME_6 TIME_7 TIME_8 TIME_9 TIME_10 TIME_11 TIME_12 TIME_13 TIME_14 TIME_15 TIME_16 TIME_17 TIME_18 TIME_19 TIME_20 TIME_21 TIME_22 TIME_23 TIME_24 TIME_25 TIME_26 TIME_27 
1.56679e+06 1.6299e+06 1.61143e+06 1.60565e+06 1.62498e+06 1.56288e+06 1.70469e+06 1.4901e+06 1.53514e+06 1.60761e+06 1.59299e+06 1.55896e+06 1.64522e+06 1.7131e+06 1.57346e+06 1.62356e+06 1.54768e+06 1.58387e+06 1.60098e+06 1.67142e+06 1.56812e+06 1.64732e+06 1.69204e+06 1.5867e+06 1.55748e+06 1.50509e+06 1.59053e+06 0 0 0 0 0 0 59 0 0 0 0 0 0 53 0 0 0 0 0 0 0 20 85 0 0 0 59 1 0 1 1 1 1 1 0 2 0 1 2 0 2 1 1 1 1 1 2 1 1 2 2 1 2 2
1.36593e+06 1.34696e+06 1.3915e+06 1.34596e+06 1.36184e+06 1.37048e+06 1.28565e+06 1.27255e+06 1.27255e+06 1.34578e+06 1.31034e+06 1.32902e+06 1.28884e+06 1.31559e+06 1.30091e+06 1.31219e+06 1.26281e+06 1.33493e+06 1.32092e+06 1.281e+06 1.35961e+06 1.34947e+06 1.25704e+06 1.2571e+06 1.33598e+06 1.2635e+06 1.27293e+06 0 0 75 0 16 67 0 0 37 0 0 0 0 0 0 0 22 63 8 0 40 0 0 0 0 0 14 1 0 2 0 1 1 1 1 1 1 1 1 1 1 1 1 1 2 1 1 2 1 2 2 1 1 3
1.56431e+06 1.59445e+06 1.46465e+06 1.55725e+06 1.44365e+06 1.60754e+06 1.51316e+06 1.54774e+06 1.45745e+06 1.53472e+06 1.54736e+06 1.49218e+06 1.7191e+06 1.5372e+06 1.49422e+06 1.55669e+06 1.48967e+06 1.45875e+06 1.66482e+06 1.52698e+06 1.45654e+06 1.54112e+06 1.51638e+06 1.51573e+06 1.48249e+06 1.43276e+06 1.44711e+06 0 0 0 0 0 6 0 0 0 0 0 0 135 0 0 0 54 0 132 0 0 0 0 0 0 0 0 0 1 1 0 1 2 0 1 1 1 1 1 1 1 1 1 2 1 1 2 1 1 2 2 1 1 2
1.48453e+06 1.29697e+06 1.31815e+06 1.32253e+06 1.2148e+06 1.28244e+06 1.31414e+06 1.27416e+06 1.31255e+06 1.33931e+06 1.24125e+06 1.38486e+06 1.30907e+06 1.26692e+06 1.23389e+06 1.37441e+06 1.41994e+06 1.25775e+06 1.41245e+06 1.34709e+06 1.23806e+06 1.36492e+06 1.26544e+06 1.182e+06 1.33913e+06 1.34981e+06 1.27218e+06 70 0 0 0 0 0 0 0 21 0 0 58 0 26 0 46 108 0 66 60 0 31 0 0 0 54 16 1 1 1 0 1 1 1 1 1 1 1 1 1 1 1 1 1 2 1 2 2 1 1 2 1 2 2
1.6311e+06 1.46647e+06 1.49924e+06 1.51549e+06 1.41176e+06 1.38763e+06 1.46445e+06 1.41259e+06 1.38123e+06 1.44571e+06 1.46108e+06 1.47445e+06 1.40715e+06 1.47333e+06 1.32029e+06 1.42223e+06 1.3655e+06 1.41968e+06 1.49057e+06 1.44242e+06 1.28698e+06 1.44604e+06 1.42791e+06 1.39067e+06 1.35657e+06 1.33731e+06 1.33941e+06 39 0 3 0 0 0 0 0 23 0 0 15 0 0 0 0 0 0 55 0 0 0 20 7 0 0 0 1 1 1 0 1 1 1 1 1 1 1 1 1 1 1 1 1 2 1 1 2 1 1 2 1 2 2
1.65229e+06 1.54922e+06 1.55946e+06 1.55095e+06 1.54092e+06 1.45916e+06 1.57258e+06 1.49423e+06 1.50477e+06 1.65074e+06 1.55569e+06 1.50968e+06 1.56662e+06 1.49752e+06 1.50597e+06 1.53408e+06 1.56405e+06 1.54983e+06 1.5618e+06 1.51579e+06 1.5161e+06 1.47746e+06 1.45774e+06 1.51401e+06 1.4726e+06 1.46771e+06 1.45791e+06 0 0 0 0 0 0 0 0 0 0 0 0 0 0 0 0 0 33 0 0 0 0 0 0 0 0 0 1 0 1 1 1 1 0 1 2 0 1 1 1 1 1 1 1 2 1 1 2 1 1 2 1 2 2
1.6448e+06 1.52322e+06 1.51056e+06 1.60285e+06 1.54323e+06 1.48506e+06 1.4836e+06 1.51003e+06 1.46197e+06 1.61608e+06 1.52479e+06 1.51109e+06 1.5394e+06 1.49231e+06 1.42939e+06 1.47553e+06 1.49663e+06 1.46437e+06 1.55232e+06 1.47569e+06 1.45616e+06 1.47074e+06 1.43985e+06 1.46925e+06 1.49421e+06 1.47206e+06 1.45393e+06 0 0 0 37 0 0 0 0 0 0 0 0 0 0 0 0 0 0 0 0 0 0 0 0 0 0 0 1 1 1 0 1 1 1 1 1 1 1 1 0 2 1 1 1 2 0 2 2 1 1 2 1 2 2
1.72066e+06 1.64576e+06 1.57772e+06 1.63317e+06 1.66012e+06 1.60064e+06 1.58941e+06 1.64788e+06 1.59504e+06 1.71882e+06 1.59966e+06 1.66577e+06 1.66684e+06 1.65365e+06 1.62261e+06 1.60573e+06 1.55355e+06 1.57005e+06 1.65068e+06 1.72203e+06 1.61111e+06 1.62122e+06 1.61389e+06 1.57069e+06 1.56126e+06 1.5456e+06 1.58713e+06 0 0 0 0 0 0 0 0 0 0 0 0 0 0 0 0 0 0 0 92 0 0 0 0 0 0 0 0 1 1 1 1 1 0 1 1 1 1 1 1 1 1 1 1 2 0 2 2 1 1 2 1 2 2
1.69016e+06 1.63855e+06 1.67559e+06 1.70928e+06 1.61492e+06 1.51758e+06 1.60291e+06 1.51175e+06 1.74932e+06 1.73766e+06 1.57665e+06 1.69653e+06 1.60777e+06 1.59618e+06 1.60524e+06 1.60546e+06 1.56498e+06 1.53851e+06 1.66547e+06 1.6335e+06 1.61963e+06 1.59229e+06 1.58052e+06 1.6445e+06 1.59733e+06 1.53543e+06 1.5928e+06 0 0 0 0 0 0 0 0 77 0 0 0 0 0 0 0 0 0 0 0 0 0 0 0 0 0 0 0 1 1 1 1 1 0 1 1 1 1 1 1 1 1 1 1 2 1 1 2 1 1 2 1 2 2
1.57706e+06 1.52935e+06 1.52643e+06 1.60777e+06 1.52174e+06 1.52104e+06 1.58794e+06 1.51643e+06 1.4692e+06 1.56011e+06 1.46377e+06 1.48255e+06 1.59095e+06 1.55308e+06 1.51572e+06 1.48618e+06 1.51048e+06 1.47903e+06 1.59867e+06 1.49283e+06 1.55705e+06 1.5694e+06 1.54306e+06 1.47589e+06 1.45274e+06 1.52013e+06 1.48963e+06 0 0 0 0 0 0 0 0 0 0 0 0 0 0 0 0 0 0 0 0 0 0 0 0 0 0 0 0 1 1 1 0 2 0 1 1 1 1 1 1 1 1 1 1 2 0 2 2 0 2 2 1 1 2
1.42646e+06 1.43637e+06 1.36368e+06 1.43298e+06 1.42214e+06 1.37051e+06 1.38377e+06 1.39675e+06 1.31296e+06 1.41075e+06 1.37996e+06 1.414e+06 1.44354e+06 1.41877e+06 1.40738e+06 1.44586e+06 1.41907e+06 1.29473e+06 1.38896e+06 1.43087e+06 1.36582e+06 1.57563e+06 1.35724e+06 1.33979e+06 1.4222e+06 1.37097e+06 1.29708e+06 0 0 0 0 7 0 0 25 12 0 0 0 0 0 73 0 0 0 0 103 0 152 0 0 0 48 0 1 1 1 0 1 1 1 1 1 1 1 1 1 1 1 1 1 2 1 1 2 1 2 1 2 1 2
1.61323e+06 1.56553e+06 1.51132e+06 1.71339e+06 1.53585e+06 1.52273e+06 1.51876e+06 1.54141e+06 1.36445e+06 1.60617e+06 1.50943e+06 1.59205e+06 1.48953e+06 1.47827e+06 1.44263e+06 1.48802e+06 1.45758e+06 1.44034e+06 1.46925e+06 1.61908e+06 1.5253e+06 1.49935e+06 1.58092e+06 1.46466e+06 1.4886e+06 1.46761e+06 1.48297e+06 0 0 0 0 62 0 0 0 0 0 0 37 0 0 0 0 0 0 0 83 24 0 112 0 0 27 58 1 1 1 0 1 1 1 1 1 1 1 1 1 1 1 1 1 1 1 2 2 1 2 2 1 2 2
1.59017e+06 1.65785e+06 1.50598e+06 1.64558e+06 1.57769e+06 1.52983e+06 1.63245e+06 1.54347e+06 1.56183e+06 1.74529e+06 1.58745e+06 1.60564e+06 1.66545e+06 1.6145e+06 1.53651e+06 1.61066e+06 1.52482e+06 1.52137e+06 1.56075e+06 1.5111e+06 1.54569e+06 1.55455e+06 1.50605e+06 1.52004e+06 1.60767e+06 1.5943e+06 1.51363e+06 0 0 0 0 0 0 0 0 0 49 0 0 0 0 0 0 0 0 0 0 0 0 0 0 0 0 0 0 1 1 1 0 2 0 1 1 1 1 1 1 1 1 1 1 2 0 2 2 1 1 2 1 2 2
1.43666e+06 1.51013e+06 1.47046e+06 1.47927e+06 1.44169e+06 1.46318e+06 1.42949e+06 1.41473e+06 1.44254e+06 1.49263e+06 1.45166e+06 1.41903e+06 1.47589e+06 1.43559e+06 1.4038e+06 1.41407e+06 1.48969e+06 1.43902e+06 1.46727e+06 1.44997e+06 1.42672e+06 1.42193e+06 1.45195e+06 1.42843e+06 1.45828e+06 1.37418e+06 1.41887e+06 0 0 0 0 0 0 0 0 0 0 0 0 0 0 0 0 0 0 0 0 0 0 0 56 0 0 11 0 1 1 0 1 1 1 1 1 1 1 1 1 1 1 1 1 1 1 2 1 1 2 2 1 2 2
1.53547e+06 1.44236e+06 1.36109e+06 1.37857e+06 1.46844e+06 1.32275e+06 1.34436e+06 1.22846e+06 1.42223e+06 1.47718e+06 1.43679e+06 1.42861e+06 1.33861e+06 1.40924e+06 1.38267e+06 1.38316e+06 1.33461e+06 1.44317e+06 1.41656e+06 1.38491e+06 1.32952e+06 1.4011e+06 1.33114e+06 1.38653e+06 1.37456e+06 1.2696e+06 1.27882e+06 96 37 20 0 152 0 27 0 26 0 85 113 0 10 65 68 27 120 28 27 0 54 11 62 0 0 5 0 1 1 1 1 1 1 1 1 1 1 1 1 1 1 1 2 1 1 2 1 2 1 2 1 2 2
1.38578e+06 1.41505e+06 1.28214e+06 1.29194e+06 1.24045e+06 1.2937e+06 1.34075e+06 1.19938e+06 1.29647e+06 1.33276e+06 1.29606e+06 1.25292e+06 1.30125e+06 1.25423e+06 1.28384e+06 1.22485e+06 1.28706e+06 1.30575e+06 1.42147e+06 1.28503e+06 1.2385e+06 1.32212e+06 1.27395e+06 1.25623e+06 1.26359e+06 1.35351e+06 1.19869e+06 23 79 7 0 0 0 0 0 25 0 0 0 0 12 41 4 0 48 98 0 0 0 0 5 0 121 0 1 1 1 1 1 1 1 1 1 1 1 1 1 1 2 1 1 2 1 2 2 1 2 2 1 2 2
1.37597e+06 1.36093e+06 1.37052e+06 1.34687e+06 1.48874e+06 1.36768e+06 1.36093e+06 1.3578e+06 1.39161e+06 1.46165e+06 1.41566e+06 1.39845e+06 1.33163e+06 1.32618e+06 1.45004e+06 1.48384e+06 1.34288e+06 1.27375e+06 1.5228e+06 1.51436e+06 1.35338e+06 1.3108e+06 1.42084e+06 1.42981e+06 1.49254e+06 1.50571e+06 1.34795e+06 0 0 0 0 75 0 0 0 14 0 0 11 15 0 126 13 0 0 90 146 8 0 19 55 67 122 0 1 1 1 1 1 1 0 2 1 1 1 1 1 1 2 1 1 2 1 2 2 1 2 2 2 2 2
1.2141e+06 1.33112e+06 1.19638e+06 1.16769e+06 1.2075e+06 1.15559e+06 1.17731e+06 1.19937e+06 1.14897e+06 1.33806e+06 1.1713e+06 1.17211e+06 1.27517e+06 1.19029e+06 1.15163e+06 1.25784e+06 1.1272e+06 1.21952e+06 1.22508e+06 1.20298e+06 1.24397e+06 1.1905e+06 1.16852e+06 1.1776e+06 1.21186e+06 1.19282e+06 1.20028e+06 0 140 0 0 0 0 0 50 0 99 17 8 78 22 10 68 0 119 57 42 76 0 0 44 100 65 68 1 1 1 0 2 1 0 2 1 1 1 1 1 1 2 1 1 2 1 2 2 1 2 2 1 3 2
1.53156e+06 1.57049e+06 1.44364e+06 1.46325e+06 1.34672e+06 1.50326e+06 1.41739e+06 1.3952e+06 1.35013e+06 1.52937e+06 1.41969e+06 1.5402e+06 1.40469e+06 1.44518e+06 1.41528e+06 1.39869e+06 1.41777e+06 1.34848e+06 1.45111e+06 1.37885e+06 1.5855e+06 1.38105e+06 1.49128e+06 1.46976e+06 1.38989e+06 1.39713e+06 1.38389e+06 71 143 17 0 0 11 0 0 0 68 0 161 0 0 0 0 29 0 4 0 176 0 83 32 0 0 40 1 1 1 1 1 1 1 1 1 1 1 2 1 1 1 1 1 2 1 2 2 1 2 2 1 2 3
1.51683e+06 1.51406e+06 1.44592e+06 1.45709e+06 1.46796e+06 1.45978e+06 1.42059e+06 1.41583e+06 1.46725e+06 1.49933e+06 1.53376e+06 1.48335e+06 1.44907e+06 1.41226e+06 1.40875e+06 1.47232e+06 1.39274e+06 1.43941e+06 1.48513e+06 1.40814e+06 1.40418e+06 1.42325e+06 1.41726e+06 1.43341e+06 1.41805e+06 1.44368e+06 1.37613e+06 0 0 0 0 0 0 0 0 0 0 0 0 0 0 0 0 0 0 0 0 0 0 0 0 0 0 0 1 0 1 1 1 1 1 1 1 1 1 1 1 1 2 0 2 1 1 2 2 1 1 2 1 2 2
1.1562e+06 1.18317e+06 1.13941e+06 1.2164e+06 1.13143e+06 1.17555e+06 1.16586e+06 1.12847e+06 1.16214e+06 1.21427e+06 1.18702e+06 1.22857e+06 1.18282e+06 1.1694e+06 1.10936e+06 1.15952e+06 1.20546e+06 1.11161e+06 1.18388e+06 1.12749e+06 1.1036e+06 1.09835e+06 1.1686e+06 1.09832e+06 1.10259e+06 1.16245e+06 1.10236e+06 0 0 0 0 0 14 0 0 22 1 26 99 0 0 0 0 41 0 0 0 0 0 39 6 0 32 0 1 1 1 0 1 2 0 1 2 1 1 1 1 1 2 1 1 2 1 1 2 1 2 2 1 3 2
1.48721e+06 1.49107e+06 1.42363e+06 1.45588e+06 1.40772e+06 1.37894e+06 1.36237e+06 1.363e+06 1.39568e+06 1.42223e+06 1.4312e+06 1.43638e+06 1.41287e+06 1.32311e+06 1.43697e+06 1.43311e+06 1.37456e+06 1.35585e+06 1.48032e+06 1.39741e+06 1.4136e+06 1.44328e+06 1.37899e+06 1.44463e+06 1.38528e+06 1.36694e+06 1.34957e+06 0 0 0 0 19 0 0 0 2 0 0 0 0 0 7 0 0 0 0 0 35 0 0 0 0 0 0 0 1 1 1 1 1 1 1 1 1 1 1 1 1 2 1 1 1 2 1 2 1 2 2 1 2 2
1.41238e+06 1.37032e+06 1.35928e+06 1.43086e+06 1.41609e+06 1.34926e+06 1.35893e+06 1.31451e+06 1.30614e+06 1.38918e+06 1.35596e+06 1.3439e+06 1.49102e+06 1.33798e+06 1.30331e+06 1.32469e+06 1.3498e+06 1.37045e+06 1.53472e+06 1.33664e+06 1.35566e+06 1.34811e+06 1.30222e+06 1.3409e+06 1.36026e+06 1.4461e+06 1.2615e+06 23 0 0 0 3 0 0 0 0 0 0 0 31 0 0 0 0 0 101 0 0 0 0 0 0 98 0 1 1 1 0 1 2 0 1 2 0 1 2 1 1 1 1 1 2 1 1 2 1 2 2 1 2 3
1.2098e+06 1.22393e+06 1.24112e+06 1.30961e+06 1.21819e+06 1.26922e+06 1.26041e+06 1.15867e+06 1.20386e+06 1.22247e+06 1.25439e+06 1.23538e+06 1.28974e+06 1.24427e+06 1.24261e+06 1.25032e+06 1.19214e+06 1.23324e+06 1.28332e+06 1.20715e+06 1.24545e+06 1.21166e+06 1.19644e+06 1.21052e+06 1.2384e+06 1.19789e+06 1.2006e+06 0 0 0 0 0 0 0 0 0 0 0 0 0 66 0 0 0 37 25 0 23 0 0 0 0 28 11 0 1 1 1 1 1 0 1 2 0 1 2 1 1 1 1 2 1 1 2 2 1 2 2 1 2 2
1.43567e+06 1.41195e+06 1.39053e+06 1.39881e+06 1.43343e+06 1.47082e+06 1.38831e+06 1.3878e+06 1.28246e+06 1.44961e+06 1.36659e+06 1.37104e+06 1.3657e+06 1.36855e+06 1.34714e+06 1.35859e+06 1.3427e+06 1.5271e+06 1.39686e+06 1.40234e+06 1.35859e+06 1.37951e+06 1.34028e+06 1.27356e+06 1.35201e+06 1.2866e+06 1.26744e+06 0 43 0 0 0 103 0 17 0 22 0 0 0 0 0 0 0 154 0 1 0 0 0 0 0 0 10 1 1 1 0 1 2 0 2 1 1 1 1 1 1 1 1 1 2 1 2 2 1 1 2 2 1 3
1.45816e+06 1.39214e+06 1.39712e+06 1.45288e+06 1.47542e+06 1.49266e+06 1.49026e+06 1.38179e+06 1.42069e+06 1.46643e+06 1.43354e+06 1.46386e+06 1.4938e+06 1.41574e+06 1.39946e+06 1.41438e+06 1.36351e+06 1.36052e+06 1.50167e+06 1.44153e+06 1.38205e+06 1.39349e+06 1.52359e+06 1.33747e+06 1.4606e+06 1.36498e+06 1.40649e+06 0 0 0 0 0 0 0 0 0 0 0 0 0 0 0 0 0 0 0 0 0 5 80 0 0 0 0 0 1 1 1 1 1 1 1 1 1 1 1 1 1 1 1 1 2 1 2 1 2 2 2 1 1 3
1.3416e+06 1.3763e+06 1.35396e+06 1.35983e+06 1.42829e+06 1.35224e+06 1.37332e+06 1.22936e+06 1.31577e+06 1.4242e+06 1.31119e+06 1.40208e+06 1.40764e+06 1.32863e+06 1.34598e+06 1.36712e+06 1.32358e+06 1.35713e+06 1.33444e+06 1.38416e+06 1.32003e+06 1.30538e+06 1.33075e+06 1.30922e+06 1.34395e+06 1.25458e+06 1.32372e+06 0 0 0 3 55 0 0 0 0 0 0 0 0 0 0 0 0 0 0 0 0 0 0 0 0 0 0 0 1 1 1 1 1 1 1 1 1 1 1 1 1 1 1 1 2 1 2 1 1 2 2 1 2 2
1.58124e+06 1.50862e+06 1.53689e+06 1.59144e+06 1.5135e+06 1.6799e+06 1.57069e+06 1.48566e+06 1.51827e+06 1.57489e+06 1.48917e+06 1.48971e+06 1.54699e+06 1.49188e+06 1.54309e+06 1.50202e+06 1.56686e+06 1.46705e+06 1.49806e+06 1.45087e+06 1.64964e+06 1.53596e+06 1.47895e+06 1.40721e+06 1.48568e+06 1.42609e+06 1.46093e+06 0 0 0 0 0 97 0 0 36 0 0 0 38 0 0 0 61 0 0 0 159 0 0 0 0 0 0 1 1 1 0 1 2 0 1 2 1 1 1 1 1 1 1 2 1 1 2 2 1 2 2 1 2 2
1.39796e+06 1.3621e+06 1.3228e+06 1.3512e+06 1.36295e+06 1.37472e+06 1.2936e+06 1.27003e+06 1.304e+06 1.34692e+06 1.31813e+06 1.31015e+06 1.38442e+06 1.30385e+06 1.32609e+06 1.27965e+06 1.30351e+06 1.26889e+06 1.38512e+06 1.39266e+06 1.26377e+06 1.29618e+06 1.30653e+06 1.29194e+06 1.29981e+06 1.27128e+06 1.30339e+06 0 0 0 0 0 0 0 0 0 0 0 0 0 0 0 0 0 0 0 69 0 0 0 0 0 0 0 1 0 2 0 1 1 1 1 1 1 1 2 0 1 2 1 1 2 1 1 2 1 2 2 1 2 2
1.53366e+06 1.50757e+06 1.54215e+06 1.51389e+06 1.44273e+06 1.46915e+06 1.47207e+06 1.45168e+06 1.42633e+06 1.52345e+06 1.50673e+06 1.50498e+06 1.50728e+06 1.48821e+06 1.50221e+06 1.50754e+06 1.45809e+06 1.44951e+06 1.52872e+06 1.44765e+06 1.488e+06 1.51014e+06 1.4187e+06 1.44695e+06 1.40825e+06 1.4248e+06 1.43999e+06 0 0 0 0 0 0 0 26 0 0 0 0 0 0 0 0 0 0 0 0 0 0 0 7 0 0 0 1 0 2 0 1 1 1 1 1 1 1 2 0 2 1 1 1 2 1 1 2 1 2 2 1 2 2
1.14903e+06 1.13377e+06 1.17098e+06 1.13362e+06 1.09335e+06 1.17025e+06 1.11526e+06 1.13509e+06 1.10998e+06 1.22564e+06 1.16454e+06 1.14214e+06 1.178e+06 1.18826e+06 1.12731e+06 1.1319e+06 1.08702e+06 1.08579e+06 1.14322e+06 1.24799e+06 1.09428e+06 1.12063e+06 1.17842e+06 1.09368e+06 1.10517e+06 1.13386e+06 1.11325e+06 0 0 21 0 0 31 0 50 0 27 32 0 28 49 0 0 0 0 0 94 0 0 39 0 0 37 0 1 1 2 0 1 2 0 2 1 1 1 2 0 2 1 1 2 1 1 2 2 1 2 2 2 2 2
1.23254e+06 1.21675e+06 1.22943e+06 1.24942e+06 1.19105e+06 1.18346e+06 1.18539e+06 1.16834e+06 1.1317e+06 1.23836e+06 1.19212e+06 1.16047e+06 1.22149e+06 1.20575e+06 1.16904e+06 1.2238e+06 1.19327e+06 1.17826e+06 1.16844e+06 1.20285e+06 1.1596e+06 1.1763e+06 1.16652e+06 1.15098e+06 1.23193e+06 1.15369e+06 1.10494e+06 0 45 30 14 12 0 0 0 0 0 10 0 0 7 0 0 0 32 0 22 0 20 18 0 29 0 0 1 1 1 1 1 1 1 1 1 1 1 2 0 2 1 1 2 1 1 2 2 1 2 2 2 2 2
1.33683e+06 1.31763e+06 1.23816e+06 1.31741e+06 1.31139e+06 1.2324e+06 1.26246e+06 1.28365e+06 1.22739e+06 1.24321e+06 1.33401e+06 1.26353e+06 1.31402e+06 1.20167e+06 1.23509e+06 1.23181e+06 1.19175e+06 1.24745e+06 1.26254e+06 1.20991e+06 1.29694e+06 1.29622e+06 1.39791e+06 1.25905e+06 1.27283e+06 1.20104e+06 1.22887e+06 0 7 0 8 23 0 0 0 0 0 0 0 30 0 0 0 0 15 0 0 61 6 84 36 34 0 10 1 1 1 0 2 1 1 1 1 1 1 1 1 2 1 1 1 2 1 2 2 1 2 3 1 2 2
1.28535e+06 1.29164e+06 1.29978e+06 1.37436e+06 1.22911e+06 1.2644e+06 1.3042e+06 1.2138e+06 1.17357e+06 1.29017e+06 1.25266e+06 1.16262e+06 1.26975e+06 1.4304e+06 1.32878e+06 1.251e+06 1.29536e+06 1.20798e+06 1.27503e+06 1.22454e+06 1.199e+06 1.26764e+06 1.23641e+06 1.31134e+06 1.22079e+06 1.20732e+06 1.34257e+06 0 16 15 101 0 0 13 0 13 0 0 0 0 175 61 0 81 49 0 0 0 0 6 53 0 0 124 1 1 1 1 1 1 1 1 1 1 1 2 1 1 2 1 1 2 1 2 2 1 2 2 1 2 3
1.48682e+06 1.3993e+06 1.39792e+06 1.38459e+06 1.47726e+06 1.37949e+06 1.42196e+06 1.3303e+06 1.34601e+06 1.40449e+06 1.36298e+06 1.42958e+06 1.44868e+06 1.39719e+06 1.34284e+06 1.4071e+06 1.35724e+06 1.35672e+06 1.38943e+06 1.32128e+06 1.34515e+06 1.35897e+06 1.37343e+06 1.32477e+06 1.31389e+06 1.32302e+06 1.35753e+06 0 0 57 0 28 0 0 0 36 0 0 30 26 3 0 0 0 0 0 0 0 0 17 0 0 0 26 1 1 1 0 1 2 0 2 1 1 1 1 1 2 1 1 2 1 1 2 2 1 2 2 1 2 3
1.36663e+06 1.38094e+06 1.33204e+06 1.34783e+06 1.3459e+06 1.3089e+06 1.34824e+06 1.29743e+06 1.27239e+06 1.31302e+06 1.35262e+06 1.32083e+06 1.29182e+06 1.35463e+06 1.2711e+06 1.31096e+06 1.21706e+06 1.29778e+06 1.31189e+06 1.29918e+06 1.25931e+06 1.31849e+06 1.33685e+06 1.4176e+06 1.32946e+06 1.25729e+06 1.29415e+06 0 25 33 0 0 7 2 0 0 0 42 0 0 0 0 0 0 0 0 19 0 23 58 112 53 0 1 0 1 2 0 1 2 0 1 2 0 2 1 1 1 2 0 2 1 1 2 2 1 2 3 1 2 3
1.52004e+06 1.40458e+06 1.40074e+06 1.38762e+06 1.3418e+06 1.38241e+06 1.36789e+06 1.3377e+06 1.37335e+06 1.40624e+06 1.40665e+06 1.33319e+06 1.43308e+06 1.39974e+06 1.36306e+06 1.37861e+06 1.34342e+06 1.34524e+06 1.41797e+06 1.36473e+06 1.32575e+06 1.45312e+06 1.40368e+06 1.33769e+06 1.34209e+06 1.32126e+06 1.27713e+06 50 0 0 0 0 0 0 0 0 0 0 0 0 0 1 0 0 0 0 6 0 39 0 0 0 0 0 0 1 1 1 1 1 1 1 1 1 1 2 0 2 1 1 1 2 1 2 2 1 2 2 1 2 2
1.60823e+06 1.55031e+06 1.58764e+06 1.56643e+06 1.54994e+06 1.50362e+06 1.57171e+06 1.57306e+06 1.5676e+06 1.64012e+06 1.55408e+06 1.5012e+06 1.55927e+06 1.54588e+06 1.53449e+06 1.58649e+06 1.48448e+06 1.52104e+06 1.53616e+06 1.54776e+06 1.53947e+06 1.55286e+06 1.53056e+06 1.51879e+06 1.53123e+06 1.48503e+06 1.50763e+06 0 0 0 0 0 0 0 0 0 0 0 0 0 0 0 0 0 0 0 0 0 0 0 0 0 0 0 1 1 1 1 1 1 1 1 1 1 1 1 1 1 2 1 1 2 1 1 2 1 2 2 1 2 3
1.39532e+06 1.27303e+06 1.31993e+06 1.31061e+06 1.3229e+06 1.2435e+06 1.23922e+06 1.26603e+06 1.27048e+06 1.35319e+06 1.28178e+06 1.30025e+06 1.28278e+06 1.28804e+06 1.27547e+06 1.32699e+06 1.25418e+06 1.26938e+06 1.30765e+06 1.2433e+06 1.30494e+06 1.41546e+06 1.24666e+06 1.17559e+06 1.26628e+06 1.22783e+06 1.22463e+06 9 0 0 0 55 0 0 0 0 0 0 55 0 9 0 0 0 0 0 0 0 93 0 0 0 0 0 0 1 1 1 1 1 1 1 1 1 1 2 1 1 2 0 2 1 1 2 2 1 2 2 1 2 2
1.28694e+06 1.25845e+06 1.26471e+06 1.24706e+06 1.18136e+06 1.21493e+06 1.25354e+06 1.19017e+06 1.23153e+06 1.24941e+06 1.2379e+06 1.12617e+06 1.22189e+06 1.20301e+06 1.17652e+06 1.20512e+06 1.1721e+06 1.21968e+06 1.22185e+06 1.21646e+06 1.25628e+06 1.24964e+06 1.19648e+06 1.21723e+06 1.20304e+06 1.1707e+06 1.15987e+06 0 0 0 0 0 0 0 0 0 0 0 0 0 0 0 3 0 0 0 0 12 0 0 0 0 36 0 1 1 1 1 1 1 1 1 1 1 1 1 1 1 2 1 1 2 1 1 3 1 1 3 1 2 2
1.40406e+06 1.37233e+06 1.34324e+06 1.36749e+06 1.38094e+06 1.42614e+06 1.34614e+06 1.30906e+06 1.36945e+06 1.35426e+06 1.37099e+06 1.38444e+06 1.3694e+06 1.38702e+06 1.36078e+06 1.32413e+06 1.33783e+06 1.34841e+06 1.35497e+06 1.3804e+06 1.3371e+06 1.38637e+06 1.28539e+06 1.33918e+06 1.32552e+06 1.2605e+06 1.31393e+06 0 0 0 0 0 0 0 0 0 0 0 0 0 0 0 0 0 0 0 0 0 0 0 0 0 0 0 1 1 1 0 1 2 0 1 2 0 1 2 1 1 1 1 1 2 1 2 2 1 1 3 1 2 2
1.47494e+06 1.41819e+06 1.53239e+06 1.46278e+06 1.56579e+06 1.46877e+06 1.4359e+06 1.35221e+06 1.34524e+06 1.48454e+06 1.43436e+06 1.42397e+06 1.4554e+06 1.44529e+06 1.37844e+06 1.49829e+06 1.4495e+06 1.41105e+06 1.43201e+06 1.38251e+06 1.39305e+06 1.38414e+06 1.4146e+06 1.39648e+06 1.35363e+06 1.40763e+06 1.36975e+06 0 0 80 0 78 0 0 0 0 22 0 0 0 0 0 40 27 0 0 0 0 0 22 0 0 0 0 1 0 2 1 1 1 1 1 1 1 1 1 1 1 2 1 1 2 1 1 2 2 1 3 1 2 3
1.46098e+06 1.37439e+06 1.40864e+06 1.40644e+06 1.37614e+06 1.42486e+06 1.38634e+06 1.34954e+06 1.33483e+06 1.45086e+06 1.42464e+06 1.34767e+06 1.39582e+06 1.36446e+06 1.35067e+06 1.45353e+06 1.32772e+06 1.32466e+06 1.3833e+06 1.39331e+06 1.40245e+06 1.42298e+06 1.3582e+06 1.40514e+06 1.39207e+06 1.37604e+06 1.32886e+06 0 0 0 0 0 0 0 0 0 0 0 0 0 0 0 59 0 0 0 0 34 0 0 0 0 0 0 0 1 1 1 1 1 1 1 1 1 1 1 1 1 2 1 1 2 1 1 3 1 1 2 2 1 3
1.37493e+06 1.38064e+06 1.53723e+06 1.37299e+06 1.30259e+06 1.31736e+06 1.35659e+06 1.3571e+06 1.28072e+06 1.48264e+06 1.34922e+06 1.31245e+06 1.36107e+06 1.33622e+06 1.33982e+06 1.30384e+06 1.31412e+06 1.28863e+06 1.37857e+06 1.29968e+06 1.47693e+06 1.37389e+06 1.31963e+06 1.28793e+06 1.32158e+06 1.36399e+06 1.27784e+06 0 0 151 0 0 0 0 0 0 39 0 0 0 0 0 0 0 0 0 0 135 0 0 0 0 0 0 0 1 2 0 1 1 1 1 2 0 1 2 1 1 1 1 1 2 1 2 2 1 2 2 1 2 2
1.47948e+06 1.46255e+06 1.48147e+06 1.46879e+06 1.41631e+06 1.48136e+06 1.44923e+06 1.40333e+06 1.43473e+06 1.48186e+06 1.4324e+06 1.49913e+06 1.47053e+06 1.43924e+06 1.4209e+06 1.45788e+06 1.4519e+06 1.32489e+06 1.44715e+06 1.4004e+06 1.33817e+06 1.38335e+06 1.46868e+06 1.40477e+06 1.4445e+06 1.38135e+06 1.39918e+06 0 0 0 0 0 0 0 0 57 0 0 0 0 0 30 4 0 0 0 0 0 0 0 0 0 0 0 1 1 1 1 1 1 1 1 1 1 1 2 1 1 1 1 2 1 1 2 2 1 2 2 1 2 2
1.35702e+06 1.29556e+06 1.22955e+06 1.27469e+06 1.21813e+06 1.23002e+06 1.22002e+06 1.23274e+06 1.19392e+06 1.26456e+06 1.26444e+06 1.26766e+06 1.25581e+06 1.27455e+06 1.18999e+06 1.25264e+06 1.21043e+06 1.18519e+06 1.33948e+06 1.19758e+06 1.19341e+06 1.23288e+06 1.19028e+06 1.21643e+06 1.22274e+06 1.24144e+06 1.27672e+06 43 9 0 28 0 24 0 32 0 0 41 29 6 0 0 0 0 0 42 0 0 0 13 0 0 23 80 1 1 1 1 1 1 1 1 2 0 2 1 1 1 2 1 1 2 1 2 2 1 2 2 2 2 3
1.18069e+06 1.07625e+06 1.15479e+06 1.10765e+06 1.05878e+06 1.07942e+06 1.0604e+06 1.10245e+06 1.10996e+06 1.11834e+06 1.09345e+06 1.06396e+06 1.14637e+06 1.08421e+06 1.11892e+06 1.07091e+06 1.09254e+06 1.14469e+06 1.12988e+06 1.08611e+06 1.23635e+06 1.0426e+06 1.13925e+06 1.1631e+06 1.07488e+06 1.19868e+06 1.06519e+06 26 0 13 0 0 13 0 0 20 0 0 0 24 6 62 0 0 84 0 0 126 0 26 74 0 142 17 0 1 1 1 1 1 1 1 2 1 1 1 1 2 1 1 2 2 1 1 3 1 2 3 1 2 3
1.3558e+06 1.34072e+06 1.35335e+06 1.36267e+06 1.30202e+06 1.33931e+06 1.33576e+06 1.26082e+06 1.30335e+06 1.34492e+06 1.32189e+06 1.37539e+06 1.3986e+06 1.31376e+06 1.25059e+06 1.30009e+06 1.26527e+06 1.23928e+06 1.30422e+06 1.28703e+06 1.31662e+06 1.32305e+06 1.30197e+06 1.26943e+06 1.33514e+06 1.26012e+06 1.26251e+06 0 0 4 0 0 0 0 0 14 0 0 61 34 0 0 12 0 0 0 0 0 42 0 0 0 0 0 1 1 1 1 1 1 1 1 2 0 2 1 1 2 1 1 1 2 1 2 2 1 2 2 1 2 3
1.30204e+06 1.20104e+06 1.20064e+06 1.18076e+06 1.17777e+06 1.10728e+06 1.20074e+06 1.12642e+06 1.3606e+06 1.2678e+06 1.17442e+06 1.22099e+06 1.23633e+06 1.18566e+06 1.1283e+06 1.14454e+06 1.1097e+06 1.16203e+06 1.20855e+06 1.1919e+06 1.17382e+06 1.19587e+06 1.15436e+06 1.14376e+06 1.22412e+06 1.09579e+06 1.23608e+06 60 0 19 0 0 0 54 0 123 0 13 14 0 0 0 0 0 0 0 0 35 0 0 0 69 0 102 0 1 2 0 1 2 0 2 1 1 1 2 1 1 2 0 2 2 1 2 2 1 2 2 2 2 2
1.28065e+06 1.41198e+06 1.16159e+06 1.27669e+06 1.28124e+06 1.16886e+06 1.32115e+06 1.15635e+06 1.1776e+06 1.26468e+06 1.12893e+06 1.33666e+06 1.25735e+06 1.35259e+06 1.17068e+06 1.17102e+06 1.16753e+06 1.1576e+06 1.21622e+06 1.27873e+06 1.24532e+06 1.29103e+06 1.22389e+06 1.14195e+06 1.23969e+06 1.20658e+06 1.16375e+06 0 173 0 8 80 0 69 0 16 0 0 127 60 152 25 0 3 0 0 71 61 97 60 0 48 60 0 1 1 2 0 1 2 0 1 2 1 1 2 0 2 2 1 1 2 1 2 2 1 3 2 1 2 3
1.34372e+06 1.29838e+06 1.28855e+06 1.35206e+06 1.29021e+06 1.25662e+06 1.26048e+06 1.2977e+06 1.2891e+06 1.28132e+06 1.251e+06 1.25952e+06 1.28938e+06 1.25154e+06 1.30396e+06 1.29839e+06 1.2427e+06 1.23626e+06 1.24721e+06 1.2661e+06 1.23662e+06 1.27762e+06 1.23137e+06 1.19567e+06 1.26849e+06 1.22785e+06 1.22271e+06 0 0 0 36 0 0 0 0 0 0 0 0 0 0 30 0 0 0 0 0 0 0 0 0 0 0 0 0 1 1 1 1 1 1 1 2 0 1 2 1 1 2 0 2 2 1 1 2 1 2 2 2 2 2
1.27955e+06 1.34467e+06 1.28164e+06 1.30064e+06 1.21307e+06 1.22946e+06 1.2348e+06 1.21416e+06 1.25411e+06 1.33311e+06 1.29975e+06 1.21454e+06 1.23342e+06 1.19524e+06 1.19451e+06 1.23381e+06 1.2068e+06 1.19754e+06 1.28165e+06 1.18818e+06 1.18658e+06 1.2195e+06 1.18862e+06 1.22722e+06 1.18314e+06 1.18593e+06 1.17746e+06 0 25 0 25 0 0 0 0 15 6 57 0 0 0 15 0 0 0 0 0 0 0 0 0 0 0 0 1 1 1 1 1 1 0 2 1 1 2 1 1 1 2 1 1 2 1 2 2 1 1 3 1 2 2
1.33836e+06 1.34694e+06 1.30857e+06 1.34193e+06 1.29955e+06 1.34119e+06 1.37302e+06 1.28728e+06 1.29791e+06 1.40646e+06 1.30638e+06 1.31446e+06 1.32615e+06 1.29316e+06 1.27911e+06 1.30882e+06 1.29101e+06 1.34403e+06 1.33177e+06 1.31623e+06 1.32203e+06 1.32323e+06 1.27978e+06 1.23913e+06 1.31167e+06 1.26322e+06 1.26148e+06 0 0 10 0 0 16 0 0 8 28 0 0 0 0 0 0 0 44 0 0 15 6 0 0 0 0 0 1 1 1 1 1 1 1 1 1 1 1 2 1 1 2 0 2 2 1 1 3 1 2 2 1 2 2
1.27937e+06 1.3118e+06 1.25554e+06 1.2925e+06 1.26235e+06 1.27888e+06 1.27744e+06 1.24479e+06 1.22725e+06 1.27943e+06 1.23624e+06 1.26062e+06 1.28649e+06 1.23675e+06 1.2541e+06 1.26761e+06 1.20589e+06 1.24204e+06 1.26299e+06 1.27362e+06 1.2393e+06 1.25631e+06 1.25965e+06 1.20292e+06 1.26118e+06 1.19642e+06 1.20153e+06 0 12 0 0 20 56 0 0 0 0 5 0 24 0 0 0 0 0 0 0 0 0 48 0 0 0 0 1 1 1 1 1 1 1 1 2 0 2 1 1 1 2 1 1 2 1 1 2 2 2 2 1 2 2
1.34456e+06 1.441e+06 1.28698e+06 1.47399e+06 1.39145e+06 1.28814e+06 1.31475e+06 1.27134e+06 1.2718e+06 1.28931e+06 1.32238e+06 1.39623e+06 1.28051e+06 1.2853e+06 1.28432e+06 1.31818e+06 1.2643e+06 1.28301e+06 1.3102e+06 1.27826e+06 1.465e+06 1.30415e+06 1.26221e+06 1.29627e+06 1.25495e+06 1.2824e+06 1.25228e+06 13 75 0 93 44 0 0 0 0 0 17 73 0 0 0 0 0 24 0 0 162 0 0 4 0 2 0 1 1 1 1 1 2 0 2 1 1 1 2 1 1 1 1 2 2 1 1 3 1 2 2 1 2 3
1.31002e+06 1.23759e+06 1.22455e+06 1.2782e+06 1.24276e+06 1.2227e+06 1.23884e+06 1.22566e+06 1.17022e+06 1.25883e+06 1.24148e+06 1.23531e+06 1.25883e+06 1.2196e+06 1.19875e+06 1.28544e+06 1.23757e+06 1.19497e+06 1.26203e+06 1.23307e+06 1.24864e+06 1.23092e+06 1.21055e+06 1.19725e+06 1.26451e+06 1.19767e+06 1.18082e+06 0 0 0 0 0 7 0 0 0 0 0 0 0 0 0 0 0 0 0 0 0 0 0 0 0 0 0 0 1 2 0 1 2 0 1 2 0 2 1 1 1 2 1 1 2 1 1 3 1 1 3 1 2 2
1.34207e+06 1.10721e+06 1.12375e+06 1.25115e+06 1.13606e+06 1.15039e+06 1.10544e+06 1.12091e+06 1.17058e+06 1.16566e+06 1.10686e+06 1.11165e+06 1.20018e+06 1.12304e+06 1.04357e+06 1.13881e+06 1.0833e+06 1.08948e+06 1.12652e+06 1.10052e+06 1.08384e+06 1.16821e+06 1.1098e+06 1.0579e+06 1.07154e+06 1.08003e+06 1.06113e+06 134 0 0 98 0 29 7 0 19 25 0 0 50 18 0 4 0 0 0 0 0 28 0 0 0 0 0 1 1 1 1 1 1 1 1 2 1 1 1 1 2 1 1 2 1 1 2 2 1 2 2 1 2 3
1.37682e+06 1.34114e+06 1.25993e+06 1.34259e+06 1.29417e+06 1.29324e+06 1.37853e+06 1.23288e+06 1.2949e+06 1.41286e+06 1.26972e+06 1.30262e+06 1.30565e+06 1.2819e+06 1.31449e+06 1.35089e+06 1.24862e+06 1.23517e+06 1.35749e+06 1.31503e+06 1.27575e+06 1.33505e+06 1.25381e+06 1.28111e+06 1.29406e+06 1.2877e+06 1.26354e+06 0 0 0 0 0 0 6 0 0 0 0 0 0 0 0 0 0 0 23 0 0 0 0 10 0 0 0 0 1 1 1 1 1 1 1 2 0 2 1 1 1 2 1 1 2 1 2 2 1 2 2 1 2 3
1.39435e+06 1.33027e+06 1.29135e+06 1.35486e+06 1.29664e+06 1.31625e+06 1.30474e+06 1.29933e+06 1.28968e+06 1.33077e+06 1.29075e+06 1.32417e+06 1.36584e+06 1.29055e+06 1.30679e+06 1.27798e+06 1.29832e+06 1.25895e+06 1.3043e+06 1.29008e+06 1.30147e+06 1.29722e+06 1.32074e+06 1.2499e+06 1.28774e+06 1.26769e+06 1.25618e+06 0 0 0 0 0 0 0 0 0 0 0 0 54 0 0 0 0 0 0 0 0 0 0 0 0 0 0 0 1 1 1 1 1 1 1 1 1 1 2 1 1 1 1 2 1 1 2 2 2 1 2 2 2 2
1.38398e+06 1.42517e+06 1.39004e+06 1.43794e+06 1.35107e+06 1.29263e+06 1.31985e+06 1.49942e+06 1.36168e+06 1.40498e+06 1.33148e+06 1.38571e+06 1.36894e+06 1.42934e+06 1.32697e+06 1.34311e+06 1.31504e+06 1.36204e+06 1.40498e+06 1.30755e+06 1.29158e+06 1.33431e+06 1.32693e+06 1.31771e+06 1.38482e+06 1.30963e+06 1.32245e+06 0 0 0 45 0 0 0 68 0 0 0 0 4 27 0 0 0 0 0 0 0 0 0 0 0 0 0 1 1 1 0 1 2 0 2 1 1 1 2 1 1 2 0 2 1 2 1 2 1 2 2 1 2 3
