40_500_0.2 40_800_0.2 40_1000_0.2 40_500_0.3 40_800_0.3 40_1000_0.3 40_500_0.5 40_800_0.5 40_1000_0.5 50_500_0.2 50_800_0.2 50_1000_0.2 50_500_0.3 50_800_0.3 50_1000_0.3 50_500_0.5 50_800_0.5 50_1000_0.5 70_500_0.2 70_800_0.2 70_1000_0.2 70_500_0.3 70_800_0.3 70_1000_0.3 70_500_0.5 70_800_0.5 70_1000_0.5 OVER_1 OVER_2 OVER_3 OVER_4 OVER_5 OVER_6 OVER_7 OVER_8 OVER_9 OVER_10 OVER_11 OVER_12 OVER_13 OVER_14 OVER_15 OVER_16 OVER_17 OVER_18 OVER_19 OVER_20 OVER_21 OVER_22 OVER_23 OVER_24 OVER_25 OVER_26 OVER_27 TIME_1 TIME_2 TIME_3 TIME_4 TIME_5 TIME_6 TIME_7 TIME_8 TIME_9 TIME_10 TIME_11 TIME_12 TIME_13 TIME_14 TIME_15 TIME_16 TIME_17 TIME_18 TIME_19 TIME_20 TIME_21 TIME_22 TIME_23 TIME_24 TIME_25 TIME_26 TIME_27 
1.64029e+06 1.60187e+06 1.62782e+06 1.75014e+06 1.56753e+06 1.61695e+06 1.57116e+06 1.60204e+06 1.6784e+06 1.66457e+06 1.6063e+06 1.68707e+06 1.66929e+06 1.64389e+06 1.54135e+06 1.56908e+06 1.56874e+06 1.49101e+06 1.67581e+06 1.56361e+06 1.59346e+06 1.59526e+06 1.6139e+06 1.54988e+06 1.52056e+06 1.52927e+06 1.65244e+06 0 0 0 104 0 0 0 0 58 0 5 103 0 7 0 0 0 0 0 0 0 0 0 0 0 0 107 0 1 1 1 1 1 0 1 2 0 1 2 1 1 1 1 1 2 0 2 2 1 1 2 1 2 2
1.38009e+06 1.33206e+06 1.23495e+06 1.33077e+06 1.33447e+06 1.33538e+06 1.31533e+06 1.33216e+06 1.2464e+06 1.40664e+06 1.28843e+06 1.38284e+06 1.56582e+06 1.33106e+06 1.30844e+06 1.30458e+06 1.26612e+06 1.32256e+06 1.35182e+06 1.28384e+06 1.21615e+06 1.26967e+06 1.38609e+06 1.30542e+06 1.32523e+06 1.22947e+06 1.25743e+06 0 0 0 0 0 0 0 72 0 0 0 90 213 23 22 0 0 80 0 0 0 0 92 0 109 22 39 1 1 1 0 1 1 1 1 1 1 1 1 1 1 1 1 1 2 1 1 2 1 2 2 1 2 2
1.60812e+06 1.6173e+06 1.52705e+06 1.54209e+06 1.65282e+06 1.59399e+06 1.52963e+06 1.42963e+06 1.44464e+06 1.59815e+06 1.60584e+06 1.54394e+06 1.51304e+06 1.5199e+06 1.50447e+06 1.47557e+06 1.47129e+06 1.51693e+06 1.55078e+06 1.52346e+06 1.52054e+06 1.52409e+06 1.47542e+06 1.48003e+06 1.46175e+06 1.52607e+06 1.49121e+06 0 51 27 40 82 47 0 0 0 42 94 36 0 0 0 0 0 0 0 0 0 0 0 0 0 0 19 0 1 1 1 1 1 1 1 1 1 1 1 1 1 1 1 1 2 1 1 2 1 1 2 1 2 2
1.3448e+06 1.31317e+06 1.27547e+06 1.31516e+06 1.26933e+06 1.32529e+06 1.313e+06 1.315e+06 1.26435e+06 1.48848e+06 1.389e+06 1.29785e+06 1.32062e+06 1.26165e+06 1.27394e+06 1.32569e+06 1.26949e+06 1.30252e+06 1.36332e+06 1.27431e+06 1.27516e+06 1.28336e+06 1.23522e+06 1.24657e+06 1.34742e+06 1.25863e+06 1.26079e+06 0 0 0 0 0 4 0 29 53 77 80 0 0 0 0 28 17 0 7 23 0 0 0 4 0 0 18 1 0 1 1 1 1 1 1 1 1 1 1 1 1 1 1 1 2 1 1 2 1 2 2 1 1 2
1.48329e+06 1.38049e+06 1.44163e+06 1.48466e+06 1.45521e+06 1.4177e+06 1.49058e+06 1.50178e+06 1.43768e+06 1.42641e+06 1.47911e+06 1.43349e+06 1.44457e+06 1.42259e+06 1.42879e+06 1.45329e+06 1.37255e+06 1.41161e+06 1.52241e+06 1.55747e+06 1.47762e+06 1.38039e+06 1.40891e+06 1.39141e+06 1.36438e+06 1.33801e+06 1.42018e+06 0 0 0 0 0 0 0 59 0 0 0 0 0 0 0 0 0 55 0 67 65 0 0 0 0 0 31 1 1 1 0 1 1 1 1 1 1 1 1 1 1 1 1 1 1 1 2 2 1 1 2 1 2 2
1.62368e+06 1.62575e+06 1.58412e+06 1.62145e+06 1.55855e+06 1.50912e+06 1.60102e+06 1.51776e+06 1.46978e+06 1.63723e+06 1.50929e+06 1.55633e+06 1.46842e+06 1.55231e+06 1.58991e+06 1.55881e+06 1.5402e+06 1.46143e+06 1.58963e+06 1.52386e+06 1.59404e+06 1.55155e+06 1.49103e+06 1.49644e+06 1.51081e+06 1.47749e+06 1.48738e+06 0 12 0 0 0 0 0 0 0 24 0 0 0 0 1 0 0 0 0 0 0 0 0 0 0 0 0 1 1 1 0 1 1 1 1 1 1 1 1 0 1 2 1 1 1 1 2 1 1 2 2 1 1 2
1.55832e+06 1.56448e+06 1.53725e+06 1.55174e+06 1.48647e+06 1.55619e+06 1.54113e+06 1.46428e+06 1.47768e+06 1.5435e+06 1.514e+06 1.44832e+06 1.57673e+06 1.55678e+06 1.4592e+06 1.4827e+06 1.49079e+06 1.56548e+06 1.52558e+06 1.47437e+06 1.46576e+06 1.51479e+06 1.49791e+06 1.5407e+06 1.52472e+06 1.43854e+06 1.48005e+06 0 0 0 0 0 0 0 0 0 0 0 0 0 0 0 0 0 0 0 0 0 0 0 57 0 0 22 1 1 1 0 1 1 1 1 1 0 1 2 0 1 2 0 2 1 1 1 2 1 1 3 1 1 3
1.73157e+06 1.71772e+06 1.64404e+06 1.71959e+06 1.65683e+06 1.74269e+06 1.64699e+06 1.6081e+06 1.57456e+06 1.65579e+06 1.61452e+06 1.67527e+06 1.62407e+06 1.62829e+06 1.64527e+06 1.76311e+06 1.65124e+06 1.62208e+06 1.74445e+06 1.62761e+06 1.64042e+06 1.66686e+06 1.62107e+06 1.60183e+06 1.57554e+06 1.58752e+06 1.64611e+06 0 97 6 4 0 68 0 0 0 5 0 62 0 0 7 129 0 53 25 0 0 0 0 0 0 0 0 0 1 1 1 1 1 1 0 2 0 1 2 0 1 2 1 1 2 0 2 2 1 1 2 1 2 2
1.74548e+06 1.68638e+06 1.58275e+06 1.73855e+06 1.59601e+06 1.64985e+06 1.62114e+06 1.52957e+06 1.55521e+06 1.75841e+06 1.70571e+06 1.60287e+06 1.69956e+06 1.66248e+06 1.60262e+06 1.66634e+06 1.59034e+06 1.56388e+06 1.65565e+06 1.68592e+06 1.62177e+06 1.68923e+06 1.54042e+06 1.5639e+06 1.63102e+06 1.59301e+06 1.62528e+06 0 0 0 0 0 0 0 0 0 0 0 0 0 0 0 45 0 0 0 0 0 0 0 0 0 0 0 0 1 1 0 1 1 1 1 1 1 1 1 1 1 1 1 1 1 1 2 2 1 1 2 1 2 2
1.69837e+06 1.62576e+06 1.5576e+06 1.50967e+06 1.60559e+06 1.50435e+06 1.57824e+06 1.55108e+06 1.51694e+06 1.59994e+06 1.6295e+06 1.54231e+06 1.52075e+06 1.45406e+06 1.5339e+06 1.52931e+06 1.47997e+06 1.4732e+06 1.59242e+06 1.51554e+06 1.53256e+06 1.56452e+06 1.51233e+06 1.46419e+06 1.48808e+06 1.50297e+06 1.44409e+06 0 0 0 0 0 0 0 0 0 0 0 0 0 0 0 0 0 0 0 0 0 0 0 0 0 0 0 0 1 1 0 1 1 1 1 1 1 1 1 1 1 1 1 1 1 1 2 1 1 2 2 1 1 2
1.45499e+06 1.37277e+06 1.47768e+06 1.40257e+06 1.37656e+06 1.44805e+06 1.38502e+06 1.32476e+06 1.36961e+06 1.42557e+06 1.40149e+06 1.3991e+06 1.5212e+06 1.39687e+06 1.39123e+06 1.40378e+06 1.47076e+06 1.3246e+06 1.44921e+06 1.36728e+06 1.31351e+06 1.44149e+06 1.34214e+06 1.28082e+06 1.42761e+06 1.33301e+06 1.31867e+06 0 0 24 0 0 31 0 0 0 0 0 0 0 0 22 0 43 0 0 0 0 0 0 0 0 0 0 1 1 1 0 1 1 1 1 1 1 1 1 1 1 1 1 1 2 1 1 2 1 1 2 1 2 2
1.57805e+06 1.63299e+06 1.48517e+06 1.55128e+06 1.43366e+06 1.64658e+06 1.4614e+06 1.50426e+06 1.44471e+06 1.52843e+06 1.65873e+06 1.50669e+06 1.5822e+06 1.54047e+06 1.40831e+06 1.48309e+06 1.50034e+06 1.48633e+06 1.52854e+06 1.4882e+06 1.48685e+06 1.51815e+06 1.4675e+06 1.44843e+06 1.49799e+06 1.42739e+06 1.41075e+06 0 0 0 0 0 86 0 0 0 0 107 0 40 93 0 0 0 0 13 0 0 0 0 0 0 0 0 0 1 1 1 0 2 0 1 1 1 1 2 0 1 2 0 2 1 1 1 2 1 2 1 2 1 2
1.61062e+06 1.59454e+06 1.54717e+06 1.60185e+06 1.55805e+06 1.57764e+06 1.61085e+06 1.53095e+06 1.5246e+06 1.61269e+06 1.57634e+06 1.57109e+06 1.65231e+06 1.51401e+06 1.55809e+06 1.63879e+06 1.54037e+06 1.50938e+06 1.64209e+06 1.57382e+06 1.49447e+06 1.65619e+06 1.52731e+06 1.51415e+06 1.49597e+06 1.5727e+06 1.49066e+06 0 0 0 0 0 0 0 0 0 0 0 0 0 0 0 0 0 0 0 0 0 0 0 0 0 0 0 1 1 1 0 1 1 1 0 2 0 1 2 0 1 2 0 2 1 1 1 2 1 2 2 1 1 2
1.42192e+06 1.4747e+06 1.51319e+06 1.49213e+06 1.44131e+06 1.43553e+06 1.48514e+06 1.45813e+06 1.38932e+06 1.50093e+06 1.43381e+06 1.43007e+06 1.43052e+06 1.40297e+06 1.39031e+06 1.3894e+06 1.42747e+06 1.4251e+06 1.49739e+06 1.44675e+06 1.50181e+06 1.41999e+06 1.41474e+06 1.4093e+06 1.42591e+06 1.33614e+06 1.3464e+06 0 0 14 0 0 0 0 0 0 0 0 0 0 0 0 0 0 0 0 0 0 0 0 0 0 0 0 1 1 1 0 1 1 1 1 1 1 1 1 1 1 1 1 1 1 1 2 1 1 2 2 1 2 2
1.41397e+06 1.39193e+06 1.39441e+06 1.36802e+06 1.327e+06 1.38951e+06 1.37012e+06 1.31967e+06 1.25272e+06 1.45111e+06 1.36824e+06 1.34621e+06 1.43408e+06 1.36935e+06 1.38829e+06 1.36872e+06 1.31444e+06 1.3974e+06 1.38506e+06 1.51727e+06 1.41017e+06 1.45763e+06 1.44218e+06 1.32438e+06 1.40162e+06 1.33345e+06 1.42517e+06 21 0 0 23 0 31 0 0 0 0 30 56 65 34 0 48 9 104 0 98 87 94 77 13 66 77 125 0 1 1 1 1 1 1 1 1 0 1 2 1 1 1 1 1 2 1 2 2 1 2 2 1 2 2
1.32436e+06 1.38189e+06 1.29192e+06 1.33437e+06 1.283e+06 1.28463e+06 1.26261e+06 1.31402e+06 1.30911e+06 1.2964e+06 1.32011e+06 1.26446e+06 1.24764e+06 1.30628e+06 1.25203e+06 1.3462e+06 1.29648e+06 1.20687e+06 1.33845e+06 1.27046e+06 1.35776e+06 1.29872e+06 1.25304e+06 1.23257e+06 1.26547e+06 1.22909e+06 1.24908e+06 0 55 0 0 34 0 16 60 0 0 53 3 0 9 0 36 31 0 52 0 113 0 0 18 0 0 0 1 1 1 1 1 1 0 2 1 1 1 1 1 1 2 1 1 2 1 1 3 1 1 3 1 2 2
1.49177e+06 1.41836e+06 1.37679e+06 1.43731e+06 1.33057e+06 1.3721e+06 1.34622e+06 1.44705e+06 1.47528e+06 1.49056e+06 1.58299e+06 1.35994e+06 1.48076e+06 1.32998e+06 1.30786e+06 1.33902e+06 1.32035e+06 1.28164e+06 1.43194e+06 1.47855e+06 1.33206e+06 1.4391e+06 1.37223e+06 1.34169e+06 1.48939e+06 1.3851e+06 1.32848e+06 61 0 0 18 0 0 0 132 144 24 170 0 6 0 0 0 0 0 0 77 0 59 0 0 111 0 72 1 1 1 0 1 1 1 1 2 1 1 1 1 1 2 1 1 2 1 1 2 1 2 2 1 2 3
1.2528e+06 1.28381e+06 1.32112e+06 1.29375e+06 1.29167e+06 1.13674e+06 1.20903e+06 1.21233e+06 1.23035e+06 1.27237e+06 1.32307e+06 1.17895e+06 1.21885e+06 1.14604e+06 1.13995e+06 1.1525e+06 1.13619e+06 1.16134e+06 1.22345e+06 1.33366e+06 1.25937e+06 1.30507e+06 1.16124e+06 1.24193e+06 1.23778e+06 1.25628e+06 1.32104e+06 0 79 97 65 101 0 9 25 88 87 111 0 0 0 24 24 0 0 63 138 102 136 73 93 59 144 187 0 1 1 1 1 1 1 1 2 0 2 1 1 1 2 1 1 1 2 2 2 1 2 2 1 2 3
1.4591e+06 1.6573e+06 1.4099e+06 1.42444e+06 1.51765e+06 1.35703e+06 1.47357e+06 1.40806e+06 1.35388e+06 1.47264e+06 1.40775e+06 1.45717e+06 1.52857e+06 1.3714e+06 1.36874e+06 1.41047e+06 1.36683e+06 1.36831e+06 1.52191e+06 1.45326e+06 1.38165e+06 1.46263e+06 1.35774e+06 1.35593e+06 1.36453e+06 1.38156e+06 1.33466e+06 9 113 0 0 91 0 28 0 0 0 0 0 102 0 0 35 0 0 40 9 0 59 0 0 0 0 0 1 1 1 1 1 1 1 1 1 1 1 1 1 1 2 1 1 1 2 1 2 1 2 2 1 2 3
1.52874e+06 1.48977e+06 1.4717e+06 1.50323e+06 1.48149e+06 1.47466e+06 1.48426e+06 1.46945e+06 1.45001e+06 1.51791e+06 1.54818e+06 1.46138e+06 1.49203e+06 1.47291e+06 1.49231e+06 1.4444e+06 1.45257e+06 1.45754e+06 1.50541e+06 1.4618e+06 1.46788e+06 1.44696e+06 1.44275e+06 1.39617e+06 1.44601e+06 1.44948e+06 1.46433e+06 0 0 0 0 0 0 0 0 0 0 81 0 0 0 0 0 0 0 0 0 0 0 0 0 0 0 0 0 1 1 1 1 1 0 1 2 0 2 1 1 1 1 1 1 2 1 2 1 1 2 2 1 2 2
1.18806e+06 1.1908e+06 1.12488e+06 1.26469e+06 1.12183e+06 1.1299e+06 1.20558e+06 1.14892e+06 1.12157e+06 1.23395e+06 1.15362e+06 1.1651e+06 1.16693e+06 1.19244e+06 1.19089e+06 1.12833e+06 1.09003e+06 1.11489e+06 1.19424e+06 1.17098e+06 1.14629e+06 1.11872e+06 1.11372e+06 1.13559e+06 1.22422e+06 1.1737e+06 1.08064e+06 0 0 0 0 0 2 0 0 0 0 0 0 32 0 26 0 0 0 0 0 0 12 0 0 63 25 0 1 1 1 1 1 1 1 1 1 1 1 1 1 1 2 1 1 2 1 1 2 1 2 2 1 2 3
1.47277e+06 1.45457e+06 1.45262e+06 1.42059e+06 1.37965e+06 1.37903e+06 1.41491e+06 1.42018e+06 1.37887e+06 1.45114e+06 1.4358e+06 1.34917e+06 1.44323e+06 1.43162e+06 1.38407e+06 1.48389e+06 1.41863e+06 1.33296e+06 1.42733e+06 1.4653e+06 1.39299e+06 1.45002e+06 1.45976e+06 1.35765e+06 1.40017e+06 1.334e+06 1.42168e+06 0 0 0 0 0 0 0 0 0 0 14 0 0 0 0 0 0 22 0 58 0 0 0 0 0 0 34 0 1 1 1 1 1 0 2 1 1 1 1 1 1 1 1 1 2 1 2 2 1 1 2 2 1 3
1.42673e+06 1.38346e+06 1.35051e+06 1.41413e+06 1.32718e+06 1.35082e+06 1.40282e+06 1.33467e+06 1.34648e+06 1.38134e+06 1.41126e+06 1.33568e+06 1.38611e+06 1.35544e+06 1.33585e+06 1.34508e+06 1.30897e+06 1.32456e+06 1.39339e+06 1.41747e+06 1.33101e+06 1.34802e+06 1.26191e+06 1.3145e+06 1.3147e+06 1.31963e+06 1.2701e+06 0 0 0 0 0 0 0 0 0 0 0 0 0 0 0 0 0 0 0 2 0 0 0 0 0 0 0 0 1 1 1 1 1 1 1 1 1 1 1 1 1 2 0 2 1 1 2 2 1 2 2 1 2 2
1.2782e+06 1.19478e+06 1.26025e+06 1.24822e+06 1.25715e+06 1.26938e+06 1.26798e+06 1.24844e+06 1.15734e+06 1.2571e+06 1.19065e+06 1.28032e+06 1.2591e+06 1.21954e+06 1.20564e+06 1.24669e+06 1.16359e+06 1.16047e+06 1.2821e+06 1.26564e+06 1.19587e+06 1.24746e+06 1.18267e+06 1.18882e+06 1.1912e+06 1.19261e+06 1.13993e+06 0 25 28 0 0 0 0 0 0 17 0 17 0 8 0 0 0 0 0 0 0 0 0 0 0 3 0 0 1 2 0 1 1 1 1 1 1 1 2 0 2 1 1 1 2 1 1 2 1 2 2 1 2 2
1.43865e+06 1.40729e+06 1.32801e+06 1.38238e+06 1.35602e+06 1.39063e+06 1.41951e+06 1.35184e+06 1.2699e+06 1.42902e+06 1.32847e+06 1.39651e+06 1.35365e+06 1.38396e+06 1.34974e+06 1.41553e+06 1.31311e+06 1.28652e+06 1.48752e+06 1.37629e+06 1.33931e+06 1.3603e+06 1.31577e+06 1.32438e+06 1.31789e+06 1.33798e+06 1.32149e+06 0 32 0 0 0 0 42 0 0 0 0 36 0 0 0 72 0 0 62 0 0 0 0 0 0 41 0 1 1 1 0 1 1 1 1 1 1 1 2 1 1 1 1 1 2 1 2 1 1 2 2 1 2 3
1.5578e+06 1.53614e+06 1.36684e+06 1.43819e+06 1.42387e+06 1.45302e+06 1.4705e+06 1.43322e+06 1.34359e+06 1.62907e+06 1.44925e+06 1.43846e+06 1.47458e+06 1.41514e+06 1.42535e+06 1.40685e+06 1.42564e+06 1.3813e+06 1.45499e+06 1.37198e+06 1.36409e+06 1.4161e+06 1.4553e+06 1.35024e+06 1.39342e+06 1.36503e+06 1.35696e+06 0 65 0 0 0 0 0 0 0 91 0 0 0 0 0 0 0 0 0 0 0 0 24 0 0 0 0 0 1 1 1 1 1 1 1 1 1 1 1 1 1 2 0 2 1 1 2 2 1 1 2 2 1 3
1.38416e+06 1.34935e+06 1.36238e+06 1.4271e+06 1.35059e+06 1.27288e+06 1.32343e+06 1.32623e+06 1.32463e+06 1.43981e+06 1.32684e+06 1.31736e+06 1.32019e+06 1.24778e+06 1.32671e+06 1.34401e+06 1.32881e+06 1.29257e+06 1.41865e+06 1.35394e+06 1.33026e+06 1.34275e+06 1.36658e+06 1.34363e+06 1.37671e+06 1.27764e+06 1.26618e+06 0 0 45 0 0 0 0 0 0 0 0 0 0 0 0 0 0 0 0 0 8 0 0 19 0 0 0 0 1 1 1 1 1 1 1 1 1 1 1 1 1 2 1 1 1 1 2 2 1 2 2 2 1 3
1.59419e+06 1.5291e+06 1.69464e+06 1.54793e+06 1.4952e+06 1.52952e+06 1.53364e+06 1.49603e+06 1.53145e+06 1.51942e+06 1.52937e+06 1.49e+06 1.56274e+06 1.53942e+06 1.50848e+06 1.57283e+06 1.52001e+06 1.52059e+06 1.58053e+06 1.5178e+06 1.48356e+06 1.56257e+06 1.51388e+06 1.44732e+06 1.48773e+06 1.46324e+06 1.43569e+06 0 0 101 0 0 57 0 0 0 0 0 0 0 0 33 0 0 0 0 0 0 0 35 0 0 0 0 0 1 1 1 1 1 1 1 1 1 1 1 1 1 2 1 1 1 1 2 2 1 2 2 1 2 2
1.40359e+06 1.33163e+06 1.3521e+06 1.33621e+06 1.32884e+06 1.31034e+06 1.30959e+06 1.31821e+06 1.3152e+06 1.33397e+06 1.28504e+06 1.30187e+06 1.34244e+06 1.3274e+06 1.2354e+06 1.34944e+06 1.25565e+06 1.28963e+06 1.33547e+06 1.31257e+06 1.27106e+06 1.29838e+06 1.32873e+06 1.2983e+06 1.27951e+06 1.25554e+06 1.28228e+06 0 0 0 0 0 0 0 0 0 22 0 0 0 0 0 6 0 0 0 0 0 0 0 0 0 0 0 0 1 1 1 1 1 1 1 1 1 1 1 1 1 1 1 2 1 1 2 2 1 1 2 1 2 2
1.513e+06 1.58428e+06 1.44951e+06 1.48696e+06 1.43977e+06 1.45303e+06 1.4961e+06 1.43317e+06 1.56345e+06 1.52854e+06 1.48323e+06 1.4492e+06 1.42458e+06 1.48608e+06 1.4144e+06 1.49389e+06 1.39476e+06 1.42327e+06 1.51428e+06 1.4963e+06 1.43164e+06 1.50743e+06 1.46559e+06 1.45697e+06 1.43985e+06 1.4227e+06 1.40234e+06 0 9 0 0 0 0 0 0 130 0 0 0 0 0 0 0 0 0 6 0 0 29 0 0 0 0 0 1 1 1 1 1 1 0 1 2 1 1 1 1 1 2 0 2 1 1 2 2 1 2 2 1 2 2
1.16965e+06 1.16159e+06 1.19638e+06 1.1944e+06 1.22721e+06 1.18713e+06 1.12914e+06 1.22349e+06 1.18035e+06 1.17477e+06 1.10697e+06 1.17064e+06 1.08351e+06 1.15287e+06 1.11576e+06 1.16948e+06 1.06572e+06 1.08238e+06 1.14661e+06 1.12638e+06 1.10065e+06 1.12791e+06 1.08983e+06 1.09942e+06 1.139e+06 1.06871e+06 1.08544e+06 0 0 39 17 85 51 0 118 92 0 0 28 0 30 0 13 0 0 0 0 0 0 0 0 0 0 12 1 0 2 1 1 1 1 1 2 0 2 1 1 1 2 1 1 2 1 2 2 1 1 3 1 2 2
1.19937e+06 1.27555e+06 1.23025e+06 1.29192e+06 1.18395e+06 1.14176e+06 1.19216e+06 1.22305e+06 1.16735e+06 1.27411e+06 1.14622e+06 1.20835e+06 1.22994e+06 1.18651e+06 1.16784e+06 1.20058e+06 1.15115e+06 1.15649e+06 1.2398e+06 1.23956e+06 1.13039e+06 1.2329e+06 1.15969e+06 1.16422e+06 1.14602e+06 1.17845e+06 1.17339e+06 0 31 54 55 0 0 0 54 0 16 0 23 9 0 0 0 0 0 1 15 0 46 0 0 0 27 28 1 1 1 1 1 1 1 1 2 0 1 2 1 1 2 1 1 2 1 2 2 1 2 2 1 2 3
1.3173e+06 1.3198e+06 1.25818e+06 1.35492e+06 1.23285e+06 1.30324e+06 1.24091e+06 1.20736e+06 1.23466e+06 1.33059e+06 1.36778e+06 1.30885e+06 1.28218e+06 1.28409e+06 1.20177e+06 1.26533e+06 1.2944e+06 1.29393e+06 1.26154e+06 1.2242e+06 1.27725e+06 1.23351e+06 1.2595e+06 1.21667e+06 1.25109e+06 1.20864e+06 1.21311e+06 0 0 0 44 0 47 0 0 0 0 59 0 8 16 0 42 33 71 0 7 0 0 27 0 0 0 0 1 1 1 1 1 1 1 1 1 1 1 2 1 1 2 0 2 2 1 2 2 1 2 2 1 2 2
1.28943e+06 1.248e+06 1.27284e+06 1.35569e+06 1.23776e+06 1.30426e+06 1.40856e+06 1.19074e+06 1.20318e+06 1.32294e+06 1.21368e+06 1.23967e+06 1.24818e+06 1.24392e+06 1.26691e+06 1.27308e+06 1.22163e+06 1.25008e+06 1.29293e+06 1.1778e+06 1.23103e+06 1.26161e+06 1.2622e+06 1.22137e+06 1.24495e+06 1.24856e+06 1.16279e+06 0 0 25 26 0 42 113 0 0 0 0 0 0 0 0 34 0 75 0 0 0 0 39 0 0 1 0 1 1 1 1 1 1 1 1 2 0 2 1 1 1 1 1 2 2 1 1 2 2 2 2 1 2 3
1.47184e+06 1.36685e+06 1.39472e+06 1.4221e+06 1.43861e+06 1.34294e+06 1.37582e+06 1.41677e+06 1.3438e+06 1.43237e+06 1.46515e+06 1.34457e+06 1.374e+06 1.36472e+06 1.32415e+06 1.36479e+06 1.35302e+06 1.36906e+06 1.41624e+06 1.41992e+06 1.43597e+06 1.39237e+06 1.40056e+06 1.44798e+06 1.37733e+06 1.37237e+06 1.29724e+06 0 0 0 0 0 0 0 0 15 0 0 0 0 0 0 0 0 33 0 0 92 0 8 88 50 24 0 0 1 1 1 1 1 1 1 2 0 2 1 1 1 2 0 2 2 1 1 3 1 2 2 2 2 2
1.4069e+06 1.31503e+06 1.32501e+06 1.32575e+06 1.27665e+06 1.34837e+06 1.25445e+06 1.2663e+06 1.27e+06 1.38881e+06 1.37765e+06 1.38752e+06 1.31671e+06 1.3089e+06 1.30033e+06 1.35425e+06 1.26574e+06 1.29931e+06 1.30308e+06 1.32515e+06 1.25507e+06 1.31353e+06 1.27272e+06 1.27827e+06 1.27959e+06 1.25232e+06 1.3322e+06 8 0 21 22 0 0 0 0 0 39 17 38 0 0 0 25 0 0 0 0 0 0 0 0 0 0 76 1 1 1 0 1 1 1 1 2 0 2 1 1 1 2 1 1 2 1 1 3 1 1 2 2 1 3
1.42356e+06 1.39223e+06 1.35987e+06 1.37767e+06 1.39264e+06 1.35838e+06 1.39288e+06 1.36495e+06 1.4346e+06 1.38884e+06 1.39671e+06 1.34888e+06 1.44077e+06 1.37722e+06 1.349e+06 1.40809e+06 1.32731e+06 1.33077e+06 1.38857e+06 1.39435e+06 1.43683e+06 1.37772e+06 1.32512e+06 1.35026e+06 1.38109e+06 1.32065e+06 1.3392e+06 0 0 0 0 0 0 0 0 68 0 0 0 0 0 3 0 0 0 0 0 0 0 0 0 0 0 0 1 1 1 0 1 2 0 1 2 1 1 1 1 1 2 1 1 2 1 1 2 2 1 2 2 1 3
1.59715e+06 1.53788e+06 1.54428e+06 1.59969e+06 1.54517e+06 1.52595e+06 1.55963e+06 1.55127e+06 1.48046e+06 1.6011e+06 1.57598e+06 1.50196e+06 1.56947e+06 1.54954e+06 1.52312e+06 1.53349e+06 1.51511e+06 1.48186e+06 1.54154e+06 1.59061e+06 1.5284e+06 1.58803e+06 1.53746e+06 1.51678e+06 1.53873e+06 1.51671e+06 1.49928e+06 0 0 0 0 0 0 0 0 0 0 0 0 0 0 0 0 0 0 0 0 0 0 0 0 0 0 0 0 1 1 1 1 1 1 1 1 1 1 2 0 2 1 1 1 2 1 2 2 1 2 2 1 2 2
1.35534e+06 1.28031e+06 1.28722e+06 1.32966e+06 1.26406e+06 1.26073e+06 1.30944e+06 1.25563e+06 1.20859e+06 1.31907e+06 1.30143e+06 1.26476e+06 1.36797e+06 1.27886e+06 1.31035e+06 1.24363e+06 1.25451e+06 1.30624e+06 1.29904e+06 1.30767e+06 1.27442e+06 1.30481e+06 1.26213e+06 1.22477e+06 1.25789e+06 1.21067e+06 1.26453e+06 0 0 0 10 0 0 0 0 0 4 0 0 0 0 0 0 4 24 0 0 50 53 0 0 14 0 20 1 1 1 1 1 1 1 1 1 1 1 1 1 1 2 1 1 2 1 2 2 1 2 2 1 2 2
1.2965e+06 1.32071e+06 1.21288e+06 1.40292e+06 1.29049e+06 1.17409e+06 1.24724e+06 1.15002e+06 1.19195e+06 1.24524e+06 1.26122e+06 1.2305e+06 1.24202e+06 1.21124e+06 1.19924e+06 1.18524e+06 1.17342e+06 1.17113e+06 1.26649e+06 1.16266e+06 1.2505e+06 1.25082e+06 1.20969e+06 1.19566e+06 1.22366e+06 1.17828e+06 1.16884e+06 0 76 0 112 12 0 0 0 0 0 0 0 0 0 0 0 0 0 0 0 46 0 0 0 0 0 0 1 1 1 1 1 1 1 1 1 1 1 2 0 2 1 1 1 2 1 2 2 1 2 2 1 2 3
1.43431e+06 1.35764e+06 1.33344e+06 1.41667e+06 1.38063e+06 1.37648e+06 1.41541e+06 1.31077e+06 1.29671e+06 1.40642e+06 1.39236e+06 1.34784e+06 1.42024e+06 1.3087e+06 1.31465e+06 1.38375e+06 1.36396e+06 1.30996e+06 1.40829e+06 1.34382e+06 1.35239e+06 1.38446e+06 1.3808e+06 1.35211e+06 1.38938e+06 1.35726e+06 1.30281e+06 0 0 0 0 0 0 14 0 0 0 0 0 0 0 0 0 0 0 0 0 0 0 0 0 0 0 0 0 1 2 0 1 1 1 1 2 0 1 2 1 1 2 0 2 2 1 1 2 2 1 2 2 2 2
1.47543e+06 1.4828e+06 1.38912e+06 1.44666e+06 1.40285e+06 1.4251e+06 1.53845e+06 1.39292e+06 1.36826e+06 1.46401e+06 1.41793e+06 1.3928e+06 1.45151e+06 1.3971e+06 1.38457e+06 1.41168e+06 1.46196e+06 1.41402e+06 1.5e+06 1.3981e+06 1.44634e+06 1.46057e+06 1.3802e+06 1.51239e+06 1.39319e+06 1.32272e+06 1.46137e+06 0 16 0 0 0 0 74 0 0 0 0 0 0 0 0 0 0 0 21 0 0 0 0 99 0 0 25 1 1 1 1 1 1 1 1 1 1 1 2 1 1 1 1 2 1 2 1 2 1 2 3 1 2 2
1.53719e+06 1.40612e+06 1.43979e+06 1.40517e+06 1.38852e+06 1.3541e+06 1.40121e+06 1.36323e+06 1.32656e+06 1.41902e+06 1.38908e+06 1.35173e+06 1.41099e+06 1.34651e+06 1.3241e+06 1.3538e+06 1.36696e+06 1.32523e+06 1.44925e+06 1.35648e+06 1.35524e+06 1.36573e+06 1.38163e+06 1.35826e+06 1.37183e+06 1.41852e+06 1.3808e+06 61 0 0 18 0 0 0 0 0 0 0 0 0 0 0 0 0 0 0 0 0 0 0 0 0 83 0 1 1 1 1 1 1 0 2 1 1 1 1 1 1 2 0 2 1 1 2 2 1 2 2 1 2 3
1.38588e+06 1.38588e+06 1.32183e+06 1.32729e+06 1.41913e+06 1.33441e+06 1.35595e+06 1.35525e+06 1.35285e+06 1.35433e+06 1.34261e+06 1.3041e+06 1.36583e+06 1.30524e+06 1.32632e+06 1.35397e+06 1.36401e+06 1.33036e+06 1.33787e+06 1.35502e+06 1.3126e+06 1.32086e+06 1.32966e+06 1.38835e+06 1.33119e+06 1.29394e+06 1.29466e+06 0 32 0 13 27 0 0 0 0 0 0 0 0 0 0 0 0 0 0 0 0 0 0 50 0 8 0 0 1 1 1 1 1 1 1 1 1 1 1 1 1 2 1 1 2 1 2 2 1 1 3 1 2 2
1.51834e+06 1.48206e+06 1.60878e+06 1.49454e+06 1.40606e+06 1.3568e+06 1.44725e+06 1.46299e+06 1.40578e+06 1.4243e+06 1.50957e+06 1.41134e+06 1.48079e+06 1.41821e+06 1.42052e+06 1.38414e+06 1.42909e+06 1.50304e+06 1.45806e+06 1.3821e+06 1.40404e+06 1.448e+06 1.50522e+06 1.41649e+06 1.37371e+06 1.38122e+06 1.36034e+06 0 14 108 0 0 0 2 0 0 0 70 0 0 0 0 0 0 91 0 0 0 0 83 0 0 0 0 1 1 1 1 1 1 1 1 1 1 1 2 1 1 1 1 1 2 1 2 2 1 2 2 1 2 3
1.31726e+06 1.34734e+06 1.30601e+06 1.29212e+06 1.39949e+06 1.20604e+06 1.26283e+06 1.34364e+06 1.26847e+06 1.25069e+06 1.2464e+06 1.19661e+06 1.23496e+06 1.21175e+06 1.2614e+06 1.37293e+06 1.31449e+06 1.18053e+06 1.2629e+06 1.21686e+06 1.18485e+06 1.23877e+06 1.28823e+06 1.23545e+06 1.19503e+06 1.19934e+06 1.24123e+06 50 66 41 0 156 1 7 83 66 0 4 0 0 0 34 126 90 0 0 0 0 0 51 32 0 1 13 0 1 1 1 1 2 1 1 1 1 1 2 1 1 2 1 1 2 1 2 2 1 2 2 2 2 2
1.13173e+06 1.08207e+06 1.12019e+06 1.24711e+06 1.11047e+06 1.07995e+06 1.13269e+06 1.09001e+06 1.06922e+06 1.13556e+06 1.11159e+06 1.14429e+06 1.09814e+06 1.06738e+06 1.11126e+06 1.14131e+06 1.07012e+06 1.13886e+06 1.15764e+06 1.12929e+06 1.12391e+06 1.06872e+06 1.12366e+06 1.0507e+06 1.06075e+06 1.09151e+06 1.14762e+06 0 10 0 101 32 0 0 0 8 0 18 8 0 0 24 7 0 32 49 39 0 3 0 0 14 0 92 1 1 1 1 1 1 1 1 2 1 1 2 0 2 2 1 1 2 1 2 3 1 2 2 1 2 3
1.37379e+06 1.31019e+06 1.28353e+06 1.32493e+06 1.374e+06 1.3101e+06 1.33411e+06 1.31315e+06 1.25596e+06 1.36899e+06 1.30949e+06 1.26798e+06 1.38003e+06 1.32676e+06 1.24555e+06 1.28635e+06 1.26024e+06 1.25793e+06 1.32489e+06 1.325e+06 1.25723e+06 1.31294e+06 1.26124e+06 1.31318e+06 1.29272e+06 1.24324e+06 1.304e+06 0 0 0 0 50 0 0 18 0 0 0 0 25 0 0 0 0 0 2 0 0 0 0 0 0 0 58 0 1 1 1 1 2 0 1 2 1 1 1 1 1 2 1 1 2 1 2 2 1 2 2 1 2 3
1.2196e+06 1.18217e+06 1.28133e+06 1.18297e+06 1.16997e+06 1.13332e+06 1.26172e+06 1.18385e+06 1.10644e+06 1.19926e+06 1.18264e+06 1.26365e+06 1.31236e+06 1.15243e+06 1.12944e+06 1.18829e+06 1.18125e+06 1.12411e+06 1.24775e+06 1.20415e+06 1.17904e+06 1.21222e+06 1.15599e+06 1.15053e+06 1.18973e+06 1.18573e+06 1.12552e+06 0 19 69 0 0 0 31 42 0 8 0 70 91 0 0 16 8 0 27 0 0 0 22 0 5 20 0 1 1 1 1 1 1 1 1 2 0 2 1 1 2 1 1 2 2 1 1 3 1 2 2 1 2 3
1.31646e+06 1.32993e+06 1.28697e+06 1.28809e+06 1.30731e+06 1.14232e+06 1.25026e+06 1.15472e+06 1.21266e+06 1.22369e+06 1.37147e+06 1.20221e+06 1.27986e+06 1.18191e+06 1.2441e+06 1.15915e+06 1.27115e+06 1.09079e+06 1.19537e+06 1.27031e+06 1.17938e+06 1.15336e+06 1.15844e+06 1.17144e+06 1.19415e+06 1.16907e+06 1.19295e+06 47 68 22 34 84 0 0 0 50 24 156 0 43 8 36 0 127 0 0 114 0 0 0 0 0 19 56 0 2 1 1 1 1 1 1 1 1 2 1 1 2 1 1 2 2 1 2 2 1 2 2 2 2 3
1.30941e+06 1.30065e+06 1.24706e+06 1.3236e+06 1.25329e+06 1.25759e+06 1.27869e+06 1.27927e+06 1.26986e+06 1.33487e+06 1.27087e+06 1.30686e+06 1.3109e+06 1.28905e+06 1.25993e+06 1.24782e+06 1.24618e+06 1.2169e+06 1.28461e+06 1.26919e+06 1.24575e+06 1.31198e+06 1.26923e+06 1.22492e+06 1.27429e+06 1.21533e+06 1.21518e+06 0 0 0 0 0 0 0 0 0 0 0 0 0 0 0 0 0 0 0 0 0 0 0 0 0 0 0 0 1 1 1 1 1 1 1 2 0 1 2 1 1 1 1 2 1 1 2 2 1 2 2 1 2 3
1.27679e+06 1.24248e+06 1.25497e+06 1.28227e+06 1.21594e+06 1.21875e+06 1.24322e+06 1.20273e+06 1.19233e+06 1.27684e+06 1.33426e+06 1.17961e+06 1.21655e+06 1.2708e+06 1.19383e+06 1.22057e+06 1.18915e+06 1.22099e+06 1.25727e+06 1.24892e+06 1.17667e+06 1.24684e+06 1.19379e+06 1.25795e+06 1.22009e+06 1.19741e+06 1.21008e+06 0 0 0 0 0 0 0 0 0 0 33 0 0 0 0 0 5 0 0 0 0 0 0 53 0 0 0 0 1 2 0 1 1 1 1 2 0 2 1 1 2 1 1 2 2 1 1 2 1 2 3 1 2 2
1.37417e+06 1.37971e+06 1.34024e+06 1.36542e+06 1.3534e+06 1.29711e+06 1.32923e+06 1.27525e+06 1.25471e+06 1.35601e+06 1.35324e+06 1.35329e+06 1.33768e+06 1.39227e+06 1.25503e+06 1.3063e+06 1.28734e+06 1.27809e+06 1.33562e+06 1.30377e+06 1.27202e+06 1.43718e+06 1.28846e+06 1.26966e+06 1.28862e+06 1.33687e+06 1.26878e+06 0 32 0 0 47 0 0 0 0 0 0 47 0 32 0 0 0 0 2 16 0 68 0 0 0 58 0 1 1 1 1 1 1 1 1 1 1 1 2 1 1 2 0 2 2 1 1 3 1 2 2 1 2 2
1.33338e+06 1.27558e+06 1.29118e+06 1.30412e+06 1.36156e+06 1.3308e+06 1.28198e+06 1.25805e+06 1.22426e+06 1.30267e+06 1.24334e+06 1.24791e+06 1.27874e+06 1.2881e+06 1.34182e+06 1.24805e+06 1.27635e+06 1.18985e+06 1.28258e+06 1.33875e+06 1.23209e+06 1.26009e+06 1.27225e+06 1.26721e+06 1.25089e+06 1.27878e+06 1.18006e+06 19 0 22 0 112 77 0 0 0 0 0 0 0 36 76 0 37 0 0 58 0 0 22 36 0 37 0 1 1 1 1 1 2 0 1 2 1 1 1 1 2 1 1 2 2 1 2 2 1 2 2 1 2 3
1.33399e+06 1.31823e+06 1.31155e+06 1.33728e+06 1.38987e+06 1.28999e+06 1.3058e+06 1.28027e+06 1.31187e+06 1.30044e+06 1.27215e+06 1.27782e+06 1.3908e+06 1.36753e+06 1.26683e+06 1.27641e+06 1.28055e+06 1.28021e+06 1.34265e+06 1.3162e+06 1.27713e+06 1.28011e+06 1.25454e+06 1.24976e+06 1.30015e+06 1.36703e+06 1.27525e+06 0 0 0 0 75 0 0 0 32 0 0 0 47 57 0 0 31 0 0 3 0 0 0 0 0 66 0 0 1 2 0 1 2 0 1 2 1 1 2 1 1 1 1 2 2 1 2 2 1 1 3 1 2 3
1.29757e+06 1.28616e+06 1.23684e+06 1.43838e+06 1.23476e+06 1.19593e+06 1.23492e+06 1.28384e+06 1.22877e+06 1.26651e+06 1.27688e+06 1.21595e+06 1.23029e+06 1.21603e+06 1.23503e+06 1.24421e+06 1.22933e+06 1.25052e+06 1.25615e+06 1.26431e+06 1.21193e+06 1.27583e+06 1.23349e+06 1.21116e+06 1.23181e+06 1.20914e+06 1.19666e+06 0 0 0 87 0 0 0 39 0 0 30 0 0 0 0 0 0 0 0 0 0 0 0 0 0 0 0 0 1 1 1 1 1 1 1 2 1 1 1 1 1 2 1 1 2 1 2 2 1 1 3 1 2 2
1.14002e+06 1.17767e+06 1.11119e+06 1.15861e+06 1.25437e+06 1.1171e+06 1.22225e+06 1.06788e+06 1.08085e+06 1.14003e+06 1.07241e+06 1.10896e+06 1.1357e+06 1.08718e+06 1.16824e+06 1.10698e+06 1.07131e+06 1.06447e+06 1.11056e+06 1.11854e+06 1.10252e+06 1.11492e+06 1.10725e+06 1.09985e+06 1.10028e+06 1.08151e+06 1.13261e+06 0 58 0 0 131 12 78 0 0 0 0 0 0 0 100 0 0 0 0 0 22 0 0 0 0 0 39 1 1 1 1 1 1 1 1 2 1 1 1 1 1 2 1 1 2 1 2 2 1 2 2 1 2 3
1.38982e+06 1.38251e+06 1.32248e+06 1.34482e+06 1.28897e+06 1.29532e+06 1.32957e+06 1.32556e+06 1.27391e+06 1.38155e+06 1.31139e+06 1.29624e+06 1.33197e+06 1.28189e+06 1.35484e+06 1.25388e+06 1.26856e+06 1.26633e+06 1.36907e+06 1.30027e+06 1.31538e+06 1.29115e+06 1.25381e+06 1.41941e+06 1.31798e+06 1.28575e+06 1.22963e+06 0 0 0 0 0 0 0 0 0 0 5 0 0 0 8 0 0 0 0 0 0 0 0 113 0 0 0 1 1 1 1 1 1 1 1 1 1 1 2 0 2 1 1 2 1 1 2 2 1 2 3 1 2 2
1.37014e+06 1.34286e+06 1.31013e+06 1.31989e+06 1.2914e+06 1.33879e+06 1.3471e+06 1.29084e+06 1.29093e+06 1.32631e+06 1.30245e+06 1.27923e+06 1.30289e+06 1.29611e+06 1.31038e+06 1.2847e+06 1.31145e+06 1.271e+06 1.36046e+06 1.28059e+06 1.27557e+06 1.29662e+06 1.36679e+06 1.24556e+06 1.33644e+06 1.30272e+06 1.27384e+06 0 0 0 0 0 35 0 0 0 0 0 0 0 0 0 0 0 0 58 0 0 0 61 0 0 0 0 1 1 1 1 1 1 1 1 1 1 1 1 1 2 1 1 1 2 1 2 2 1 2 2 2 2 2
1.3945e+06 1.38769e+06 1.3883e+06 1.45986e+06 1.43165e+06 1.3899e+06 1.3616e+06 1.32497e+06 1.30805e+06 1.39633e+06 1.37224e+06 1.35782e+06 1.39803e+06 1.36342e+06 1.29984e+06 1.40442e+06 1.32265e+06 1.36193e+06 1.39677e+06 1.37152e+06 1.36541e+06 1.35248e+06 1.34405e+06 1.29934e+06 1.34899e+06 1.35297e+06 1.30664e+06 0 0 0 0 0 0 0 0 0 0 0 0 0 0 0 0 0 0 0 0 0 0 0 0 0 0 0 1 1 1 0 1 2 0 1 2 1 1 1 1 1 2 1 1 2 1 2 2 1 1 3 1 2 2
