1 15 22 30 25 40 45 33 59 59 
2 14 15 29 26 36 47 31 56 63 
3 15 18 24 23 36 45 28 54 71 
4 15 24 28 25 37 44 35 47 51 
5 14 21 31 23 33 46 33 55 55 
6 15 24 23 27 33 47 33 50 63 
7 15 24 29 24 38 47 35 56 76 
8 15 23 30 25 41 48 38 59 61 
9 15 22 28 22 39 45 36 60 61 
10 16 26 32 26 36 50 39 60 74 
11 16 26 31 28 43 51 33 57 72 
12 14 24 25 24 39 32 34 60 61 
13 15 26 27 27 41 50 39 59 66 
14 17 28 32 29 44 56 40 61 77 
15 17 26 32 29 44 50 40 58 77 
16 14 24 28 22 28 53 33 53 65 
17 14 22 25 23 39 43 35 53 60 
18 16 27 31 27 45 54 41 62 77 
19 17 21 31 29 38 52 41 67 80 
20 13 22 27 25 36 40 34 62 73 
21 15 23 32 22 40 38 30 54 84 
22 15 23 26 22 39 51 41 54 59 
23 13 22 31 29 38 48 36 59 76 
24 18 25 35 29 45 56 41 65 84 
25 14 22 19 25 43 47 33 67 75 
26 18 29 34 28 49 57 39 61 81 
27 17 24 30 25 44 55 38 63 61 
28 14 24 33 28 39 46 38 65 66 
29 15 26 31 26 42 50 37 64 77 
30 15 22 26 22 36 44 32 59 61 
31 16 19 35 26 36 57 37 64 75 
32 13 25 24 22 36 40 25 51 66 
33 16 25 32 24 41 47 35 58 71 
34 13 21 27 24 36 43 28 50 56 
35 17 25 31 28 38 49 33 52 62 
36 17 24 26 30 40 49 38 59 62 
37 16 25 29 29 43 54 42 65 72 
38 19 24 38 31 37 58 42 55 69 
39 16 25 31 30 41 48 38 53 62 
40 16 25 28 23 44 55 34 63 72 
41 19 27 24 26 46 57 45 53 80 
42 14 24 32 22 38 61 37 49 72 
43 15 25 32 30 45 63 39 58 82 
44 16 25 33 22 50 45 35 61 78 
45 15 23 30 24 40 55 36 58 65 
46 17 21 28 21 43 44 35 51 62 
47 17 23 31 26 50 50 36 54 63 
48 16 24 29 28 38 48 34 60 76 
49 18 20 32 30 38 51 40 77 81 
50 17 25 26 28 46 47 34 59 67 
51 14 22 31 25 38 46 40 60 63 
52 13 29 25 26 40 52 37 55 74 
53 15 28 31 27 46 55 35 48 75 
54 18 29 34 30 49 53 44 66 80 
55 17 24 31 26 39 55 39 61 64 
56 15 29 40 24 47 50 37 58 66 
57 14 23 33 29 43 46 40 55 87 
58 14 24 35 31 44 48 34 60 86 
59 19 28 29 33 53 60 42 69 77 
60 16 26 36 31 45 43 41 55 68 
