1 14 24 32 26 42 53 39 57 69 
2 15 22 31 28 41 38 32 61 72 
3 14 19 29 27 39 54 32 60 75 
4 14 23 26 21 35 49 29 53 55 
5 15 23 24 27 37 53 31 55 72 
6 13 21 29 27 38 41 30 44 73 
7 17 22 30 29 37 44 36 58 76 
8 17 23 30 26 34 53 35 53 65 
9 15 22 30 22 39 44 32 59 60 
10 14 20 29 27 37 49 38 52 64 
11 14 22 29 26 41 53 35 56 75 
12 13 24 25 26 29 49 29 49 67 
13 16 25 32 26 38 44 37 56 68 
14 16 26 33 29 44 54 40 61 80 
15 16 27 34 29 44 50 39 58 82 
16 13 25 22 24 33 49 35 56 62 
17 13 24 29 24 40 51 31 55 53 
18 15 24 29 29 42 54 40 56 68 
19 15 28 33 29 47 47 41 59 79 
20 14 25 26 23 41 46 31 48 59 
21 18 25 32 19 30 49 41 58 69 
22 16 22 28 22 41 49 32 48 67 
23 13 24 33 27 42 51 36 61 73 
24 18 28 29 29 47 41 38 57 79 
25 18 22 31 20 36 47 37 61 65 
26 17 29 36 31 47 57 40 64 82 
27 15 25 30 27 47 51 38 58 76 
28 16 22 30 22 41 49 35 62 65 
29 15 26 30 25 43 52 34 61 78 
30 15 22 31 24 33 55 34 56 52 
31 14 22 28 28 38 42 39 67 82 
32 14 20 26 20 37 44 34 48 60 
33 15 27 29 26 38 48 32 58 76 
34 15 18 28 22 37 43 36 50 61 
35 15 24 31 25 45 60 37 49 77 
36 15 25 37 26 39 57 40 57 62 
37 17 25 29 28 44 54 40 54 64 
38 20 30 33 32 46 50 34 67 91 
39 15 28 32 24 42 52 34 65 83 
40 19 26 28 31 43 53 33 57 81 
41 18 28 25 28 33 48 40 65 70 
42 17 22 27 24 40 47 34 46 62 
43 19 25 32 23 48 58 34 59 64 
44 15 23 30 29 44 64 38 54 70 
45 17 27 32 30 41 51 40 56 85 
46 15 23 29 26 34 49 30 61 62 
47 17 21 29 25 42 48 38 51 80 
48 15 26 32 25 41 50 40 64 72 
49 16 29 31 29 41 49 36 56 81 
50 17 24 31 29 48 52 33 60 71 
51 13 22 28 26 47 50 34 56 68 
52 16 22 30 24 45 59 34 68 65 
53 18 27 39 32 46 53 32 61 76 
54 17 25 33 27 44 57 38 59 81 
55 17 27 28 25 42 48 36 61 67 
56 14 26 30 27 37 63 41 66 79 
57 17 22 27 23 46 52 38 63 70 
58 15 27 27 25 38 49 41 58 74 
59 19 28 37 32 40 62 42 64 86 
60 17 21 32 27 43 47 46 67 60 
