1 15 23 28 26 38 45 37 60 73 
2 16 17 28 23 39 50 36 48 72 
3 16 22 27 28 42 54 35 60 63 
4 17 20 27 22 42 53 37 59 52 
5 15 22 32 20 42 51 37 55 74 
6 16 24 28 26 43 44 31 61 70 
7 16 23 32 27 42 51 29 63 75 
8 15 25 32 26 37 51 32 53 69 
9 14 18 28 21 38 51 33 49 69 
10 15 26 32 25 37 48 33 49 76 
11 15 25 32 26 37 45 38 58 73 
12 13 25 27 23 36 40 36 48 71 
13 15 22 29 22 37 51 33 61 75 
14 17 27 35 28 44 55 41 62 78 
15 16 27 33 28 44 57 40 65 79 
16 13 22 27 22 38 38 30 44 67 
17 16 21 26 23 37 44 35 58 64 
18 17 21 31 28 44 50 35 62 76 
19 16 26 33 25 46 56 39 63 72 
20 16 22 25 24 35 38 33 57 66 
21 16 24 33 26 40 48 42 59 75 
22 17 20 32 25 34 47 36 52 70 
23 16 26 29 29 44 51 40 41 76 
24 13 22 30 25 37 50 43 63 70 
25 17 26 26 23 36 43 32 57 56 
26 18 29 37 31 41 53 43 67 85 
27 15 28 34 28 36 60 42 64 75 
28 14 26 31 26 45 44 39 53 69 
29 16 27 32 22 42 54 39 64 77 
30 14 18 26 24 34 43 32 53 50 
31 16 24 31 28 38 59 38 54 77 
32 14 22 30 21 30 49 33 48 66 
33 16 28 31 27 34 52 40 57 86 
34 14 18 26 26 37 43 35 54 63 
35 15 21 28 25 41 53 37 63 78 
36 14 26 28 24 44 55 46 60 66 
37 17 26 33 31 42 48 39 61 71 
38 20 22 37 31 42 59 46 65 82 
39 14 26 30 24 41 45 39 50 76 
40 15 25 28 30 45 51 39 61 76 
41 13 27 31 33 44 43 42 64 85 
42 14 22 33 27 35 60 35 56 74 
43 19 22 35 28 44 53 40 64 74 
44 16 22 33 28 46 49 35 68 85 
45 19 26 30 24 40 57 37 47 71 
46 15 25 32 24 38 44 35 61 72 
47 14 22 29 28 47 50 40 55 61 
48 14 24 26 29 40 53 38 51 64 
49 18 29 32 32 46 58 40 58 85 
50 15 22 30 25 37 55 32 59 76 
51 17 20 31 25 34 49 34 57 65 
52 16 24 28 26 39 52 38 52 65 
53 17 22 31 27 49 58 42 63 66 
54 15 25 32 31 44 52 46 54 72 
55 15 20 31 28 45 54 40 64 74 
56 14 23 36 30 43 60 44 64 64 
57 16 23 37 31 36 55 36 56 71 
58 16 19 33 28 46 57 37 64 68 
59 18 27 35 26 47 58 48 60 95 
60 18 27 31 28 39 58 39 59 81 
