1 15 25 22 26 33 47 32 52 64 
2 15 25 28 27 42 41 35 57 64 
3 16 25 28 24 30 51 32 56 74 
4 17 22 24 27 43 52 34 53 68 
5 14 24 28 25 35 53 32 52 75 
6 14 24 24 25 41 48 35 58 67 
7 15 25 28 27 35 49 38 60 62 
8 14 23 30 22 38 49 33 56 68 
9 16 24 26 25 36 45 36 53 71 
10 15 23 27 27 42 44 39 62 74 
11 14 22 32 28 41 53 38 61 75 
12 13 23 26 25 43 49 34 54 65 
13 17 21 34 27 40 48 39 62 63 
14 17 27 32 29 44 54 40 61 78 
15 17 26 30 30 41 55 39 62 76 
16 13 21 27 23 36 46 30 57 56 
17 14 22 25 25 36 48 34 49 64 
18 17 22 31 29 42 56 35 56 82 
19 17 22 34 28 43 60 41 58 74 
20 14 21 26 22 41 55 29 42 64 
21 14 22 26 25 39 48 42 54 62 
22 13 22 30 23 42 41 28 54 67 
23 16 24 31 24 42 54 36 61 75 
24 18 26 31 27 48 47 39 66 74 
25 15 25 28 28 44 48 28 48 65 
26 15 27 36 30 43 61 43 69 84 
27 17 24 35 30 45 48 39 52 85 
28 13 25 30 29 43 52 37 63 78 
29 17 24 31 28 46 58 37 56 78 
30 17 20 22 26 33 46 32 56 65 
31 16 26 34 30 39 54 44 57 73 
32 13 18 25 23 30 51 27 61 57 
33 16 24 27 28 39 52 37 56 81 
34 15 22 27 23 40 48 35 53 61 
35 15 25 27 31 38 57 38 60 74 
36 15 24 30 28 44 56 35 55 70 
37 17 26 32 27 40 56 33 54 72 
38 19 27 31 30 51 52 43 59 84 
39 16 25 27 26 47 49 41 65 68 
40 15 27 24 27 40 53 42 61 84 
41 17 24 27 32 49 54 38 69 64 
42 14 22 26 24 45 46 39 53 68 
43 16 24 30 26 39 57 38 60 77 
44 14 28 33 30 42 43 41 55 72 
45 15 25 27 30 40 51 35 55 71 
46 14 27 29 26 38 44 32 57 63 
47 15 22 31 26 35 47 32 53 61 
48 16 26 27 25 42 51 38 59 65 
49 17 30 27 33 44 58 38 58 74 
50 18 26 27 26 43 52 35 59 66 
51 16 22 30 27 39 43 35 59 84 
52 16 24 31 26 39 46 34 62 73 
53 16 26 29 26 43 56 36 58 80 
54 17 28 35 30 45 56 40 71 75 
55 16 30 32 25 43 54 37 62 76 
56 16 27 27 27 48 49 38 63 78 
57 15 27 30 25 43 53 37 53 62 
58 13 27 31 27 47 49 34 47 72 
59 19 30 41 31 45 53 46 52 75 
60 16 26 36 25 44 59 44 58 80 
