1 16 26 29 22 44 47 40 54 73 
2 15 24 26 25 40 51 31 58 68 
3 13 18 31 20 36 46 30 48 76 
4 13 21 28 27 37 50 35 57 72 
5 16 25 28 23 41 42 37 47 73 
6 16 23 28 25 37 54 30 50 60 
7 15 25 29 27 43 50 38 55 69 
8 16 22 24 24 38 45 34 54 68 
9 14 24 26 22 31 47 30 55 63 
10 15 26 27 27 44 54 39 60 76 
11 16 26 27 19 35 50 37 60 74 
12 13 22 29 26 38 50 33 56 71 
13 15 24 33 27 37 46 39 62 70 
14 17 26 33 28 45 54 40 64 81 
15 16 27 34 29 47 54 39 56 77 
16 12 21 30 24 44 47 34 55 67 
17 13 20 29 26 37 47 35 62 60 
18 18 24 30 29 42 50 39 62 73 
19 17 22 34 29 46 54 42 63 72 
20 15 21 25 24 39 39 35 53 65 
21 16 22 30 27 43 52 31 59 82 
22 16 22 27 24 38 42 36 55 66 
23 14 26 24 29 45 55 39 53 71 
24 18 27 32 27 43 58 44 62 73 
25 15 25 30 20 42 55 36 57 69 
26 18 27 36 31 44 61 40 62 88 
27 15 25 34 31 42 47 36 59 69 
28 15 25 34 30 43 51 38 55 77 
29 17 23 24 32 44 48 35 60 66 
30 14 22 28 26 31 54 29 48 72 
31 14 27 35 28 41 54 40 65 77 
32 14 21 28 22 33 43 27 49 59 
33 16 23 33 26 40 49 35 55 74 
34 14 22 26 24 36 48 32 48 65 
35 14 23 29 24 38 48 37 60 63 
36 15 23 27 26 38 48 35 58 63 
37 15 24 29 26 38 48 38 59 68 
38 15 29 35 29 43 48 46 54 82 
39 17 24 31 28 49 47 39 46 69 
40 18 25 34 28 39 57 38 65 68 
41 17 23 34 20 41 55 42 66 73 
42 17 29 25 26 42 49 32 60 63 
43 14 25 33 30 47 52 41 62 66 
44 17 26 28 30 42 53 38 67 82 
45 14 28 32 30 44 58 38 65 71 
46 14 24 29 28 39 54 34 57 63 
47 17 25 35 31 39 54 34 53 62 
48 16 24 29 31 38 47 35 60 70 
49 18 30 34 32 43 52 44 61 80 
50 14 25 35 25 38 49 42 61 59 
51 14 20 29 32 35 53 37 54 72 
52 14 23 28 25 45 53 35 52 64 
53 17 30 36 32 47 53 37 68 79 
54 18 23 25 29 47 58 42 66 81 
55 15 28 27 30 42 52 35 60 75 
56 17 28 32 28 43 56 39 70 81 
57 17 24 25 30 48 54 32 63 67 
58 15 24 28 24 44 48 41 67 73 
59 19 30 32 28 45 52 41 74 82 
60 16 26 38 29 42 45 42 58 74 
