51762.8 52676.8 2 2
52783 53000.5 4 3
45135.5 45179.1 3 3
40218.4 40218.4 4 3
52776.7 52776.7 3 3
47279.8 48213.5 2 2
37986.4 37986.4 5 3
48155.9 50480 2 2
47421.3 47699.9 4 3
46520.3 46520.3 4 2
53249.3 53249.3 3 3
48099.9 48099.9 5 3
41954.1 42300 2 3
41230.9 41796.6 3 2
33531.1 33531.1 4 3
46561.4 46561.4 3 2
44273.5 44273.5 4 3
42401.8 42544.9 3 2
26573.7 27033.7 3 3
48483.8 48483.8 4 4
44183.2 45202.6 1 2
42668.4 42668.4 4 4
47793 48230.2 3 3
34136.4 34382.5 5 3
42774 42774 6 3
40542.7 40542.7 3 2
52285.3 52285.3 5 3
49718.5 49718.5 4 4
67385.8 67385.8 4 5
47427 47427 5 4
44433.6 44433.6 4 4
46587.9 46587.9 5 4
47055.4 49320.2 3 4
58481.4 58481.4 5 4
54123.1 54123.1 5 3
43203.5 43203.5 4 2
46300.5 46383.8 6 4
40163.1 40767.6 4 4
42874.6 43339.5 4 3
41822.3 41822.3 6 4
51542.8 51906.4 4 4
44654.3 44654.3 6 6
47746.6 47746.6 6 5
34411.4 34411.4 6 4
63228 63228 6 4
45088.5 45088.5 6 4
45665.6 45665.6 5 4
43295.2 43295.2 3 3
47933.7 47953.7 6 3
51926.6 51926.6 5 3
46170.9 46170.9 5 5
51615.5 51615.5 6 4
47104.9 47834 3 2
53207.4 53207.4 5 4
35540.4 35540.4 5 3
51654.1 51654.1 5 4
45995.8 45995.8 7 4
52203.9 52203.9 3 2
60796.8 60796.8 5 5
51116.9 51116.9 5 4
48023.8 49212 4 3
47777 47777 6 6
37842.9 37842.9 5 3
60880.2 60880.2 6 5
55877.8 55877.8 6 4
43615.8 43615.8 4 4
57784.3 57784.3 5 4
42016.2 42321.7 4 4
50497.9 51173.2 5 3
35193 35193 6 4
43858.3 44757.1 5 4
49817.8 49817.8 7 4
54921.8 54921.8 7 5
43242.5 43613.8 3 3
52608 52660.4 5 4
40516.9 40516.9 5 4
39735.2 39735.2 5 4
39941.5 39941.5 4 4
51516.5 51516.5 3 3
43533.7 43533.7 5 4
54624.2 54624.2 4 3
48215.5 48215.5 6 4
46941.6 46941.6 3 3
39097 39778.8 4 2
39221.3 39221.3 5 4
44808.9 44808.9 4 2
50497.8 51704.1 3 3
46344.7 46344.7 4 3
36396.4 36396.4 7 6
41731.6 43462.1 4 4
44824.5 45476.2 3 3
42331.3 43159 3 2
53191.9 53191.9 6 4
42315.1 42463.3 4 3
50652.9 50652.9 3 3
49614.8 49614.8 5 4
45309.9 46115.6 4 3
39796.9 41041 4 4
38146 43942.2 9 15
39791.1 40495.5 3 2
41791.9 41791.9 8 6
43506.4 44357 4 3
36107 36107 5 4
52231.3 52231.3 7 4
38570.2 38570.2 4 4
46802.7 46871.4 5 5
33239.1 33239.1 5 4
39899.4 39899.4 4 5
62237 62435.6 5 8
45081 45081 6 6
42673 43948.5 4 3
40843.1 41141 6 4
47949.5 47949.5 6 5
58901.2 59749.5 6 4
55218.4 55218.4 8 6
44603.2 44603.2 6 5
45454.3 45454.3 7 4
35016.4 35016.4 5 4
65446.9 65446.9 6 6
44078.8 44078.8 5 4
53631.4 55714.6 3 3
48340.6 48340.6 6 5
36872.4 36872.4 6 4
53678 53678 6 5
53306.3 53306.3 5 4
46387.6 46387.6 6 4
44421.9 44421.9 5 4
63201.7 63201.7 6 4
41710.3 41710.3 6 3
52213.5 52213.5 4 3
45643.8 45643.8 6 4
47177.3 47177.3 6 4
50869.1 50869.1 7 4
45816.9 45816.9 7 5
46587.8 46587.8 6 4
46668.3 46668.3 6 5
50308.5 50308.5 5 5
46125.9 46203.7 5 5
63433.5 63433.5 7 4
49852.1 49852.1 4 4
54250.1 54250.1 4 2
46727.5 46727.5 5 5
49957.2 49957.2 6 5
42156.7 42156.7 3 3
47196 47196 6 5
41503 41503 6 5
42283.9 42283.9 7 4
39459.3 39459.3 7 4
37741.2 37741.2 4 2
39659.2 39840.4 5 4
46557.6 47040 4 3
40611.6 40611.6 5 4
45240.9 45240.9 6 4
38802.5 38802.5 6 5
52322 52368.6 5 4
45148 45148 6 5
40729 40729 5 5
43522.9 44425.7 5 4
33300.8 33300.8 7 5
44556.6 44556.6 5 5
38785 39158 4 5
41959 41997.6 5 5
38827.5 39036.9 3 4
48606.3 48606.3 5 5
40382.4 40382.4 4 3
41394.2 41394.2 5 3
34529.7 34776.4 4 4
40031.1 40658.2 5 5
41023.6 41023.6 6 4
36721.7 36721.7 4 3
43665.7 43697.7 4 3
27704.4 27704.4 7 5
42843.1 42843.1 5 4
43063.9 43722.4 4 3
37351.8 37351.8 6 4
49258.9 49258.9 6 5
61099.7 61099.7 6 5
41593.4 41593.4 7 5
53359.2 53359.2 6 4
43569.4 43569.4 6 6
41746.7 41746.7 6 5
39391.3 39391.3 6 5
36387 36387 5 4
43603.2 43603.2 5 5
40416.4 40665.9 8 5
45523.4 45523.4 7 5
35870.5 35870.5 6 5
44122.2 44122.2 7 4
33015 33015 6 4
47263.6 47263.6 7 5
42377.1 42578 5 4
42998.4 42998.4 7 5
43342.3 43342.3 4 4
38585 38697.8 5 6
39578.8 39578.8 6 5
38046.2 38514.8 7 5
42599.5 42599.5 7 5
39056.2 39056.2 6 5
51462.4 52016.8 6 5
40853.2 40853.2 8 5
42546.6 42546.6 8 5
52623 52623 7 4
55167.6 55167.6 7 5
49642.8 49642.8 7 4
59144.1 59182.5 7 6
49763.3 49763.3 6 4
39160.9 39160.9 6 5
41398 41398 6 5
37707.6 37707.6 6 5
48747.6 48747.6 7 4
58984.1 59884.1 7 6
43168.3 43201.1 6 5
57104 57104 8 5
50249.5 50249.5 7 4
46394.5 46394.5 8 4
49856 49856 7 5
40276.7 40276.7 7 4
39009.5 39009.5 9 6
51456.3 51456.3 7 5
39074.8 39074.8 6 6
40273.1 40273.1 9 7
44962.5 45030.8 7 5
37693.4 37693.4 7 6
49668.9 49808.9 8 4
39274.5 39274.5 7 6
46220 46220 5 5
42006.1 42401.8 5 7
47328.4 47328.4 9 4
40056.8 40419.9 5 4
41993.2 42211.6 6 4
42796.6 42796.6 8 6
42844.7 42844.7 7 6
48306.5 48306.5 7 5
45889.2 45889.2 7 5
41831.7 42270.9 8 6
44536.2 44576.3 7 5
47698.6 48233.4 19 19
46712.5 46712.5 6 5
40679.8 40964.4 7 6
46587.4 46746.3 7 6
44895.2 45255.2 9 7
44284.9 44324.9 8 7
36296.8 36632.2 5 3
41637.6 41637.6 8 4
44566.9 44566.9 11 6
45345.3 46120.2 6 6
51184.7 51704.1 7 4
37480.9 37480.9 7 5
42418.8 42513.6 7 4
38939.7 39008.3 8 6
42764 42764 8 7
40932.3 40932.3 11 7
48214.9 48214.9 11 7
49181.7 49181.7 11 8
57378.1 58846 8 8
35705.7 35705.7 8 7
54370.3 54681.9 8 6
47360.2 47360.2 8 5
42378.7 42378.7 8 5
49877.8 49877.8 9 5
51665.8 51694.3 6 7
45790.2 45790.2 11 8
50975.2 50975.2 8 5
54963.5 56068.2 8 5
43651.9 43886.9 9 7
31181.1 31285.7 9 6
42360.6 42360.6 9 5
50594.3 50594.3 7 6
46403.8 46403.8 9 6
44547.3 45242.6 7 5
44679.7 45104.2 8 7
46226 47605.9 8 6
35408.9 35849.7 9 6
47860 47860 8 6
41138.2 41138.2 10 6
48761.7 48761.7 8 5
57107.6 57107.6 9 7
46545.6 46545.6 11 6
43839.7 43879.7 8 6
51723.9 51723.9 8 7
40583.8 41110.7 8 7
36842.6 37804.7 9 6
47380.6 47380.6 12 9
47216.8 47458.7 8 5
36539.8 37919.8 8 6
40075.3 40075.3 10 7
43195.8 43195.8 12 10
51393.5 51393.5 10 8
48392.9 48853.3 7 5
40529.9 42369.9 6 6
53011.6 53438.7 8 7
56296.6 56397 9 8
47338.4 47338.4 8 4
46903 46926.3 7 6
56504.7 56504.7 6 6
45474.7 46094.7 7 5
43486 43486 8 7
44928.2 45384.2 8 7
40804.9 41183.4 8 6
36204.7 36402.6 6 6
