52500.2 53168.4 0 1
52783 52783 0 2
45135.5 45179.1 0 2
40218.4 40218.4 0 1
52776.7 52776.7 1 1
47413.6 47680.6 0 1
37986.4 37986.4 1 1
47855.5 51094.5 0 2
47421.3 47421.3 1 0
46520.3 46520.3 1 1
53249.3 53444.2 1 0
48099.9 48099.9 1 1
41954.1 42743.8 1 1
41230.9 41230.9 0 1
33531.1 33671.1 1 1
46561.4 46561.4 0 1
44273.5 44834.8 1 1
42401.8 43334.9 1 1
26810 26810 0 1
48483.8 48483.8 1 1
44472.4 43854.7 1 1
42668.4 42668.4 0 2
47793 47793 0 2
34136.4 34136.4 0 2
42774 42774 1 1
40542.7 40542.7 0 1
52285.3 52285.3 1 1
49718.5 49718.5 1 1
67385.8 67385.8 1 1
47427 47427 1 2
44433.6 44433.6 1 1
46587.9 46587.9 1 1
47055.4 49242.4 0 1
58481.4 58481.4 1 2
54123.1 54123.1 1 1
43203.5 44434.6 0 1
46300.5 46324.7 1 2
40163.1 40163.1 0 2
42874.6 42874.6 0 2
41822.3 41822.3 1 1
51542.8 51542.8 1 1
44654.3 44654.3 1 1
47746.6 47746.6 1 2
34411.4 34411.4 1 1
63228 63228 1 2
45088.5 45088.5 1 1
45665.6 45665.6 1 2
43295.2 43295.2 0 1
47933.7 47953.7 1 1
51926.6 51926.6 1 1
46170.9 46170.9 1 1
51615.5 51615.5 1 2
47104.9 47834 0 1
53207.4 53207.4 1 1
35540.4 35540.4 1 1
51654.1 51654.1 1 2
45995.8 45995.8 1 2
52203.9 52953.4 0 1
60796.8 60796.8 1 2
51116.9 51116.9 1 1
48023.8 49116 1 1
47777 47777 1 2
37842.9 37842.9 1 1
60880.2 60880.2 1 2
55877.8 55877.8 1 1
43615.8 44101.1 1 1
57784.3 57784.3 1 2
42016.2 42321.7 1 1
50497.9 50497.9 1 1
35193 35193 1 2
43858.3 43858.3 1 1
49817.8 49817.8 2 2
54921.8 54921.8 2 3
43242.5 43613.8 0 1
52608 52660.4 1 2
40516.9 40516.9 1 1
39735.2 39735.2 1 1
39941.5 40050.5 1 1
51516.5 51840.7 1 1
43533.7 43533.7 1 1
54624.2 54624.2 1 1
48215.5 48215.5 1 1
46941.6 46941.6 1 1
39097 40400.9 1 1
39221.3 39221.3 1 1
44808.9 44808.9 0 1
50497.8 50849.3 1 1
46344.7 46344.7 1 1
36396.4 36396.4 1 1
41731.6 43435 1 1
44824.5 44960.9 1 1
42331.3 43343.5 0 1
53191.9 53191.9 1 2
42315.1 42315.1 0 2
50901.3 51183.5 0 1
49614.8 50143.5 1 1
45309.9 46006.4 1 1
39796.9 39796.9 1 1
39588.8 41187.1 1 10
40495.5 40495.5 1 1
41791.9 41791.9 1 2
43506.4 43996.4 1 1
36107 36223.6 1 1
52231.3 52231.3 1 2
38570.2 38603.6 0 1
46802.7 46871.4 1 1
33239.1 33239.1 1 1
39899.4 39899.4 1 1
62237 62237 1 2
45081 45121.1 0 2
42673 42673 0 1
40843.1 40843.1 1 1
47949.5 47949.5 1 2
59117.8 59373.1 0 1
55218.4 55218.4 1 1
44603.2 44603.2 1 2
45454.3 45454.3 1 1
35016.4 35016.4 1 2
65446.9 65446.9 1 1
44078.8 44078.8 1 1
54749.4 54928 1 1
48340.6 48340.6 1 2
36872.4 36872.4 1 1
53678 53678 1 2
53306.3 53306.3 1 2
46387.6 46387.6 1 2
44421.9 44421.9 1 1
63201.7 63201.7 1 2
41710.3 41710.3 1 1
52213.5 52213.5 1 1
45643.8 45643.8 1 2
47177.3 47177.3 1 1
50869.1 51584 1 2
45816.9 45816.9 1 2
46587.8 46587.8 1 2
46668.3 46668.3 1 1
50308.5 50308.5 1 2
46125.9 46125.9 1 2
63433.5 63433.5 1 2
49852.1 50928.8 1 1
54250.1 54331.1 1 1
46727.5 46727.5 0 2
49957.2 49957.2 1 2
42156.7 42156.7 1 1
47196 47196 1 1
41503 41503 2 1
42283.9 42283.9 2 1
39459.3 39459.3 1 2
37741.2 37741.2 1 1
39659.2 39659.2 1 2
46557.6 47040 0 2
40611.6 40611.6 1 2
45240.9 45240.9 0 2
38802.5 38802.5 1 2
52368.6 52368.6 1 1
45148 45148 1 2
40729 40729 1 1
43522.9 44425.7 1 2
33300.8 33382.8 1 1
44556.6 44556.6 1 2
38785 39536.8 1 3
41959 41959 1 1
38827.5 38858 1 1
48606.3 48606.3 1 1
40382.4 40723.5 1 1
41394.2 41472.6 1 2
34529.7 34529.7 0 1
40031.1 40031.1 1 2
41023.6 41023.6 1 2
36721.7 36721.7 0 1
43697.7 43790.6 1 3
27704.4 27704.4 1 2
42843.1 42843.1 1 1
43063.9 43144.9 1 1
37351.8 37351.8 1 1
49258.9 49258.9 1 2
61099.7 61099.7 1 1
41593.4 41593.4 2 1
53359.2 53359.2 2 1
43569.4 43569.4 1 2
41746.7 41746.7 1 2
39391.3 39391.3 1 2
36387 36387 1 1
43603.2 43603.2 1 2
40416.4 40416.4 1 2
45523.4 45523.4 2 2
35870.5 35870.5 1 2
44185.4 44122.2 1 2
33015 33015 1 1
47263.6 47263.6 1 2
42377.1 42649.1 1 2
42998.4 42998.4 1 2
43342.3 43356 0 2
38585 38585 1 1
39578.8 39578.8 2 1
38046.2 38049.2 2 1
42599.5 42599.5 1 2
39056.2 39056.2 1 2
51462.4 51462.4 1 1
40853.2 40853.2 1 2
42546.6 42546.6 2 1
52623 52809.2 2 1
55167.6 55167.6 2 1
50349.2 49642.8 2 1
59144.1 59182.5 1 2
49763.3 49763.3 1 2
39160.9 39160.9 1 2
41398 41398 1 1
37707.6 37760.8 2 1
48747.6 48747.6 1 2
58984.1 59524.1 1 2
43168.3 43168.3 1 2
57104 57104 2 1
50249.5 50249.5 2 2
46394.5 46394.5 1 2
49856 50528.9 1 2
40276.7 40720.5 2 1
39009.5 39009.5 1 3
51456.3 51456.3 1 1
39074.8 39074.8 2 1
40273.1 40273.1 2 1
44962.5 44962.5 1 2
37693.4 37693.4 1 2
49668.9 50868.9 2 2
39274.5 39274.5 1 2
46220 46220 1 1
42006.1 42430.7 1 5
47448.4 47388.4 1 2
40056.8 40263.3 1 2
41993.2 42424.1 1 2
42796.6 42796.6 1 3
42844.7 42844.7 1 2
48306.5 48306.5 1 1
45889.2 45889.2 2 1
42131.7 41931.7 2 2
44536.2 44576.3 1 2
47698.6 47698.6 2 17
46712.5 46712.5 1 3
40964.4 40964.4 1 2
46587.4 46587.4 2 1
44895.2 44895.2 1 2
44284.9 44324.9 1 2
36337.7 36840.7 1 2
41637.6 41689.4 1 2
44566.9 44566.9 1 2
45345.3 45764.9 1 2
51224.7 51184.7 2 2
37480.9 37502.9 2 3
41973.6 41878.8 3 2
39008.3 38939.7 2 3
42804 42764 2 2
40932.3 40932.3 1 2
48214.9 48214.9 2 2
49181.7 49181.7 1 3
56886.1 58270.2 1 1
35705.7 35705.7 2 2
54370.3 54681.9 1 2
47360.2 47360.2 2 1
42378.7 42378.7 1 2
49877.8 49877.8 2 1
51665.8 51665.8 2 1
45790.2 45790.2 2 2
50975.2 50975.2 1 3
55763.6 55763.6 1 2
43651.9 43851.9 1 3
31181.1 31181.1 1 2
42600.6 43413.4 2 2
50594.3 51798.3 1 2
46403.8 46403.8 2 2
45486.2 44767.3 2 2
44839.3 45104.2 1 3
46226 46226 1 2
35408.9 35829.7 1 2
47860 47960.8 2 2
41138.2 41138.2 1 2
48761.7 48797.6 1 2
57107.6 57136.1 1 2
46545.6 46545.6 1 3
43839.7 43879.7 3 3
51723.9 51723.9 2 3
40583.8 40583.8 3 3
36842.6 36842.6 1 2
47380.6 47380.6 1 2
47216.8 47255.6 2 2
36539.8 36539.8 1 2
40075.3 40075.3 1 2
43195.8 43195.8 2 1
51393.5 51395.5 2 2
48392.9 48912.9 1 2
40529.9 40529.9 1 2
53011.6 53438.7 2 4
56397 56296.6 1 2
47338.4 47338.4 2 2
46903 46903 2 2
56504.7 57012.5 2 2
45474.7 45797 2 2
43486 43701.8 1 2
44928.2 44928.2 2 1
40804.9 41183.4 2 3
36204.7 36540.7 1 2
