1 3 6 7 8 6 10 16 15 5 7 15 13 13 17 26 23 7 12 16 17 11 21 25 32 
2 3 6 6 8 6 14 15 17 5 9 11 11 9 17 26 25 6 12 16 15 11 23 26 29 
3 2 7 6 7 5 12 13 21 5 8 11 11 10 18 17 20 5 9 14 12 10 20 23 36 
4 3 7 8 8 6 11 13 17 4 8 11 12 9 17 23 25 7 9 14 14 12 23 29 33 
5 3 7 6 9 6 16 17 17 5 9 10 11 9 15 20 23 6 10 14 14 12 23 28 30 
6 3 7 8 8 7 12 16 19 6 9 11 13 10 18 22 23 7 13 14 17 11 22 27 37 
7 5 6 8 9 10 14 20 19 6 9 12 14 9 18 23 24 8 12 17 20 15 22 27 32 
8 3 6 8 10 7 10 15 17 5 10 10 15 9 18 24 28 8 11 15 17 12 25 29 33 
9 3 5 6 9 6 11 13 15 4 8 11 11 8 19 21 23 6 10 14 14 12 20 31 28 
10 3 5 8 8 5 15 15 16 4 10 15 14 9 23 22 26 6 10 15 16 12 21 29 31 
11 4 6 7 8 6 13 17 17 6 10 11 12 11 19 21 26 7 11 16 16 11 26 29 33 
12 4 6 9 10 6 11 12 17 6 7 12 11 9 19 23 28 6 12 13 15 12 22 27 30 
13 3 6 10 10 6 10 17 26 5 10 12 11 12 18 26 24 7 11 16 15 12 21 31 34 
14 4 8 8 12 6 15 17 17 6 10 13 17 10 18 29 29 8 14 16 19 15 30 39 41 
15 4 6 8 7 5 11 13 14 5 9 11 12 11 21 20 27 7 12 14 18 12 27 27 31 
16 2 6 8 6 6 14 14 18 5 8 11 14 7 17 19 21 5 9 13 13 10 19 28 27 
17 3 6 8 9 6 10 14 18 5 9 10 13 9 16 22 24 6 11 13 14 13 19 30 27 
18 4 5 7 10 7 13 15 16 5 9 14 17 10 18 26 26 6 12 16 17 10 22 29 32 
19 3 7 7 9 8 13 19 20 6 12 13 13 12 22 28 27 6 13 18 19 13 28 38 41 
20 3 5 7 9 7 9 17 17 4 9 10 12 9 16 20 24 6 9 13 13 11 21 29 30 
21 3 4 7 7 5 9 13 16 5 7 10 11 7 16 21 22 5 9 12 17 11 18 26 27 
22 2 6 7 8 6 11 15 15 4 8 9 11 10 14 19 24 6 8 13 13 9 20 25 25 
23 3 6 7 8 7 11 13 17 5 9 13 15 7 17 25 20 6 10 13 15 11 21 31 31 
24 4 7 8 14 6 11 16 23 5 8 11 13 11 17 29 30 6 13 14 15 11 24 33 31 
25 3 7 8 6 6 13 13 18 5 9 11 12 9 17 21 24 5 10 13 15 10 20 27 35 
26 3 5 8 10 6 13 14 20 5 9 12 16 10 17 26 30 6 12 14 14 13 22 28 41 
27 3 7 8 9 6 12 15 15 5 11 12 14 10 18 22 26 6 11 16 16 12 21 35 34 
28 3 7 7 8 5 12 17 17 4 7 11 12 10 16 23 28 6 10 13 16 12 21 26 28 
29 3 7 7 11 6 12 13 15 5 10 11 14 9 18 22 24 6 11 15 16 13 20 30 36 
30 2 5 5 7 5 9 11 23 4 8 11 10 7 15 21 24 6 9 12 15 9 20 31 30 
31 3 5 7 7 6 10 14 16 4 8 11 12 8 16 21 23 6 10 14 14 10 19 28 32 
32 3 5 6 6 6 9 11 13 3 8 9 11 9 15 19 19 5 9 11 12 9 16 23 26 
33 4 5 6 10 6 11 15 14 4 8 12 10 8 15 22 25 5 9 11 15 10 20 28 35 
34 3 4 6 6 5 8 12 16 4 7 11 11 9 14 17 20 5 10 13 12 9 19 22 25 
35 3 7 6 8 6 11 19 15 5 8 12 12 8 18 25 31 6 12 13 17 13 25 28 37 
36 4 5 8 7 7 11 14 16 4 8 11 12 8 17 21 24 5 10 15 15 10 19 31 32 
37 3 6 6 10 5 10 16 16 4 8 12 12 8 16 21 22 6 10 13 17 10 18 30 30 
38 4 5 9 7 6 10 18 17 5 8 12 16 9 18 29 27 7 10 15 17 11 22 28 34 
39 4 5 7 10 5 11 12 14 3 7 10 13 8 18 23 28 6 10 14 14 10 24 30 35 
40 3 5 9 10 5 12 14 17 4 9 11 13 9 17 23 27 5 11 13 17 10 21 28 36 
41 3 7 7 7 6 11 13 16 5 9 13 15 9 18 24 24 6 11 14 16 11 23 28 36 
42 3 7 6 8 5 11 12 13 4 9 10 11 8 17 18 20 5 10 14 12 11 19 28 28 
43 4 6 8 11 5 11 14 17 5 10 12 14 9 20 22 27 6 11 13 15 11 20 30 32 
44 3 5 6 9 5 10 14 14 4 8 10 13 9 15 21 26 5 10 12 17 11 18 23 30 
45 3 7 7 8 5 12 14 15 4 9 12 13 10 15 21 27 6 10 15 15 12 21 25 33 
46 4 4 7 8 6 12 13 16 5 8 11 14 7 15 23 22 6 9 17 15 9 19 28 26 
47 5 5 8 9 5 12 20 16 4 7 11 12 8 17 19 23 4 11 14 15 9 21 29 30 
48 3 6 7 7 5 10 16 15 5 9 9 15 8 15 20 23 5 9 13 13 10 24 25 31 
49 3 6 7 8 7 10 13 21 5 8 13 12 11 16 28 26 6 11 12 15 11 24 29 28 
50 2 6 6 12 7 12 15 16 5 10 12 11 10 20 23 26 5 12 12 15 11 21 30 30 
51 3 6 7 7 6 12 14 16 5 9 11 12 7 18 24 24 5 10 15 13 11 21 27 30 
52 3 5 8 9 5 11 12 20 5 7 11 12 8 17 23 27 6 10 14 14 9 20 30 30 
53 4 5 7 8 5 12 13 15 4 7 11 11 10 15 23 26 6 11 13 16 11 23 25 30 
54 4 8 8 8 7 11 13 20 5 11 16 13 11 19 23 30 5 12 15 18 10 24 28 32 
55 3 4 6 8 5 12 12 17 4 7 12 11 8 15 21 23 6 9 15 12 11 19 27 30 
56 3 5 6 9 5 11 15 16 5 9 12 14 8 18 24 23 6 10 14 14 11 24 27 32 
57 3 5 8 6 6 10 13 12 4 8 9 11 9 15 18 21 5 10 12 13 10 20 24 27 
58 3 6 9 8 7 12 15 24 5 9 12 14 11 17 22 25 6 11 13 16 10 26 30 30 
59 3 6 10 11 8 10 15 19 6 9 13 16 11 25 25 26 5 11 15 17 13 22 30 36 
60 4 5 7 7 7 9 14 13 3 8 11 13 8 17 24 22 5 10 14 13 10 21 24 32 
