1 3 6 7 7 7 11 18 15 6 9 12 12 9 15 26 22 6 11 17 14 11 20 27 30 
2 3 7 6 9 7 12 17 14 4 8 11 12 8 16 24 26 7 12 12 13 11 21 26 30 
3 3 5 6 6 6 13 12 19 5 7 11 11 8 17 19 21 5 11 12 12 10 23 23 26 
4 3 5 7 9 7 11 14 17 4 8 12 13 9 16 25 28 6 11 14 15 11 20 27 27 
5 2 7 7 7 6 16 18 14 5 9 11 13 9 18 26 25 6 11 15 15 11 20 29 29 
6 5 6 8 9 6 10 14 16 5 10 11 14 9 17 22 29 7 11 13 16 12 24 26 35 
7 3 8 6 7 8 16 19 23 5 10 12 13 11 20 22 27 7 11 13 16 14 25 26 35 
8 4 6 6 12 7 11 17 18 6 9 12 14 10 19 21 26 6 12 15 14 12 25 26 34 
9 4 5 7 8 6 13 13 15 5 9 10 13 9 16 28 25 6 10 14 13 12 19 26 29 
10 3 5 7 10 8 11 15 18 5 8 12 12 8 21 22 28 6 12 17 15 12 21 29 30 
11 4 7 8 10 9 12 16 19 5 9 11 14 10 18 24 22 7 11 15 18 12 24 28 30 
12 4 6 7 9 6 13 14 17 5 8 12 13 9 16 21 24 7 11 12 15 13 22 26 31 
13 3 6 9 9 7 14 17 14 5 12 11 12 9 21 21 24 6 10 17 16 12 24 30 34 
14 6 6 11 8 7 13 14 19 6 10 16 16 10 24 25 33 7 12 16 16 14 31 31 37 
15 3 7 8 9 7 17 16 16 6 9 12 15 9 20 24 26 7 11 15 15 13 20 27 37 
16 4 6 7 8 5 9 15 22 5 10 12 12 8 18 20 23 6 10 13 13 9 19 25 31 
17 3 7 6 9 7 11 17 16 5 8 10 11 10 14 21 25 6 11 13 15 9 19 27 29 
18 4 6 7 8 6 12 16 20 5 8 11 13 10 17 24 33 6 11 16 17 12 21 35 33 
19 3 7 8 8 5 14 16 21 5 9 16 17 11 20 26 25 7 11 13 18 13 24 33 33 
20 3 5 7 6 6 11 12 18 4 9 12 13 12 15 19 28 5 10 14 14 10 21 28 31 
21 3 4 6 7 5 8 17 12 4 8 10 11 7 15 22 23 5 10 12 14 9 17 27 32 
22 3 4 8 9 6 10 14 15 4 8 10 11 9 14 20 27 5 10 12 14 10 20 31 29 
23 4 5 9 6 6 10 13 16 5 9 10 11 8 18 25 26 6 11 14 14 13 18 27 30 
24 3 6 8 7 8 14 18 17 5 11 12 14 10 20 27 30 6 12 15 20 13 26 33 38 
25 3 6 9 8 5 11 24 19 5 11 13 10 11 20 23 25 6 10 13 16 9 21 27 35 
26 4 8 7 9 6 14 20 15 4 8 10 12 9 17 23 26 6 11 17 15 12 25 28 31 
27 3 7 7 9 7 11 18 17 5 11 14 14 10 18 24 28 7 10 16 17 12 24 31 34 
28 3 5 9 10 6 12 13 16 4 8 13 10 11 16 25 23 5 11 14 14 11 21 30 31 
29 4 6 11 10 7 16 17 20 5 10 12 12 9 21 24 30 7 12 15 16 11 27 30 33 
30 2 7 6 9 5 12 13 18 4 9 10 11 7 17 17 21 6 10 13 13 10 20 25 27 
31 2 6 8 9 5 9 16 14 4 8 10 10 8 19 19 25 5 11 15 15 10 23 29 31 
32 3 5 7 7 6 12 17 18 4 11 10 11 9 14 20 29 5 10 12 14 10 19 27 29 
33 3 6 7 6 7 10 16 13 5 7 13 14 8 18 21 25 4 10 17 13 10 17 25 31 
34 3 5 8 7 6 9 13 14 3 9 10 11 8 14 21 25 5 9 12 16 9 19 22 31 
35 3 5 9 9 5 12 13 20 4 9 11 11 10 20 24 22 5 10 14 15 11 23 31 33 
36 3 5 6 8 5 9 16 18 4 7 9 11 7 15 22 22 5 10 13 15 11 18 27 29 
37 3 5 8 9 6 9 17 17 4 8 10 12 7 19 24 26 6 9 14 16 10 20 24 28 
38 3 6 8 8 6 11 15 18 4 10 12 12 9 18 28 31 7 12 15 18 11 22 36 35 
39 3 5 10 9 6 10 16 18 6 8 9 12 12 16 23 27 5 9 16 15 9 19 30 34 
40 3 5 8 7 7 12 13 21 4 8 12 12 7 21 25 28 5 10 13 15 11 20 27 36 
41 4 5 10 7 5 10 13 16 4 8 10 13 8 18 23 24 7 12 14 14 11 19 27 31 
42 3 7 7 6 7 11 14 18 4 7 10 11 8 16 19 22 6 10 13 13 10 20 28 33 
43 2 8 7 9 6 10 16 19 6 10 12 13 9 20 23 25 6 11 15 15 13 23 31 30 
44 3 7 6 7 5 10 19 17 4 8 10 10 7 16 22 26 5 9 13 15 10 21 26 29 
45 2 6 8 8 5 11 15 16 4 9 13 11 9 16 20 22 6 11 14 14 12 22 28 31 
46 3 6 8 7 5 11 13 15 4 8 12 10 8 15 21 26 6 10 13 15 11 19 26 29 
47 2 5 7 10 5 12 18 14 4 7 12 13 9 19 19 27 5 9 13 14 11 20 25 29 
48 3 7 8 7 7 12 14 18 4 8 12 12 8 17 22 26 5 10 13 14 11 20 24 31 
49 4 6 7 8 6 10 13 19 4 8 13 13 9 18 21 27 5 11 15 17 10 19 27 34 
50 2 6 6 8 7 10 16 19 5 10 11 12 9 17 23 26 5 11 14 16 10 21 28 28 
51 3 7 7 10 6 11 14 19 5 8 13 14 8 18 24 28 5 10 16 13 10 20 28 34 
52 3 6 7 11 7 11 15 15 4 10 13 11 9 17 24 23 5 11 16 14 10 21 26 35 
53 3 7 6 8 6 11 15 17 4 8 13 10 8 19 23 27 6 10 15 15 12 22 28 35 
54 3 6 9 8 5 9 18 21 4 8 11 13 9 17 29 26 7 11 15 16 12 22 31 32 
55 3 5 8 8 5 10 13 16 5 7 12 12 7 16 23 25 6 10 12 15 10 19 27 28 
56 3 6 7 10 6 11 20 16 5 7 13 12 9 18 25 27 5 10 14 20 14 22 27 33 
57 3 4 8 6 5 11 11 12 4 7 9 11 10 16 23 24 5 9 12 13 10 20 27 27 
58 2 5 8 9 6 11 15 18 4 9 12 11 9 16 27 27 6 11 13 17 11 19 30 32 
59 4 6 9 10 7 13 15 21 5 8 12 14 9 21 27 25 6 11 13 19 11 26 36 36 
60 2 6 8 7 6 10 16 19 5 9 13 10 8 19 19 21 6 10 12 14 9 20 28 27 
