1 13 24 33 37 20 43 58 67 18 39 52 60 37 62 88 126 27 41 55 68 46 105 116 141 
2 11 24 31 29 30 37 67 60 20 30 40 57 43 69 80 106 23 43 55 56 44 79 103 118 
3 12 19 28 31 22 32 49 60 16 32 37 51 30 71 86 90 19 36 51 57 53 73 96 112 
4 15 21 32 33 27 53 74 62 18 35 50 49 36 66 91 104 20 45 55 69 38 78 110 153 
5 12 23 30 32 21 37 60 57 20 27 49 51 30 64 86 85 23 35 51 56 49 74 100 124 
6 12 27 35 34 23 68 71 84 21 36 51 54 39 68 94 108 22 47 70 74 45 97 127 140 
7 13 26 32 30 22 48 59 63 19 39 56 55 42 67 99 102 25 41 61 73 50 77 112 126 
8 15 19 35 40 30 50 71 79 22 35 48 52 32 65 85 96 24 47 59 63 44 79 124 126 
9 16 22 35 33 31 56 62 77 24 36 47 67 35 74 94 104 24 45 57 79 45 123 122 135 
10 13 26 29 46 28 44 68 62 23 35 45 61 36 66 93 103 27 39 61 71 42 88 124 147 
11 16 29 32 46 37 48 75 74 22 40 52 66 40 73 113 138 30 50 60 72 57 94 131 134 
12 13 31 40 41 28 48 73 74 26 45 59 66 34 73 98 111 24 47 66 63 53 83 143 133 
13 13 26 29 36 27 56 58 92 19 37 44 62 37 75 110 123 29 47 69 76 53 86 137 173 
14 15 31 31 37 30 53 73 84 27 38 62 59 46 85 100 129 30 60 66 78 54 87 131 168 
15 16 23 34 39 27 38 53 73 23 34 48 63 36 73 92 109 24 50 57 67 43 80 113 125 
16 9 17 22 31 18 39 45 78 14 29 39 46 27 58 79 83 19 34 49 55 34 69 109 119 
17 11 15 30 24 19 43 45 54 20 24 38 43 28 51 65 85 16 31 53 61 34 62 84 127 
18 16 21 28 37 24 41 78 79 16 29 40 50 35 60 90 86 19 35 50 52 41 63 102 111 
19 10 17 30 34 23 34 53 57 14 31 36 48 27 55 83 88 17 34 55 58 32 66 106 129 
20 9 16 30 28 20 38 48 57 16 32 36 45 26 58 94 88 18 33 48 61 34 67 100 112 
21 10 19 28 36 21 35 59 58 18 31 41 51 28 55 92 98 19 34 47 50 33 65 104 118 
22 12 18 28 38 31 32 50 72 16 25 45 45 30 51 79 101 21 33 45 52 33 67 92 109 
23 10 23 27 30 20 42 66 74 15 31 43 52 42 56 75 124 26 35 49 60 38 83 95 111 
24 14 18 25 27 24 42 47 50 18 30 45 48 31 57 91 102 20 40 44 60 37 79 101 106 
25 10 22 38 31 27 44 60 64 18 31 52 44 32 62 83 96 20 39 50 64 37 77 95 128 
26 12 21 33 30 28 36 61 69 16 30 44 50 39 70 96 98 19 41 59 67 39 78 121 128 
27 10 27 34 45 25 43 59 65 19 36 49 54 30 67 84 104 21 40 54 58 39 77 109 134 
28 13 23 34 31 19 43 51 67 17 29 49 53 35 63 91 111 22 37 51 58 38 76 106 121 
29 15 21 25 30 21 43 64 55 22 31 43 50 32 60 84 104 21 45 53 58 37 73 108 107 
30 12 20 24 26 18 51 82 54 15 29 49 46 32 74 87 92 20 36 52 62 53 71 93 127 
31 8 15 23 29 15 28 42 58 13 28 34 40 26 53 76 87 19 31 45 46 36 57 119 94 
32 11 18 21 33 18 30 43 46 13 30 38 46 26 51 82 82 18 37 43 53 32 64 87 105 
33 12 23 24 39 17 45 57 59 20 27 33 48 31 53 91 112 20 38 51 53 35 72 101 112 
34 9 21 21 32 17 35 48 72 14 24 32 57 27 56 88 85 20 34 45 52 31 67 98 119 
35 8 25 35 26 25 36 68 69 16 31 43 44 31 59 87 100 17 39 58 58 33 68 108 130 
36 11 22 26 36 25 35 97 77 20 27 36 47 28 54 75 94 21 35 49 58 38 76 103 130 
37 10 16 28 32 21 40 61 69 19 24 37 42 30 52 85 91 21 33 40 49 39 66 88 102 
38 10 21 31 30 24 38 55 72 15 34 39 49 27 65 95 96 23 34 50 57 39 62 95 115 
39 8 19 21 47 23 37 48 75 17 30 42 37 25 62 74 86 18 30 44 61 31 68 93 105 
40 12 21 22 32 19 37 46 55 16 28 37 41 29 51 87 79 18 36 54 51 38 66 86 106 
41 9 20 26 33 18 39 52 75 16 29 39 42 31 57 81 96 20 40 49 61 39 69 98 115 
42 14 22 40 42 20 57 58 71 16 34 42 50 35 66 92 111 18 39 62 61 44 69 106 130 
43 12 21 26 30 24 41 64 87 17 28 43 47 41 62 86 102 20 37 50 69 37 79 101 115 
44 12 19 24 31 21 42 65 53 17 26 40 45 30 51 76 87 17 35 47 57 36 62 96 111 
45 13 22 28 31 20 54 62 58 15 30 42 54 30 60 76 93 18 43 47 65 40 69 99 131 
46 10 16 26 24 17 33 46 56 13 25 41 47 24 49 72 91 17 31 38 53 34 66 81 113 
47 11 17 24 31 17 29 41 51 15 25 33 41 25 48 70 82 15 33 44 47 28 58 89 86 
48 9 23 23 23 24 36 55 54 14 26 32 52 25 65 78 111 16 34 50 50 41 62 93 130 
49 9 16 22 29 24 37 50 57 20 30 40 39 26 45 81 120 16 28 41 55 33 65 89 105 
50 10 18 25 27 19 34 59 61 15 30 35 38 27 51 67 89 18 33 44 54 35 64 95 98 
51 12 18 26 30 21 32 59 54 17 30 49 44 33 61 84 91 18 32 50 52 31 67 88 112 
52 8 23 26 24 18 29 55 48 13 26 41 38 26 46 68 71 16 33 44 49 32 67 80 116 
53 11 19 25 25 22 32 53 69 15 27 42 45 27 59 75 99 19 32 54 64 33 74 113 128 
54 12 20 25 25 19 41 54 58 16 27 38 54 29 59 86 88 17 37 49 58 35 62 95 97 
55 12 17 20 25 18 47 68 72 15 26 45 40 28 55 85 87 16 28 48 50 37 72 92 116 
56 8 20 31 33 22 38 48 56 19 28 40 48 27 50 78 85 18 37 46 52 32 67 92 117 
57 11 20 30 30 20 42 54 61 18 27 39 56 32 52 85 91 20 33 50 60 43 73 104 115 
58 13 21 24 35 21 46 54 64 16 33 43 59 33 64 79 98 21 38 51 60 35 77 111 112 
59 9 18 32 32 16 31 49 55 15 26 42 42 25 52 71 89 21 33 51 53 36 78 102 111 
60 11 15 21 24 18 33 64 66 17 26 42 46 26 58 75 100 18 36 49 58 38 74 97 106 
