1 18 35 36 33 31 52 73 84 19 46 47 58 39 75 109 113 23 49 59 81 47 84 126 143 
2 13 20 26 37 26 45 52 73 20 35 46 51 36 70 103 96 20 39 56 62 43 89 109 116 
3 14 17 29 26 21 38 59 71 15 29 41 53 41 66 78 111 20 36 53 66 42 78 95 132 
4 13 24 44 36 28 42 77 88 19 37 51 62 36 78 95 112 21 49 60 64 46 97 115 147 
5 13 22 30 27 27 41 56 62 16 34 44 47 32 65 86 84 22 36 49 70 43 78 106 114 
6 17 21 29 44 29 42 67 74 21 34 46 55 38 64 104 104 29 45 63 74 44 101 119 142 
7 14 20 31 32 32 41 61 97 19 38 47 62 45 83 85 126 26 45 54 67 55 78 113 147 
8 23 30 39 32 23 56 58 79 23 38 48 50 33 73 100 111 24 42 55 69 50 83 126 129 
9 15 25 28 41 31 42 70 80 20 39 65 58 42 85 108 127 26 45 64 72 49 97 124 134 
10 13 26 38 36 28 51 72 83 24 41 60 67 36 79 95 115 31 52 58 75 49 91 129 161 
11 18 29 39 40 29 50 70 78 23 38 67 70 44 89 110 121 29 48 70 78 59 105 142 161 
12 20 25 38 46 29 48 91 87 24 40 52 72 42 81 117 117 28 52 68 82 53 99 123 144 
13 15 26 32 38 33 47 65 99 27 52 55 62 44 78 95 109 25 44 68 74 50 83 119 151 
14 21 29 39 53 49 75 70 83 25 37 54 54 47 78 117 129 32 51 65 73 59 92 145 156 
15 13 25 36 43 31 50 67 79 19 39 48 57 44 74 101 119 25 42 68 67 48 105 141 138 
16 10 19 27 36 21 39 52 56 19 42 39 47 31 60 92 111 22 38 62 56 40 79 110 133 
17 9 18 33 29 20 35 50 74 16 28 42 48 27 63 78 92 19 33 48 54 37 68 90 114 
18 14 29 32 32 32 39 77 73 15 27 45 52 33 58 92 132 21 32 50 55 42 77 115 114 
19 11 20 33 28 25 52 55 62 18 34 36 50 37 61 81 93 19 36 49 57 39 79 111 115 
20 10 18 25 35 19 37 59 72 20 29 49 52 29 58 80 101 21 39 55 66 37 73 94 125 
21 10 18 32 31 26 41 58 63 19 28 37 43 31 64 87 87 19 37 51 57 37 69 90 131 
22 11 25 30 34 27 42 44 52 14 32 38 47 30 55 77 91 20 38 49 57 34 80 96 112 
23 16 23 31 32 25 41 49 60 24 34 51 57 33 67 92 112 25 38 51 53 44 70 103 135 
24 12 19 28 29 21 37 61 61 20 31 41 45 32 53 80 93 22 41 50 61 44 77 111 116 
25 10 22 34 35 24 41 67 69 18 34 49 49 32 71 83 96 24 43 55 68 50 84 122 138 
26 14 20 38 36 22 60 61 58 19 33 44 58 38 57 92 98 22 42 56 69 42 91 120 134 
27 14 31 37 36 24 54 59 73 20 34 58 64 33 64 83 124 24 48 59 66 40 89 136 124 
28 11 22 35 36 23 41 71 70 16 33 45 59 33 64 87 95 23 50 56 70 45 76 118 163 
29 9 21 29 30 27 46 54 54 19 30 45 54 39 66 86 92 21 39 53 68 40 93 99 122 
30 10 24 29 38 31 39 57 66 16 32 44 58 31 71 95 94 20 42 62 56 42 89 114 125 
31 11 21 24 27 19 43 47 54 13 27 33 41 29 54 96 83 19 36 47 54 39 94 94 112 
32 14 19 23 25 18 30 52 80 22 29 44 40 30 52 83 88 18 38 47 60 36 70 102 121 
33 11 26 24 37 20 38 50 74 15 33 43 48 31 58 76 85 19 35 53 59 34 77 104 113 
34 13 20 25 29 18 35 67 58 16 29 46 42 30 56 80 92 20 43 63 57 38 74 111 106 
35 12 24 30 33 26 48 78 54 16 30 50 59 30 60 92 99 20 44 51 65 36 78 105 125 
36 10 18 24 36 22 41 58 91 14 27 41 53 29 65 97 100 23 43 50 75 37 75 108 135 
37 10 22 27 34 21 33 50 59 14 32 43 42 26 57 94 89 18 35 47 59 45 69 101 120 
38 12 25 26 36 19 37 48 90 16 31 48 55 35 61 84 88 24 35 52 65 44 77 100 140 
39 12 17 28 32 22 33 59 63 15 33 54 46 26 60 73 95 20 33 46 69 37 72 116 115 
40 10 31 36 28 22 38 53 67 16 26 40 58 28 51 74 81 22 36 49 53 39 79 102 118 
41 10 18 28 38 21 46 72 61 17 34 41 49 30 55 97 106 19 34 51 54 43 71 104 111 
42 19 22 32 40 23 41 57 65 25 40 45 60 34 64 103 104 21 41 55 67 46 92 126 139 
43 11 27 26 31 23 38 57 73 19 29 45 56 34 65 89 101 22 47 55 63 41 78 119 126 
44 15 16 25 33 22 36 61 63 17 29 41 46 29 57 72 86 19 42 54 62 45 73 98 111 
45 16 18 26 36 24 32 74 56 17 34 48 49 36 58 91 98 23 37 56 68 39 82 110 118 
46 11 16 20 30 17 35 50 53 15 28 37 46 25 57 86 95 17 39 46 63 40 76 104 110 
47 12 16 23 30 19 47 63 56 13 23 36 37 29 52 77 86 16 31 43 53 31 56 93 96 
48 14 20 21 26 24 46 52 63 16 30 38 49 27 53 77 107 19 34 51 55 35 73 94 125 
49 11 20 25 25 16 41 75 66 14 24 33 52 26 53 70 81 22 36 63 63 34 64 106 101 
50 16 20 32 35 22 38 47 59 15 29 41 45 29 57 73 97 18 35 48 50 35 68 98 113 
51 10 22 29 31 23 46 55 62 17 29 52 40 28 54 91 118 23 32 48 64 38 66 90 116 
52 9 19 28 33 16 36 51 53 15 31 38 43 29 62 76 79 19 33 52 61 34 67 84 111 
53 10 19 25 34 18 37 73 55 15 34 40 46 32 56 86 94 18 41 49 51 35 79 98 125 
54 11 24 23 38 25 40 69 75 17 33 52 51 33 61 83 98 20 36 55 55 35 69 94 124 
55 10 26 27 32 20 32 56 64 15 40 44 44 26 57 94 95 18 36 49 51 37 63 103 105 
56 12 22 28 32 28 32 47 58 14 26 34 48 28 63 90 96 23 39 49 69 44 64 106 116 
57 10 22 31 29 20 40 52 88 15 34 42 48 38 65 90 110 22 37 59 60 40 71 109 115 
58 12 19 25 32 26 37 60 89 20 36 45 54 34 63 84 100 21 36 59 69 43 72 100 122 
59 12 25 27 29 23 38 66 60 16 36 45 53 33 66 94 108 19 35 51 58 39 82 98 108 
60 9 17 24 32 18 35 51 58 19 27 38 40 30 57 77 92 19 34 47 61 36 67 105 105 
