1 15 30 36 42 31 52 63 77 24 37 63 58 42 83 104 121 30 46 60 70 48 84 115 161 
2 12 21 29 39 27 48 63 92 21 31 41 61 43 61 95 95 24 46 62 72 46 85 121 130 
3 10 24 33 30 21 36 47 74 14 31 52 60 31 71 81 118 24 44 50 61 45 71 102 113 
4 13 23 36 42 21 41 53 65 19 31 56 62 38 75 103 111 28 43 64 69 52 77 112 134 
5 13 27 32 36 20 46 50 64 16 34 38 50 38 58 77 103 22 44 63 56 42 82 102 130 
6 14 26 29 36 23 47 69 78 24 42 52 62 38 66 87 115 29 49 59 66 42 84 125 127 
7 13 24 42 38 27 58 67 82 23 42 46 65 44 61 94 106 26 52 68 72 46 80 119 152 
8 13 19 28 42 20 45 67 83 20 34 53 51 41 74 90 114 32 51 72 67 48 91 118 158 
9 17 22 41 41 27 49 71 72 20 46 49 70 37 79 94 113 30 48 62 80 48 88 128 150 
10 11 22 39 45 29 48 68 76 23 38 67 55 41 79 115 136 28 46 68 75 48 95 118 165 
11 18 32 38 48 29 53 68 74 23 40 63 75 44 80 108 126 26 54 68 76 56 119 135 169 
12 14 34 36 39 28 50 82 70 25 46 56 78 46 73 116 117 30 56 67 74 56 102 135 147 
13 20 28 44 49 33 66 78 86 28 35 54 58 47 71 99 119 27 56 67 73 59 101 122 174 
14 18 27 36 48 35 53 64 83 31 42 57 65 57 84 102 135 37 59 71 80 53 91 131 173 
15 12 28 35 40 25 58 57 64 21 36 51 55 40 73 101 113 24 45 60 67 50 90 128 145 
16 10 19 24 34 19 39 61 79 18 31 40 50 29 73 82 103 19 46 53 61 37 75 113 131 
17 10 16 40 25 20 33 51 55 14 30 56 51 37 48 101 105 18 38 56 54 36 65 119 119 
18 14 28 25 44 25 54 61 54 18 32 45 64 33 73 94 107 25 33 49 61 46 74 98 122 
19 11 26 30 25 19 35 56 67 17 31 44 45 33 53 77 92 22 39 59 58 41 71 108 119 
20 9 19 25 34 23 38 50 74 16 27 42 49 29 64 95 96 22 36 52 55 41 75 122 126 
21 14 22 26 34 30 45 61 69 20 34 42 59 32 58 76 86 23 36 50 61 37 79 93 113 
22 12 18 29 29 27 42 56 53 20 29 44 49 29 54 85 126 19 33 49 64 42 64 101 113 
23 9 24 31 44 32 46 70 59 18 39 42 50 31 72 91 91 20 42 62 62 49 72 109 109 
24 14 20 24 30 25 41 65 79 18 34 39 46 32 65 86 97 20 37 56 58 46 76 109 136 
25 15 23 44 31 18 46 47 63 20 34 59 50 38 74 79 103 24 39 53 62 40 74 109 136 
26 11 23 28 33 25 46 64 67 18 34 43 52 32 79 88 103 25 39 66 59 42 80 117 136 
27 11 21 35 36 26 44 60 85 23 36 43 59 39 73 91 137 27 45 56 64 46 98 123 146 
28 13 19 31 33 23 44 63 76 21 37 52 54 31 83 115 111 22 40 65 74 38 81 112 122 
29 10 19 33 29 22 41 71 63 21 33 44 50 32 68 94 129 21 42 56 61 44 93 101 135 
30 10 24 35 30 22 44 65 71 19 30 39 63 41 62 87 101 21 40 53 60 38 74 130 117 
31 13 19 22 30 15 46 42 74 16 27 42 44 25 49 93 91 18 38 42 53 35 72 104 103 
32 9 19 31 32 23 51 58 56 16 28 41 41 32 56 85 107 19 34 49 55 33 62 96 106 
33 18 27 30 30 18 35 52 61 19 27 45 48 28 75 74 103 21 37 45 52 34 76 106 127 
34 9 18 30 33 21 43 45 63 15 29 36 49 30 57 80 112 21 36 51 58 39 68 103 129 
35 11 28 24 43 22 35 73 63 16 27 39 58 30 59 84 117 21 35 48 62 41 76 109 135 
36 11 18 23 39 19 53 58 75 18 30 53 56 36 56 83 111 18 46 59 62 41 77 113 167 
37 13 21 28 35 18 39 46 63 14 29 41 42 26 54 72 83 22 31 51 57 37 71 96 119 
38 11 20 30 31 23 42 64 63 16 31 39 53 35 57 89 92 19 38 56 57 34 68 113 127 
39 13 17 37 31 26 32 41 75 15 30 38 48 26 57 101 84 22 35 48 54 45 65 97 117 
40 11 20 29 26 21 33 57 74 19 27 41 44 30 65 78 106 20 37 46 57 34 71 95 110 
41 11 20 24 29 18 36 50 78 20 28 38 49 39 75 73 95 22 34 45 56 34 74 103 139 
42 12 34 31 36 22 55 54 76 21 33 47 58 33 62 108 112 20 39 62 72 42 80 111 117 
43 12 20 38 33 22 38 63 70 17 36 47 48 34 65 92 127 24 53 55 62 40 83 104 155 
44 13 19 28 27 22 40 64 57 20 30 37 45 30 59 91 104 20 35 58 54 33 74 105 110 
45 14 19 25 40 19 37 52 82 15 34 45 51 35 60 88 98 23 38 55 57 40 79 106 134 
46 9 16 23 24 18 32 57 51 14 26 41 45 24 66 90 106 17 31 51 52 36 66 101 113 
47 13 18 23 33 24 41 49 50 12 24 33 46 26 47 78 71 15 35 41 53 34 70 93 107 
48 9 23 30 30 17 36 52 47 16 35 45 44 29 60 100 91 20 36 45 66 32 74 105 118 
49 9 24 22 26 17 35 54 69 12 31 40 52 28 67 73 78 18 32 46 51 40 73 92 100 
50 10 19 28 31 17 35 57 69 15 37 38 47 26 51 79 85 24 36 51 53 40 71 91 113 
51 11 20 29 33 20 43 77 59 16 27 42 45 32 54 79 90 22 42 49 57 37 74 115 123 
52 10 24 29 28 17 36 45 54 15 26 39 40 25 65 70 87 19 33 51 61 33 65 99 109 
53 10 22 25 27 24 45 52 55 16 25 44 50 34 60 85 84 21 37 53 63 34 72 98 130 
54 11 21 27 31 30 42 49 78 17 31 45 56 25 57 81 104 22 39 52 49 40 66 111 109 
55 11 16 26 33 25 30 71 55 13 29 49 41 29 52 80 109 18 39 51 64 38 76 123 107 
56 10 24 25 27 19 43 72 63 17 29 40 42 33 60 81 98 19 35 52 66 36 65 91 115 
57 10 20 30 35 24 38 54 59 19 32 42 50 38 60 93 100 18 40 55 58 43 68 114 118 
58 12 24 34 44 22 36 76 63 21 34 50 47 32 65 84 94 21 39 58 65 45 73 119 118 
59 10 17 25 29 26 41 62 56 17 34 42 42 33 60 84 92 19 35 52 66 37 75 97 120 
60 10 19 26 29 19 43 48 60 16 30 46 44 33 54 79 105 20 36 50 50 35 79 117 109 
