1 17 29 30 36 41 46 67 86 28 40 54 53 40 75 98 117 27 42 62 71 48 92 125 161 
2 12 21 38 35 24 45 67 65 17 39 43 51 33 63 91 130 21 43 60 66 45 87 111 129 
3 14 19 26 29 23 44 55 63 17 30 45 47 39 62 92 85 21 37 52 65 45 71 94 126 
4 12 28 40 34 26 53 60 77 20 34 43 54 39 68 91 107 24 44 64 64 45 85 118 125 
5 12 17 36 33 19 64 60 60 18 32 39 55 30 55 81 85 25 40 50 67 43 74 100 114 
6 11 26 37 40 32 44 82 76 19 35 49 63 56 84 101 114 29 45 64 70 48 95 117 152 
7 14 29 35 34 30 52 67 82 21 37 58 66 44 80 99 115 28 46 68 69 49 89 122 139 
8 17 22 33 31 34 46 69 69 17 41 51 67 41 64 111 99 25 50 63 67 44 84 124 144 
9 13 24 42 49 29 57 68 90 19 43 53 60 37 77 109 119 28 45 62 85 47 100 119 155 
10 14 23 39 44 23 48 63 77 25 37 49 60 49 67 94 126 24 49 65 68 53 115 134 164 
11 15 34 37 42 31 56 102 75 20 43 56 71 45 72 111 129 28 50 66 73 53 91 134 151 
12 16 26 38 39 33 57 81 79 18 41 49 65 42 79 94 122 28 49 65 74 55 84 147 145 
13 13 24 31 41 30 45 80 76 21 41 53 61 36 79 90 111 26 50 64 80 52 81 135 132 
14 18 31 38 39 30 49 81 92 21 50 50 54 38 73 96 110 26 58 63 76 55 108 128 136 
15 15 37 34 40 26 46 59 63 20 36 50 58 41 64 103 104 25 49 59 62 47 87 125 123 
16 10 16 27 47 21 48 61 66 20 28 42 53 29 55 91 84 18 32 44 57 41 66 100 105 
17 15 17 30 26 18 35 60 53 15 27 42 49 33 55 83 84 25 32 55 54 44 67 85 114 
18 19 24 30 34 28 34 66 60 15 28 46 46 33 59 82 100 22 44 51 53 35 63 101 105 
19 11 22 28 28 27 32 62 72 19 32 39 53 29 59 74 89 20 33 47 65 37 69 87 105 
20 11 24 26 27 17 45 47 55 16 32 47 43 31 63 72 105 22 38 53 58 37 78 94 106 
21 11 16 20 32 22 35 48 69 16 27 37 46 38 59 78 101 17 35 48 64 36 66 92 100 
22 11 21 25 35 25 43 52 73 17 29 40 52 26 60 80 101 20 35 47 58 44 69 90 123 
23 11 24 27 35 23 43 62 64 19 31 50 45 28 49 72 112 20 37 46 55 40 75 110 108 
24 11 18 26 39 21 49 46 58 16 29 39 42 30 54 74 95 20 38 46 60 40 72 108 110 
25 13 19 28 32 22 36 61 73 15 34 48 56 45 54 88 101 19 36 50 65 38 69 110 128 
26 12 20 27 36 24 44 62 60 21 34 49 47 31 65 85 92 22 38 56 61 37 72 119 124 
27 15 25 34 37 20 59 68 63 16 34 45 53 39 59 98 111 21 44 66 69 47 81 121 128 
28 13 20 27 35 25 47 59 71 21 33 42 53 31 53 84 97 26 43 55 71 44 71 102 128 
29 11 24 27 28 18 40 50 56 18 38 41 45 29 64 80 92 20 39 49 57 38 77 95 135 
30 11 25 27 31 22 37 56 65 20 32 39 46 36 67 77 94 21 36 58 62 45 77 108 117 
31 9 19 21 25 18 33 52 52 14 23 45 41 25 62 86 92 16 34 52 45 37 67 86 138 
32 10 22 29 32 16 29 61 52 15 28 41 42 30 50 84 80 18 35 47 61 32 67 108 119 
33 11 17 25 39 19 33 57 55 15 31 41 40 33 64 85 97 20 38 51 56 38 66 89 112 
34 10 22 26 27 21 43 47 55 17 31 36 45 32 52 80 94 18 34 46 52 32 72 93 114 
35 13 18 26 38 26 41 50 60 17 28 35 43 36 63 85 90 19 33 49 66 36 69 113 129 
36 12 22 27 27 21 38 45 76 17 26 40 47 27 53 88 92 19 39 48 63 35 78 102 113 
37 10 22 26 28 23 31 48 60 17 24 39 38 30 47 73 80 17 32 50 47 33 59 101 107 
38 11 19 29 36 21 33 54 74 21 32 42 48 29 60 80 99 25 33 48 60 36 72 93 113 
39 10 19 25 31 16 43 57 74 14 33 42 49 36 53 70 94 23 34 55 58 36 75 94 116 
40 14 17 28 39 19 45 49 66 17 27 43 46 34 56 80 81 20 32 43 53 37 69 92 115 
41 10 17 35 36 19 54 60 58 23 32 39 51 30 62 74 88 20 40 54 59 33 78 98 133 
42 15 24 33 38 24 41 60 62 20 37 42 52 33 66 94 116 22 39 56 61 40 79 108 142 
43 11 18 32 29 22 49 58 67 16 33 40 45 33 57 82 106 21 35 52 63 37 67 109 145 
44 14 21 24 28 16 37 44 60 18 27 33 45 32 51 75 89 20 33 46 52 36 65 94 105 
45 9 18 26 35 21 32 68 72 18 29 38 57 30 55 80 99 21 36 47 62 40 86 98 123 
46 9 19 30 23 16 28 52 42 15 25 36 37 24 55 62 88 18 32 44 46 30 60 87 124 
47 8 17 25 27 14 31 41 66 12 23 31 43 28 53 74 74 16 34 38 42 31 54 91 90 
48 9 16 24 29 19 29 50 49 15 31 36 42 32 67 70 103 19 38 45 49 33 62 93 115 
49 10 27 23 31 21 31 60 62 14 28 37 40 29 53 70 94 18 32 42 49 35 77 93 92 
50 12 21 23 30 18 31 76 81 16 25 41 40 27 49 72 88 21 38 48 55 39 59 95 103 
51 10 21 22 35 24 38 50 60 15 30 36 46 29 71 81 95 18 31 50 49 37 68 87 104 
52 11 18 21 22 18 33 66 51 16 28 35 40 29 51 67 83 16 32 45 55 33 59 85 97 
53 8 18 26 24 18 32 62 46 15 26 42 48 31 67 87 120 18 35 47 60 35 63 90 111 
54 11 17 29 30 21 36 51 55 15 30 40 51 35 53 73 83 19 35 52 62 32 68 100 106 
55 9 18 22 32 16 28 58 57 13 24 37 42 23 50 83 80 17 33 52 63 34 74 102 101 
56 11 24 30 28 21 44 48 64 15 28 39 46 30 57 77 82 21 31 49 63 42 60 96 99 
57 12 23 29 27 21 46 59 60 15 29 42 45 36 59 69 114 20 37 51 57 42 71 106 128 
58 14 27 30 40 24 46 52 68 18 32 40 46 36 63 101 120 24 37 49 64 37 88 98 120 
59 9 19 30 27 18 35 56 75 13 29 47 40 29 49 74 97 18 35 51 54 35 65 101 111 
60 11 20 23 26 24 38 47 63 15 31 35 47 30 63 68 86 19 34 46 55 37 77 92 116 
