1 17 27 28 36 27 46 59 79 20 35 47 58 52 70 90 117 24 45 58 76 51 85 128 143 
2 10 20 26 31 21 44 49 69 21 31 48 45 31 58 103 96 21 45 54 64 46 81 104 135 
3 15 22 29 26 21 39 48 61 18 27 45 47 32 60 114 100 24 36 50 59 40 68 101 122 
4 15 25 31 36 22 45 52 65 18 34 47 58 35 73 99 101 25 44 56 68 40 87 104 143 
5 11 22 32 26 32 36 47 53 20 30 44 44 35 57 81 116 22 41 45 58 40 70 95 122 
6 15 32 36 51 24 40 66 65 24 35 47 55 44 71 91 138 26 44 64 77 45 82 104 131 
7 15 23 37 40 20 37 67 61 19 32 45 57 36 69 86 112 28 42 59 70 50 97 108 147 
8 16 25 33 30 30 46 57 64 21 40 46 58 44 68 107 99 24 45 58 70 43 79 121 123 
9 18 34 36 40 23 49 56 75 23 41 50 58 43 68 108 120 23 40 62 71 55 92 120 131 
10 17 24 35 45 32 44 59 68 19 33 50 51 38 69 93 117 26 41 64 79 42 90 123 138 
11 13 28 50 38 29 51 72 78 24 38 58 70 41 72 138 120 26 44 69 75 52 94 121 177 
12 13 22 42 38 27 66 60 97 23 39 53 63 35 77 106 135 28 50 65 70 50 94 153 139 
13 16 25 36 36 35 59 59 73 23 45 51 56 41 80 106 128 29 48 66 69 51 85 128 131 
14 18 28 37 45 30 60 83 66 23 43 53 62 50 73 115 118 26 45 66 77 52 87 127 145 
15 15 20 28 30 26 52 61 82 18 31 49 54 38 65 103 108 26 41 62 60 49 86 117 139 
16 10 22 37 35 21 38 54 59 15 26 43 52 29 50 80 112 20 36 59 58 40 69 120 134 
17 9 19 21 43 18 37 45 56 22 26 34 43 26 59 80 87 21 37 44 52 36 59 97 106 
18 11 20 29 29 28 42 58 62 18 34 42 44 33 57 95 115 21 38 53 60 37 75 98 133 
19 13 17 28 31 18 36 56 65 16 27 42 46 28 56 70 98 22 35 56 54 32 66 113 114 
20 10 21 23 30 22 38 48 59 14 28 51 47 30 56 78 83 18 33 49 59 38 77 90 104 
21 10 23 29 32 20 41 48 61 14 32 42 52 30 61 82 99 20 40 49 53 41 64 102 115 
22 11 18 23 26 25 51 48 65 16 30 43 43 25 53 88 93 19 31 47 59 37 72 100 104 
23 13 22 31 29 23 34 43 57 17 34 42 56 34 57 83 101 20 33 50 59 44 74 113 116 
24 9 16 32 30 24 60 52 51 15 32 37 46 32 59 88 89 21 35 56 58 41 77 111 118 
25 11 17 30 31 19 42 59 67 18 34 42 51 37 62 85 106 27 39 53 65 41 73 116 117 
26 11 19 26 33 19 45 56 69 17 34 47 44 32 58 104 98 21 40 52 62 45 84 106 144 
27 13 26 32 40 32 48 80 72 18 35 50 57 39 60 84 102 23 41 55 62 40 80 132 127 
28 14 24 25 40 22 43 61 61 15 34 41 55 34 56 100 128 22 41 57 71 46 83 103 131 
29 11 19 24 39 21 37 61 67 17 28 44 46 33 59 79 109 19 38 53 58 37 85 102 125 
30 14 20 28 33 20 44 60 60 17 37 45 61 31 77 87 98 22 39 61 61 39 79 105 116 
31 8 16 21 23 27 32 47 51 14 34 33 39 26 47 81 98 19 33 46 53 38 70 84 114 
32 9 18 26 30 24 30 55 69 15 30 36 39 27 50 75 79 19 35 44 50 37 64 98 103 
33 13 15 29 31 17 41 47 59 16 27 43 50 28 60 78 86 20 33 50 52 40 65 90 110 
34 11 17 24 35 22 37 51 73 17 28 37 41 27 55 75 103 18 32 51 54 34 65 85 116 
35 12 21 31 38 18 38 57 68 18 30 45 53 27 60 85 124 18 32 52 56 35 74 114 113 
36 9 18 27 27 17 35 44 50 16 25 41 47 29 65 87 91 23 39 50 60 33 72 110 110 
37 9 20 28 32 18 39 45 70 13 30 37 43 29 56 80 92 19 30 50 52 36 75 91 113 
38 12 20 25 38 18 37 59 86 18 33 44 53 40 55 89 115 18 37 58 55 37 70 102 136 
39 9 17 30 30 25 34 48 61 15 34 37 39 31 52 86 85 21 31 46 57 34 66 91 112 
40 12 21 27 36 22 30 62 52 19 30 35 37 34 56 70 74 19 35 47 49 35 62 110 111 
41 13 23 24 33 25 34 55 60 20 26 43 48 32 52 70 103 19 36 50 56 41 69 98 110 
42 14 22 33 38 24 45 55 79 18 39 48 58 33 62 90 104 23 39 55 62 39 80 115 121 
43 9 26 25 34 19 44 70 78 14 35 45 51 35 59 82 92 19 43 53 64 45 78 108 149 
44 12 17 27 32 21 41 62 58 14 26 39 44 29 51 69 94 20 35 49 64 34 64 101 115 
45 12 20 30 28 21 33 78 63 16 33 39 43 34 59 73 102 19 36 58 65 41 80 100 102 
46 9 17 18 25 23 42 61 47 13 25 34 36 25 47 79 101 16 37 48 55 33 65 107 115 
47 9 20 21 22 17 35 39 71 14 26 35 37 24 48 61 75 15 29 37 45 32 54 92 100 
48 13 18 24 25 21 43 42 55 14 28 44 35 31 64 72 86 19 31 47 56 40 74 85 95 
49 8 17 26 26 21 35 42 56 13 33 34 38 31 52 73 85 18 27 49 48 29 59 102 103 
50 11 16 35 26 18 33 41 61 13 27 39 48 30 56 70 81 18 32 48 53 33 69 99 109 
51 12 19 23 32 19 42 44 74 19 30 37 48 29 52 87 85 19 33 48 56 45 62 96 103 
52 8 15 27 35 19 32 40 61 15 25 41 49 26 52 61 76 18 34 48 52 31 62 81 110 
53 9 18 35 25 19 30 62 56 15 25 38 40 27 51 76 89 21 33 44 53 32 71 108 115 
54 13 20 23 31 25 45 56 56 16 30 38 41 26 51 74 94 19 34 45 53 35 63 90 100 
55 11 16 20 24 28 42 45 55 16 27 41 44 33 59 78 131 18 36 43 50 40 64 86 118 
56 10 23 27 26 24 32 57 72 15 26 41 46 31 69 75 95 19 33 46 56 46 73 97 124 
57 11 18 36 32 22 44 54 61 18 34 42 45 33 60 80 90 22 39 50 67 52 68 95 124 
58 13 20 28 33 18 34 51 58 18 30 43 61 27 54 90 105 20 40 51 59 39 67 112 147 
59 12 20 28 31 19 50 61 69 14 26 37 43 31 60 77 95 19 36 51 56 37 64 108 110 
60 13 27 31 24 22 29 46 55 15 30 42 43 31 48 72 81 20 32 47 56 36 64 87 107 
