1 18 22 32 33 23 44 71 84 25 38 48 52 44 62 89 100 23 47 62 66 45 84 123 136 
2 9 20 27 50 24 53 52 62 18 30 48 47 31 59 86 97 26 36 52 65 38 77 102 140 
3 10 26 23 26 20 48 49 54 18 36 41 45 33 68 79 82 25 38 50 59 45 81 107 116 
4 13 22 36 34 25 53 59 67 23 37 48 49 44 66 95 132 23 45 60 71 44 75 126 116 
5 12 20 22 36 42 40 50 57 17 26 48 48 30 61 79 96 20 34 63 56 39 64 102 112 
6 12 29 30 35 30 39 89 98 19 35 53 50 35 64 93 119 24 49 62 65 46 95 108 138 
7 10 21 30 35 25 44 61 62 19 35 50 64 41 59 97 124 23 46 57 66 41 89 111 133 
8 13 22 31 32 28 46 54 69 19 35 45 55 40 63 102 115 23 40 60 68 47 94 111 150 
9 18 22 41 44 29 54 76 69 20 33 51 58 40 81 96 123 30 43 71 69 43 100 149 154 
10 11 29 39 40 32 46 62 76 23 40 44 60 40 79 98 125 25 41 62 62 44 87 118 147 
11 15 35 37 48 28 49 96 75 23 43 52 58 36 80 111 119 27 54 69 80 49 112 134 150 
12 16 27 33 42 34 42 70 87 22 36 49 56 42 82 102 133 30 43 71 74 54 82 144 134 
13 13 27 35 35 29 53 62 85 25 34 50 58 46 74 87 109 27 45 59 67 52 85 122 133 
14 13 23 34 36 30 56 76 86 22 40 55 58 48 86 95 126 36 47 75 67 56 85 123 138 
15 14 25 35 35 22 51 65 81 22 33 45 56 45 68 103 104 23 41 62 64 46 74 113 136 
16 11 18 24 33 18 32 52 65 15 31 41 47 29 57 76 86 18 36 54 57 36 72 93 114 
17 9 20 21 27 20 46 42 58 15 25 31 50 28 50 67 103 18 34 41 49 37 63 99 102 
18 11 26 31 30 24 41 59 66 17 32 42 47 28 67 103 88 19 36 47 53 39 70 109 102 
19 10 16 30 28 22 32 46 66 15 31 35 47 31 52 72 98 18 33 55 57 34 64 92 119 
20 15 20 35 32 22 48 49 63 16 31 45 42 32 53 92 82 17 36 46 60 40 75 99 110 
21 12 20 24 30 23 38 59 63 21 27 40 41 33 53 81 108 18 36 49 46 31 63 90 115 
22 11 21 23 27 19 39 61 62 15 34 38 46 29 50 75 90 22 35 48 55 36 68 86 100 
23 13 21 25 38 28 48 46 60 19 34 45 46 38 55 90 90 20 43 57 55 38 65 99 116 
24 16 17 27 27 22 38 51 56 16 29 43 45 32 67 84 93 17 34 54 58 35 72 102 114 
25 11 20 27 27 20 37 67 58 17 31 43 49 28 56 92 109 19 34 49 57 35 77 129 119 
26 15 17 33 33 18 42 50 71 19 29 46 53 31 59 81 102 22 38 49 65 41 70 117 131 
27 10 28 32 31 28 36 71 65 18 32 46 52 37 63 91 113 21 40 54 65 48 84 102 143 
28 11 20 24 31 18 47 68 63 20 32 45 46 35 56 88 104 22 40 51 60 42 71 107 121 
29 12 22 28 35 21 38 62 69 18 29 45 50 32 68 78 88 21 38 54 60 39 85 126 128 
30 11 20 33 42 23 39 46 69 16 30 40 48 34 63 76 102 21 37 48 53 39 70 92 115 
31 10 15 28 30 18 34 41 49 16 24 43 42 27 50 78 82 18 31 48 49 33 60 85 113 
32 10 18 27 33 18 31 42 59 14 28 40 41 28 49 70 82 18 34 48 69 32 62 91 118 
33 12 21 25 31 21 39 47 57 19 26 44 48 31 69 88 91 18 36 44 60 35 77 104 110 
34 13 19 31 26 17 42 46 55 14 27 42 42 33 50 74 92 17 36 46 50 33 64 107 103 
35 8 19 32 33 22 44 58 122 15 30 46 57 29 76 80 91 21 39 51 54 34 92 106 143 
36 12 16 31 28 19 37 64 84 14 30 41 46 30 60 72 99 19 33 52 55 34 70 104 126 
37 11 23 25 29 21 31 52 61 13 28 35 39 29 53 66 75 18 34 52 54 32 60 94 105 
38 11 23 26 31 17 40 53 62 16 30 41 52 27 61 78 85 23 39 57 63 34 74 103 110 
39 11 19 26 26 22 33 52 59 14 26 39 53 31 58 83 88 19 34 44 54 41 65 91 102 
40 10 21 24 28 23 29 46 58 19 30 40 44 29 59 76 83 17 42 42 51 34 61 87 113 
41 12 19 25 31 17 42 48 54 16 29 42 44 30 59 81 89 18 38 45 55 39 62 98 123 
42 13 24 34 42 23 43 76 56 18 32 44 49 42 73 95 91 23 41 53 62 40 75 107 144 
43 13 21 32 46 20 36 69 76 18 29 43 47 30 56 80 99 21 36 60 59 39 81 104 112 
44 9 20 25 31 24 41 60 57 18 27 44 47 31 54 79 87 24 34 48 61 36 63 96 123 
45 11 20 31 33 22 33 65 65 16 31 39 43 30 57 83 84 21 37 54 65 39 86 100 126 
46 9 14 25 24 21 31 46 54 13 27 37 41 27 46 61 88 18 31 42 49 37 60 79 106 
47 9 17 21 31 20 28 50 58 12 25 31 35 26 50 61 79 17 28 39 49 29 53 96 107 
48 11 18 24 35 19 32 63 49 12 23 43 45 25 61 74 96 19 31 45 53 33 69 103 117 
49 9 18 30 33 19 39 47 62 15 27 37 40 23 52 73 83 16 31 48 51 37 58 94 92 
50 10 19 24 29 20 34 63 49 15 25 39 45 29 55 65 84 22 29 52 53 32 62 97 105 
51 10 23 29 31 27 38 48 56 14 31 40 48 30 54 75 83 16 38 47 59 37 65 92 107 
52 7 14 24 26 16 31 44 70 14 27 34 47 25 53 78 94 16 35 43 49 30 65 90 115 
53 10 18 28 31 21 38 50 56 17 26 41 46 31 72 70 98 19 34 43 63 36 76 100 112 
54 10 21 27 40 24 34 60 61 16 27 36 44 28 52 120 98 18 37 45 56 37 69 87 126 
55 9 18 23 30 17 33 49 54 16 23 40 41 31 58 66 84 18 40 52 58 35 79 91 113 
56 14 18 25 29 18 31 52 55 18 29 42 43 36 65 89 87 22 34 45 56 32 71 94 120 
57 13 19 29 30 24 37 52 68 17 31 46 59 26 62 85 91 25 34 54 57 37 73 102 123 
58 9 20 24 36 22 44 68 79 14 42 37 47 33 62 106 125 26 36 57 64 34 79 95 111 
59 11 19 24 34 24 32 57 55 14 29 35 44 29 57 74 90 16 41 48 57 33 69 103 107 
60 10 19 28 27 16 35 41 54 15 27 39 50 28 57 70 78 17 34 43 49 32 63 93 99 
