1 21502.1 
2 23191.2 
3 27946.7 
4 24808 
5 25904.4 
6 31248.8 
7 21209.8 
8 28651.7 
9 28843.4 
10 26343.5 
11 27095.5 
12 22222.5 
13 27717.9 
14 35062 
15 29407.6 
16 21516.9 
17 22158.5 
18 28076.2 
19 20116.4 
20 27159.3 
21 26333.7 
22 31988.7 
23 24802.2 
24 27810.4 
25 26203.1 
26 24253.1 
27 23053.8 
28 35707.8 
29 33897.3 
30 26890.7 
31 29936.9 
32 29060.7 
33 21967.7 
34 23001.9 
35 25353 
36 26349.8 
37 28034.3 
38 33449.3 
39 21077.5 
40 33606.8 
41 26553.1 
42 22971.3 
43 26068.3 
44 19282.3 
45 22046.1 
46 29221.9 
47 22163.9 
48 25796.6 
49 22089.5 
50 24600.6 
51 18763 
52 27837.3 
53 24859.1 
54 28427.8 
55 25450.8 
56 39661.7 
57 25426.4 
58 30148.3 
59 23721 
60 29065.2 
61 29761.5 
62 20371.4 
63 33468.5 
64 22005.8 
65 29255.6 
66 28328.6 
67 30922.5 
68 22007.2 
69 17937 
70 21753.8 
71 19601 
72 21309.7 
73 26984.5 
74 23137.7 
75 31562.3 
76 29870.9 
77 34119.3 
78 19524.5 
79 28851.3 
80 29582.5 
81 26173.2 
82 26158.2 
83 28358.8 
84 19943.1 
85 23741 
86 28701.1 
87 26802.1 
88 24609.9 
89 21886.8 
90 22550.3 
91 24662.6 
92 25544.9 
93 28405.7 
94 29383.6 
95 23365.1 
96 31175.1 
97 23556.1 
98 22637.2 
99 22637.1 
100 27311.1 
101 28685.5 
102 36518.3 
103 26788.2 
104 34708.8 
105 32249 
106 24527.3 
107 22121.1 
108 27557 
109 30294.5 
110 26140.6 
111 28785.8 
112 25231.6 
113 28731.5 
114 28066 
115 21258.8 
116 23019.9 
117 28612 
118 22490.8 
119 30579 
120 27020.9 
121 27882.9 
122 32204.5 
123 27987 
124 26991 
125 24913.4 
126 25300 
127 26807.6 
128 31441.1 
129 31340.3 
130 29401.5 
131 30283.4 
132 23859.4 
133 33971.4 
134 34008.7 
135 30695.2 
136 21825.2 
137 27585.7 
138 28758.3 
139 27227.8 
140 25836.5 
141 22403.2 
142 26719.7 
143 21616.8 
144 29521.2 
145 34322.4 
146 31565.6 
147 21480.6 
148 23319.5 
149 28017.8 
150 23361.4 
151 29213.9 
152 25788.2 
153 27555.6 
154 27689.2 
155 20627 
156 26021.5 
157 36177.1 
158 31218.1 
159 28644.2 
160 30444 
161 22357.4 
162 23805 
163 27101.4 
164 31762.6 
165 25829.4 
166 29441.1 
167 24536.7 
168 23242.7 
169 26097 
170 29901.7 
171 25034.5 
172 23125 
173 27943 
174 21836.9 
175 22341 
176 24701.5 
177 34310.6 
178 30572.7 
179 25531.7 
180 33129.1 
181 24416.9 
182 26603.3 
183 29741.2 
184 19902.2 
185 26985.8 
186 26539.7 
187 24606.5 
188 31322.4 
189 24227.6 
190 25825.9 
191 23061.3 
192 22412.2 
193 23731.8 
194 28242.5 
195 22648.8 
196 18555.3 
197 26736.9 
198 28824.6 
199 18586.6 
200 31940.9 
201 31682.8 
202 21652.2 
203 27440 
204 25386 
205 34155.4 
206 25941.2 
207 23664.7 
208 21236.7 
209 29168.2 
210 28698.7 
211 37986.4 
212 24113.8 
213 35510.1 
214 29100.3 
215 25430.8 
216 30655.8 
217 30163 
218 24309.2 
219 22999.2 
220 24795.7 
221 25398.9 
222 22685 
223 26993.7 
224 20694 
225 31683 
226 35005 
227 28560.3 
228 34256.4 
229 29839.5 
230 24004.5 
231 35170.4 
232 30353.7 
233 33513.2 
234 26359.5 
235 31377.4 
236 23494.1 
237 32311.1 
238 21371.1 
239 25298.3 
240 20857.8 
241 22728.4 
242 24742.1 
243 26731.4 
244 26194 
245 26499.2 
246 23661.4 
247 29998.8 
248 27430.8 
249 14586.5 
250 16252.9 
251 25438.8 
252 22602.8 
253 26482.4 
254 28974.2 
255 28822 
256 26305 
257 22735.8 
258 28243.9 
259 28111.2 
260 29108.3 
261 23918.5 
262 32515.5 
263 27107.6 
264 26430.2 
265 23360.1 
266 26222.9 
267 20385.8 
268 24016.5 
269 20824.3 
270 31831.5 
271 27466.9 
272 24556.9 
273 25552.5 
274 31851 
275 35120.1 
276 30521.8 
277 28892 
278 33045 
279 31020.8 
280 26317.1 
281 29415.1 
282 34742.4 
283 34061.4 
284 35925.2 
285 29799 
286 28318.6 
287 33956.5 
288 31624.7 
289 25489.6 
290 24058.2 
291 36372.5 
292 31448.9 
293 31877.1 
294 25380.8 
295 30551.2 
296 28004.1 
297 24943.6 
298 30691.4 
299 19204.1 
300 35699.2 
