1 979283 
2 965665 
3 1.15217e+06 
4 1.17964e+06 
5 1.07388e+06 
6 1.01785e+06 
7 1.0437e+06 
8 1.04479e+06 
9 1.166e+06 
10 1.16155e+06 
11 1.08896e+06 
12 1.07792e+06 
13 1.08449e+06 
14 1.01758e+06 
15 1.09893e+06 
16 962490 
17 1.12039e+06 
18 1.07471e+06 
19 1.025e+06 
20 1.08551e+06 
21 1.02822e+06 
22 1.16872e+06 
23 1.04405e+06 
24 1.20282e+06 
25 1.1861e+06 
26 967751 
27 1.1261e+06 
28 1.15363e+06 
29 1.13924e+06 
30 1.09167e+06 
31 1.19662e+06 
32 1.28822e+06 
33 1.20331e+06 
34 1.17777e+06 
35 1.12697e+06 
36 1.20536e+06 
37 1.20329e+06 
38 1.27943e+06 
39 1.24938e+06 
40 1.27691e+06 
41 1.15047e+06 
42 1.03309e+06 
43 1.11908e+06 
44 1.1242e+06 
45 1.15365e+06 
46 928305 
47 930270 
48 948308 
49 890157 
50 949677 
51 941552 
52 1.01066e+06 
53 1.09136e+06 
54 936848 
55 984393 
56 855144 
57 967625 
58 861224 
59 975974 
60 973308 
61 972917 
62 970906 
63 1.0913e+06 
64 1.00263e+06 
65 1.00884e+06 
66 1.09387e+06 
67 1.00145e+06 
68 1.06665e+06 
69 965356 
70 1.0503e+06 
71 930335 
72 1.08663e+06 
73 1.07654e+06 
74 1.08931e+06 
75 1.00985e+06 
76 1.09548e+06 
77 965501 
78 966330 
79 1.05197e+06 
80 1.06036e+06 
81 963022 
82 1.05832e+06 
83 1.03426e+06 
84 1.04786e+06 
85 984229 
86 918244 
87 921067 
88 996190 
89 966456 
90 1.02904e+06 
91 859672 
92 908761 
93 982379 
94 874443 
95 907383 
96 988156 
97 897433 
98 834501 
99 962304 
100 998464 
101 852298 
102 1.01187e+06 
103 955522 
104 938740 
105 891973 
106 914383 
107 1.07044e+06 
108 980612 
109 961898 
110 985240 
111 1.12705e+06 
112 1.0807e+06 
113 942450 
114 920034 
115 975059 
116 1.00317e+06 
117 965965 
118 890555 
119 927516 
120 967577 
121 944885 
122 1.06553e+06 
123 972944 
124 1.10176e+06 
125 1.01179e+06 
126 983171 
127 980762 
128 988824 
129 1.04914e+06 
130 982604 
131 1.1118e+06 
132 944898 
133 969812 
134 948111 
135 974984 
136 849208 
137 784755 
138 907694 
139 965759 
140 904652 
141 1.00346e+06 
142 803432 
143 954846 
144 960302 
145 883350 
146 996898 
147 937292 
148 810122 
149 887769 
150 903791 
151 1.01767e+06 
152 954750 
153 774913 
154 1.014e+06 
155 920747 
156 958432 
157 995753 
158 1.00592e+06 
159 914881 
160 912618 
161 949641 
162 934608 
163 996766 
164 886092 
165 939870 
166 1.0397e+06 
167 991786 
168 978464 
169 954536 
170 875961 
171 992195 
172 993986 
173 1.01325e+06 
174 1.07479e+06 
175 931230 
176 916893 
177 806299 
178 1.06247e+06 
179 930009 
180 983309 
