1 976897 
2 946510 
3 1.14904e+06 
4 1.20982e+06 
5 1.0978e+06 
6 992199 
7 1.06323e+06 
8 1.04869e+06 
9 1.16783e+06 
10 1.14247e+06 
11 1.08102e+06 
12 1.10669e+06 
13 1.09014e+06 
14 1.03638e+06 
15 1.11013e+06 
16 972320 
17 1.11228e+06 
18 1.09293e+06 
19 1.01983e+06 
20 1.07873e+06 
21 1.04479e+06 
22 1.1585e+06 
23 1.06023e+06 
24 1.20058e+06 
25 1.18833e+06 
26 989270 
27 1.14877e+06 
28 1.10978e+06 
29 1.14029e+06 
30 1.05067e+06 
31 1.22916e+06 
32 1.25161e+06 
33 1.21642e+06 
34 1.19032e+06 
35 1.13784e+06 
36 1.18809e+06 
37 1.20161e+06 
38 1.27007e+06 
39 1.21407e+06 
40 1.21578e+06 
41 1.14617e+06 
42 1.0435e+06 
43 1.16623e+06 
44 1.09665e+06 
45 1.14801e+06 
46 955792 
47 921211 
48 947669 
49 873488 
50 947541 
51 977949 
52 1.02057e+06 
53 1.09024e+06 
54 943104 
55 981546 
56 851824 
57 986585 
58 847062 
59 984990 
60 974411 
61 946916 
62 974439 
63 1.07099e+06 
64 1.00091e+06 
65 1.00918e+06 
66 1.06233e+06 
67 1.01188e+06 
68 1.06718e+06 
69 959887 
70 1.0692e+06 
71 970260 
72 1.09695e+06 
73 1.07407e+06 
74 1.09783e+06 
75 1.00221e+06 
76 1.12296e+06 
77 970124 
78 956883 
79 1.06558e+06 
80 1.05775e+06 
81 937800 
82 1.02755e+06 
83 1.03096e+06 
84 1.01842e+06 
85 1.00234e+06 
86 925819 
87 921699 
88 979495 
89 1.01324e+06 
90 1.03522e+06 
91 859592 
92 904329 
93 969158 
94 876447 
95 897220 
96 993303 
97 877387 
98 822623 
99 990522 
100 996890 
101 851201 
102 1.01089e+06 
103 942169 
104 937324 
105 882062 
106 919578 
107 1.05569e+06 
108 988955 
109 950062 
110 995545 
111 1.1318e+06 
112 1.05463e+06 
113 940971 
114 908968 
115 987820 
116 973688 
117 962989 
118 895917 
119 939853 
120 971451 
121 945648 
122 1.06035e+06 
123 987315 
124 1.11499e+06 
125 999393 
126 1.00397e+06 
127 946385 
128 968867 
129 1.06645e+06 
130 955719 
131 1.12182e+06 
132 987537 
133 1.01608e+06 
134 936850 
135 967295 
136 852872 
137 790698 
138 892922 
139 968284 
140 907038 
141 1.00446e+06 
142 789997 
143 954609 
144 981656 
145 891039 
146 991916 
147 935252 
148 818657 
149 884911 
150 913776 
151 1.03256e+06 
152 940874 
153 774785 
154 1.00798e+06 
155 908473 
156 957707 
157 987551 
158 1.01102e+06 
159 903513 
160 912509 
161 946367 
162 950791 
163 992715 
164 890984 
165 947045 
166 1.04074e+06 
167 1.00855e+06 
168 983066 
169 969025 
170 882790 
171 1.00569e+06 
172 1.00659e+06 
173 1.02381e+06 
174 1.07974e+06 
175 937324 
176 945159 
177 805238 
178 1.05612e+06 
179 903474 
180 986025 
