1 965712 
2 951303 
3 1.16725e+06 
4 1.17892e+06 
5 1.10897e+06 
6 1.01873e+06 
7 1.05414e+06 
8 1.04814e+06 
9 1.18614e+06 
10 1.1385e+06 
11 1.10163e+06 
12 1.07429e+06 
13 1.06415e+06 
14 992581 
15 1.06012e+06 
16 993466 
17 1.1186e+06 
18 1.07557e+06 
19 1.03448e+06 
20 1.08246e+06 
21 1.0524e+06 
22 1.16471e+06 
23 1.05732e+06 
24 1.19396e+06 
25 1.18996e+06 
26 977627 
27 1.15283e+06 
28 1.10295e+06 
29 1.15828e+06 
30 1.14321e+06 
31 1.23705e+06 
32 1.25769e+06 
33 1.19638e+06 
34 1.20528e+06 
35 1.15654e+06 
36 1.19067e+06 
37 1.14332e+06 
38 1.26066e+06 
39 1.22304e+06 
40 1.27368e+06 
41 1.16777e+06 
42 1.03807e+06 
43 1.1572e+06 
44 1.11292e+06 
45 1.14513e+06 
46 947573 
47 934001 
48 906377 
49 883834 
50 931314 
51 963229 
52 1.00941e+06 
53 1.08169e+06 
54 951498 
55 975849 
56 887042 
57 963139 
58 858484 
59 997635 
60 977971 
61 969313 
62 973829 
63 1.08192e+06 
64 1.00656e+06 
65 1.00827e+06 
66 1.05445e+06 
67 1.0119e+06 
68 1.05783e+06 
69 948838 
70 1.06469e+06 
71 946761 
72 1.07732e+06 
73 1.08906e+06 
74 1.07466e+06 
75 992886 
76 1.0914e+06 
77 974198 
78 961887 
79 1.05504e+06 
80 1.04819e+06 
81 956180 
82 1.04369e+06 
83 1.03954e+06 
84 1.02002e+06 
85 1.00282e+06 
86 933756 
87 915648 
88 997587 
89 975293 
90 1.03704e+06 
91 857808 
92 914862 
93 983403 
94 873411 
95 909227 
96 999287 
97 896287 
98 837566 
99 986398 
100 984371 
101 844812 
102 1.01853e+06 
103 939633 
104 931109 
105 894164 
106 910231 
107 1.06005e+06 
108 986790 
109 960447 
110 997142 
111 1.12131e+06 
112 1.06806e+06 
113 966939 
114 904173 
115 998037 
116 998200 
117 971132 
118 878981 
119 937665 
120 954159 
121 929840 
122 1.07407e+06 
123 981892 
124 1.10023e+06 
125 1.01604e+06 
126 1.01133e+06 
127 961150 
128 981545 
129 1.05168e+06 
130 980185 
131 1.15448e+06 
132 958814 
133 1.01124e+06 
134 930662 
135 989938 
136 831084 
137 794872 
138 897779 
139 962380 
140 914660 
141 1.01187e+06 
142 792569 
143 936999 
144 962659 
145 903932 
146 994700 
147 921097 
148 822735 
149 888013 
150 911312 
151 1.02657e+06 
152 940858 
153 779628 
154 1.003e+06 
155 941737 
156 962598 
157 982263 
158 988516 
159 917140 
160 920524 
161 953988 
162 946168 
163 1.01567e+06 
164 881811 
165 922302 
166 1.02386e+06 
167 1.00524e+06 
168 988026 
169 958757 
170 892522 
171 998629 
172 1.00082e+06 
173 1.0146e+06 
174 1.06796e+06 
175 922121 
176 940031 
177 811055 
178 1.06459e+06 
179 922620 
180 960586 
