1 1.00625e+06 
2 966474 
3 1.16274e+06 
4 1.20228e+06 
5 1.11995e+06 
6 1.03761e+06 
7 1.06721e+06 
8 1.0452e+06 
9 1.17005e+06 
10 1.15004e+06 
11 1.101e+06 
12 1.11657e+06 
13 1.07503e+06 
14 1.0237e+06 
15 1.07734e+06 
16 965963 
17 1.09819e+06 
18 1.08418e+06 
19 1.01969e+06 
20 1.08195e+06 
21 1.04574e+06 
22 1.13953e+06 
23 1.0496e+06 
24 1.19768e+06 
25 1.19648e+06 
26 983241 
27 1.10267e+06 
28 1.09537e+06 
29 1.15932e+06 
30 1.06167e+06 
31 1.22947e+06 
32 1.3221e+06 
33 1.20288e+06 
34 1.20199e+06 
35 1.16059e+06 
36 1.17628e+06 
37 1.21633e+06 
38 1.27134e+06 
39 1.21149e+06 
40 1.26716e+06 
41 1.16829e+06 
42 1.03035e+06 
43 1.1525e+06 
44 1.12383e+06 
45 1.1404e+06 
46 945870 
47 924041 
48 944886 
49 872214 
50 930798 
51 953542 
52 1.00209e+06 
53 1.0892e+06 
54 945147 
55 966724 
56 872680 
57 956725 
58 859236 
59 985899 
60 975733 
61 935822 
62 998596 
63 1.07127e+06 
64 1.01335e+06 
65 1.01416e+06 
66 1.10886e+06 
67 1.01357e+06 
68 1.06264e+06 
69 955114 
70 1.07853e+06 
71 950817 
72 1.07146e+06 
73 1.07017e+06 
74 1.08387e+06 
75 994826 
76 1.08746e+06 
77 981097 
78 961831 
79 1.06372e+06 
80 1.05631e+06 
81 929164 
82 1.03371e+06 
83 1.05452e+06 
84 1.05189e+06 
85 974838 
86 945043 
87 895547 
88 993958 
89 976269 
90 1.04738e+06 
91 854025 
92 910805 
93 987103 
94 875903 
95 895315 
96 985768 
97 903913 
98 831367 
99 976060 
100 992247 
101 849199 
102 1.00914e+06 
103 946647 
104 912383 
105 887260 
106 928347 
107 1.08931e+06 
108 979159 
109 963288 
110 985828 
111 1.12088e+06 
112 1.06382e+06 
113 944239 
114 889757 
115 976742 
116 975072 
117 981595 
118 903634 
119 925243 
120 972308 
121 947317 
122 1.05647e+06 
123 958023 
124 1.11343e+06 
125 1.03312e+06 
126 977651 
127 967814 
128 970398 
129 1.06497e+06 
130 982937 
131 1.13853e+06 
132 988701 
133 989096 
134 952502 
135 972676 
136 845281 
137 784540 
138 903532 
139 948777 
140 902677 
141 1.01086e+06 
142 800663 
143 947105 
144 977470 
145 900199 
146 995836 
147 935559 
148 802068 
149 878290 
150 901109 
151 1.01596e+06 
152 944040 
153 788228 
154 1.02359e+06 
155 946023 
156 960511 
157 1.00233e+06 
158 991114 
159 915627 
160 916995 
161 947520 
162 931160 
163 1.00665e+06 
164 880233 
165 939792 
166 1.0376e+06 
167 980678 
168 994905 
169 961596 
170 891744 
171 991354 
172 994842 
173 1.00199e+06 
174 1.10189e+06 
175 935993 
176 945437 
177 814781 
178 1.06042e+06 
179 927147 
180 970522 
