1 957688 
2 961548 
3 1.15784e+06 
4 1.18673e+06 
5 1.12307e+06 
6 1.02382e+06 
7 1.04555e+06 
8 1.04026e+06 
9 1.16226e+06 
10 1.12233e+06 
11 1.10822e+06 
12 1.10434e+06 
13 1.06598e+06 
14 1.02591e+06 
15 1.10953e+06 
16 948805 
17 1.1241e+06 
18 1.08764e+06 
19 1.01995e+06 
20 1.08004e+06 
21 1.04392e+06 
22 1.13937e+06 
23 1.04455e+06 
24 1.20621e+06 
25 1.18657e+06 
26 982655 
27 1.12631e+06 
28 1.10941e+06 
29 1.12842e+06 
30 1.06624e+06 
31 1.21589e+06 
32 1.25117e+06 
33 1.2004e+06 
34 1.20473e+06 
35 1.15662e+06 
36 1.17595e+06 
37 1.17489e+06 
38 1.27452e+06 
39 1.22938e+06 
40 1.21129e+06 
41 1.14644e+06 
42 1.02988e+06 
43 1.15649e+06 
44 1.10764e+06 
45 1.1529e+06 
46 944426 
47 910325 
48 927731 
49 883635 
50 951072 
51 966451 
52 1.0166e+06 
53 1.07646e+06 
54 943075 
55 968615 
56 871312 
57 974529 
58 860587 
59 988327 
60 974682 
61 948527 
62 964893 
63 1.08256e+06 
64 1.00041e+06 
65 1.0053e+06 
66 1.09978e+06 
67 1.00938e+06 
68 1.0564e+06 
69 960862 
70 1.08052e+06 
71 970660 
72 1.08266e+06 
73 1.06708e+06 
74 1.07853e+06 
75 1.023e+06 
76 1.07599e+06 
77 982113 
78 963632 
79 1.05787e+06 
80 1.07155e+06 
81 942542 
82 1.0366e+06 
83 1.05896e+06 
84 1.0047e+06 
85 997309 
86 901809 
87 930449 
88 985113 
89 954156 
90 1.03805e+06 
91 852825 
92 909511 
93 980989 
94 879481 
95 912035 
96 977651 
97 878914 
98 831885 
99 981883 
100 998388 
101 860573 
102 999816 
103 944271 
104 937943 
105 887241 
106 915265 
107 1.06423e+06 
108 1.00816e+06 
109 958691 
110 967222 
111 1.13788e+06 
112 1.07875e+06 
113 932571 
114 909823 
115 972135 
116 1.00645e+06 
117 962585 
118 877881 
119 908337 
120 966643 
121 943424 
122 1.0688e+06 
123 960120 
124 1.09635e+06 
125 1.00321e+06 
126 1.02635e+06 
127 937932 
128 974430 
129 1.07986e+06 
130 956405 
131 1.13463e+06 
132 969285 
133 995080 
134 937470 
135 954866 
136 853578 
137 776848 
138 902720 
139 964185 
140 924258 
141 1.0044e+06 
142 799058 
143 943684 
144 961172 
145 908102 
146 991259 
147 930618 
148 807524 
149 890766 
150 906315 
151 1.01188e+06 
152 949536 
153 797501 
154 1.00802e+06 
155 932927 
156 962194 
157 991274 
158 1.00006e+06 
159 913223 
160 925918 
161 955799 
162 963949 
163 993557 
164 898063 
165 940959 
166 1.04231e+06 
167 1.00272e+06 
168 978964 
169 955961 
170 865623 
171 998698 
172 985349 
173 1.00512e+06 
174 1.07876e+06 
175 913952 
176 937010 
177 814733 
178 1.06876e+06 
179 923904 
180 979433 
