12 1
6 1
6 1
14 1
3 1
16 1
2 1
1 1
1 1
7 1
2 1
39 1
18 1
5 1
5 1
7 1
2 1
2 1
20 1
2 1
2 1
4 1
2 1
9 1
6 1
3 1
6 1
1 1
7 1
4 1
1 1
4 1
9 1
6 1
7 1
1 1
2 1
2 1
1 1
2 1
1 1
3 1
3 1
5 1
3 1
1 1
1 1
2 1
4 1
1 1
4 1
1 1
1 1
2 1
4 1
8 1
4 1
8 1
2 1
2 1
1 1
1 1
4 1
2 1
1 1
1 1
6 1
4 1
6 1
2 1
1 1
3 1
1 1
1 1
28 1
3 1
7 1
14 1
11 1
4 1
7 1
28 1
21 1
10 1
3 1
3 1
4 1
1 1
12 1
4 1
17 1
2 1
3 1
13 1
1 1
48 1
1 1
28 1
6 1
8 1
5 1
1 1
8 1
9 1
5 1
3 1
1 1
1 1
5 1
6 1
9 1
1 1
4 1
1 1
2 1
5 1
3 1
16 1
6 1
3 1
23 1
5 1
4 1
4 1
11 1
5 1
7 1
2 1
6 1
4 1
1 1
2 1
2 1
2 1
14 1
2 1
4 1
1 1
8 1
6 1
2 1
3 1
1 1
7 1
1 1
5 1
2 1
2 1
2 1
3 1
50 1
3 1
1 1
3 1
10 1
16 1
18 1
10 1
32 1
20 1
22 1
58 1
9 1
53 1
2 1
2 1
30 1
12 1
13 1
7 1
14 1
11 1
3 1
15 1
8 1
1 1
6 1
5 1
5 1
2 1
1 1
2 1
2 1
1 1
11 1
6 1
10 1
4 1
1 1
1 1
2 1
13 1
4 1
3 1
6 1
2 1
1 1
7 1
3 1
3 1
2 1
1 1
1 1
2 1
7 1
2 1
2 1
1 1
1 1
1 1
2 1
2 1
4 1
3 1
2 1
4 1
7 1
2 1
3 1
1 1
1 1
15 1
2 1
6 1
2 1
1 1
18 1
3 1
1 1
13 1
5 1
25 1
7 1
2 1
60 1
3 1
12 1
2 1
11 1
11 1
10 1
11 1
2 1
52 1
6 1
8 1
10 1
6 1
1 1
26 1
3 1
19 1
9 1
13 1
7 1
2 1
9 1
4 1
8 1
1 1
11 1
2 1
26 1
4 1
13 1
1 1
3 1
16 1
5 1
28 1
16 1
1 1
4 1
7 1
6 1
3 1
1 1
2 1
4 1
1 1
9 1
3 1
2 1
2 1
1 1
1 1
4 1
24 1
3 1
7 1
4 1
9 1
11 1
10 1
2 1
1 1
10 1
1 1
8 1
4 1
TOTAL: 2116 300
