220 1
47 1
30 1
76 1
55 1
23 1
22 1
3 1
15 1
70 1
45 1
23 1
65 1
451 1
16 1
21 1
26 1
34 1
56 1
12 1
70 1
2 1
17 1
62 1
12 1
3 1
3 1
1 1
15 1
20 1
7 1
4 1
6 1
1 1
26 1
1 1
6 1
1 1
7 1
8 1
72 1
216 1
1 1
9 1
14 1
24 1
17 1
5 1
3 1
13 1
2 1
8 1
2 1
8 1
3 1
1 1
5 1
2 1
3 1
2 1
31 1
2 1
1 1
11 1
1 1
1 1
7 1
4 1
4 1
8 1
4 1
5 1
2 1
4 1
5 1
17 1
43 1
56 1
15 1
30 1
70 1
72 1
324 1
64 1
87 1
497 1
748 1
71 1
1374 1
49 1
212 1
291 1
27 1
37 1
268 1
72 1
301 1
514 1
515 1
62 1
56 1
32 1
6 1
27 1
35 1
20 1
121 1
20 1
64 1
110 1
117 1
7 1
22 1
3 1
8 1
42 1
18 1
1 1
6 1
5 1
15 1
2 1
12 1
32 1
68 1
13 1
5 1
11 1
29 1
2 1
2 1
1 1
68 1
13 1
6 1
14 1
5 1
1 1
3 1
4 1
11 1
1 1
1 1
1 1
2 1
3 1
7 1
5 1
3 1
6 1
463 1
616 1
1318 1
307 1
301 1
321 1
270 1
169 1
122 1
37 1
843 1
2289 1
88 1
767 1
808 1
253 1
649 1
195 1
68 1
795 1
490 1
2136 1
191 1
158 1
1057 1
170 1
2 1
8 1
160 1
12 1
29 1
43 1
34 1
98 1
1 1
33 1
64 1
14 1
125 1
5 1
62 1
32 1
49 1
7 1
19 1
30 1
113 1
8 1
3 1
41 1
18 1
12 1
38 1
8 1
4 1
4 1
38 1
1055 1
99 1
3 1
140 1
58 1
1 1
1 1
6 1
113 1
4 1
12 1
27 1
8 1
6 1
7 1
12 1
14 1
16 1
518 1
16 1
3276 1
83 1
125 1
4799 1
849 1
176 1
1104 1
653 1
175 1
486 1
927 1
104 1
1162 1
1885 1
1084 1
6578 1
137 1
1567 1
1048 1
239 1
2259 1
20 1
1680 1
77 1
142 1
368 1
34 1
11 1
229 1
3 1
50 1
24 1
41 1
157 1
509 1
150 1
1 1
123 1
14 1
2 1
281 1
135 1
5 1
65 1
53 1
2 1
18 1
51 1
3 1
4 1
20 1
21 1
28 1
39 1
6 1
30 1
7 1
5 1
64 1
3 1
21 1
8 1
32 1
3 1
12 1
52 1
6 1
2 1
20 1
2 1
5 1
20 1
19 1
TOTAL: 60468 300
