2427 2
45 1
26 1
8 1
281 1
1375 7
10 1
11315 66
7 1
57 1
40 2
43 1
176 1
1377 1
51 1
160 1
11 2
212 1
1011 1
9 1
301 21
24 1
98 1
3 1
6 1
61 1
49 1
22 1
5 1
3 1
14 1
19 1
161 1
1 1
11 1
32 2
2 1
8 1
18 1
9 1
3 1
2 1
2 1
1 1
2 1
41 1
4 1
35 3
50 1
7 1
5 1
1 1
458 6
9 1
27 1
39 1
1 1
298 1
15 1
3 1
139 1
2 1
4 1
1 1
2 1
5 2
2 1
32 1
30 1
4 1
1 1
1 1
1 1
211 1
1 1
2 1
14 1
166 1
91 1
14 1
154 1
70 1
36 1
345 8
22 1
1635 1
583 1
117 1
1 1
156 2
1058 2
319 4
7 1
36 1
6334 3
55 1
73 1
167 1
29064 147
5905 5
15 1
516 1
177 1
13 1
54 1
43 1
179 2
118 1
12 1
25 1
375 2
11 1
16 1
360 1
7 1
8 1
8 1
31 1
15 1
110 1
559 1
9 1
1 1
1 1
36 1
11 1
8 1
1 1
4 1
514 1
30 1
2 1
1 1
3 1
1 1
5 1
9 1
3 1
1 1
112 1
127 1
12 1
2 1
52 1
2 1
4 1
1 1
3 1
4045 27
18 1
570 5
129 1
237 1
109 1
67 1
59 1
28 1
451 1
36 1
19 1
11201 4
12 1
200 1
11 1
1632 2
628 1
1563 1
6 1
18 1
1666 1
5770 2
2 1
284 1
199 1
128 1
16 1
19 1
30 1
7 1
5 1
6 1
9 1
103 1
147 1
5 1
20 1
28 1
8 1
129 1
1 1
34 1
2 1
269 1
147 1
43 1
15 1
18 1
33 1
21 1
1 1
1 1
5 1
1 1
9 1
7 1
77 1
37 1
89 1
64 1
4 1
6 1
35 1
4 1
2 1
2 1
6 1
54 1
1 1
2 1
2 1
2 1
4 1
9 1
10 1
3 1
50 1
22852 2
133 1
1511 2
654 1
8 1
5 1
133 1
16 1
12 1
8 1
142700 4
372 1
17 1
16 1
26 1
8 1
7616 2
20 1
552 1
4 1
47 1
516 1
127 1
51 1
30 1
5 1
7 1
3 1
360 1
26 1
148 1
34 1
1751 1
2 1
30 1
16 1
9 1
54 1
2 1
9 1
2 1
2 1
4 1
74 1
25 1
26 1
7 1
29 1
4 1
10 1
7 1
3 1
4 1
46 1
2 1
7 1
6 1
7 1
8 1
32 1
3 1
1 1
75 1
14 1
2 1
18 1
82 1
1 1
29 1
2 1
1 1
4 1
2 1
41 1
TOTAL: 282118 610
