4 1
59 1
56 1
28 1
5 1
1 1
9 1
7 1
3 1
13 1
6 1
3 1
3 1
4 1
16 1
7 1
7 1
4 1
4 1
35 1
1 1
4 1
4 1
19 1
22 1
8 1
2 1
2 1
3 1
159 1
3 1
5 1
3 1
1 1
6 1
3 1
2 1
2 1
9 1
3 1
5 1
2 1
1 1
11 1
13 1
7 1
1 1
2 1
21 1
9 1
3 1
3 1
5 1
3 1
2 1
1 1
1 1
11 1
1 1
2 1
10 1
3 1
1 1
3 1
3 1
3 1
2 1
3 1
8 1
3 1
5 1
17 1
1 1
3 1
1 1
5 1
45 1
53 1
73 1
84 1
17 1
23 1
65 1
2 1
18 1
9 1
47 1
40 1
45 1
34 1
1 1
99 1
87 1
10 1
75 1
31 1
27 1
24 1
8 1
6 1
19 1
3 1
15 1
3 1
2 1
22 1
18 1
11 1
9 1
2 1
12 1
15 1
12 1
8 1
12 1
2 1
33 1
20 1
4 1
17 1
13 1
3 1
43 1
78 1
14 1
16 1
4 1
1 1
5 1
6 1
6 1
4 1
1 1
46 1
2 1
4 1
4 1
1 1
2 1
12 1
5 1
7 1
1 1
2 1
4 1
3 1
21 1
6 1
17 1
1 1
10 1
185 1
62 1
39 1
117 1
34 1
17 1
17 1
21 1
171 1
7 1
158 1
72 1
4 1
100 1
44 1
33 1
20 1
7 1
4 1
65 1
163 1
3 1
55 1
51 1
5 1
2 1
2 1
5 1
8 1
46 1
3 1
31 1
13 1
8 1
24 1
9 1
20 1
27 1
4 1
2 1
2 1
1 1
7 1
6 1
13 1
31 1
4 1
26 1
7 1
4 1
7 1
6 1
13 1
42 1
1 1
14 1
2 1
1 1
22 1
2 1
1 1
1 1
2 1
1 1
2 1
1 1
18 1
3 1
16 1
3 1
1 1
1 1
8 1
2 1
27 1
74 1
10 1
24 1
238 1
145 1
11 1
99 1
6 1
6 1
49 1
43 1
199 1
26 1
16 1
23 1
58 1
2 1
11 1
10 1
36 1
2 1
79 1
16 1
24 1
4 1
23 1
23 1
99 1
17 1
6 1
1 1
12 1
33 1
18 1
10 1
24 1
26 1
191 1
66 1
19 1
16 1
8 1
11 1
12 1
24 1
2 1
53 1
169 1
12 1
6 1
2 1
2 1
3 1
1 1
8 1
10 1
1 1
41 1
10 1
1 1
1 1
8 1
2 1
30 1
12 1
4 1
8 1
10 1
1 1
3 1
23 1
13 1
20 1
6 1
TOTAL: 6482 300
