5 1
207 1
33 1
30 1
49 1
96 1
5 1
7 1
6 1
11 1
16 1
6 1
4 1
95 1
55 1
6 1
6 1
97 1
16 1
20 1
87 1
64 1
3 1
11 1
5 1
2 1
2 1
6 1
1 1
4 1
12 1
2 1
11 1
78 1
15 1
6 1
4 1
9 1
3 1
2 1
52 1
2 1
4 1
5 1
8 1
3 1
79 1
2 1
6 1
15 1
2 1
1 1
8 1
2 1
5 1
11 1
4 1
3 1
1 1
1 1
2 1
16 1
1 1
3 1
2 1
15 1
7 1
1 1
4 1
2 1
3 1
9 1
2 1
4 1
1 1
99 1
46 1
345 1
94 1
333 1
569 1
39 1
42 1
124 1
21 1
297 1
582 1
30 1
2 1
1 1
33 1
128 1
145 1
84 1
195 1
35 1
141 1
35 1
60 1
163 1
1 1
8 1
1 1
13 1
41 1
21 1
26 1
8 1
63 1
72 1
5 1
18 1
27 1
40 1
21 1
18 1
5 1
111 1
8 1
4 1
6 1
2 1
11 1
2 1
43 1
10 1
32 1
6 1
1 1
8 1
18 1
13 1
24 1
16 1
21 1
8 1
52 1
1 1
29 1
15 1
44 1
7 1
22 1
29 1
11 1
1 1
10 1
9 1
7 1
2 1
23 1
214 1
82 1
173 1
16 1
29 1
333 1
185 1
3 1
319 1
23 1
659 1
324 1
561 1
97 1
132 1
95 1
57 1
577 1
115 1
1046 1
591 1
1049 1
195 1
1404 1
142 1
50 1
19 1
10 1
15 1
16 1
3 1
64 1
43 1
2 1
16 1
90 1
14 1
13 1
48 1
17 1
77 1
41 1
385 1
23 1
15 1
6 1
27 1
43 1
18 1
14 1
18 1
2 1
18 1
24 1
26 1
8 1
8 1
10 1
48 1
24 1
9 1
10 1
4 1
32 1
13 1
33 1
14 1
4 1
13 1
23 1
1 1
12 1
17 1
4 1
817 1
133 1
52 1
170 1
29 1
115 1
198 1
453 1
246 1
248 1
1191 1
807 1
839 1
500 1
133 1
217 1
377 1
153 1
465 1
399 1
2081 1
83 1
54 1
375 1
279 1
1 1
5 1
267 1
93 1
111 1
44 1
163 1
60 1
35 1
96 1
90 1
131 1
23 1
362 1
460 1
105 1
4 1
16 1
16 1
59 1
230 1
40 1
143 1
3 1
51 1
9 1
3 1
7 1
50 1
61 1
104 1
10 1
42 1
13 1
3 1
2 1
9 1
1 1
12 1
2 1
73 1
46 1
19 1
32 1
23 1
3 1
8 1
2 1
1 1
13 1
TOTAL: 29455 300
