40_500_0.2 40_800_0.2 40_1000_0.2 40_500_0.3 40_800_0.3 40_1000_0.3 40_500_0.5 40_800_0.5 40_1000_0.5 50_500_0.2 50_800_0.2 50_1000_0.2 50_500_0.3 50_800_0.3 50_1000_0.3 50_500_0.5 50_800_0.5 50_1000_0.5 70_500_0.2 70_800_0.2 70_1000_0.2 70_500_0.3 70_800_0.3 70_1000_0.3 70_500_0.5 70_800_0.5 70_1000_0.5 OVER_1 OVER_2 OVER_3 OVER_4 OVER_5 OVER_6 OVER_7 OVER_8 OVER_9 OVER_10 OVER_11 OVER_12 OVER_13 OVER_14 OVER_15 OVER_16 OVER_17 OVER_18 OVER_19 OVER_20 OVER_21 OVER_22 OVER_23 OVER_24 OVER_25 OVER_26 OVER_27 TIME_1 TIME_2 TIME_3 TIME_4 TIME_5 TIME_6 TIME_7 TIME_8 TIME_9 TIME_10 TIME_11 TIME_12 TIME_13 TIME_14 TIME_15 TIME_16 TIME_17 TIME_18 TIME_19 TIME_20 TIME_21 TIME_22 TIME_23 TIME_24 TIME_25 TIME_26 TIME_27 
349713 340532 344568 335556 341275 324709 338593 343290 343662 315054 324380 322009 343473 320328 336852 331018 324423 328429 344348 313810 326900 328896 373567 339720 325241 304741 312670 18 0 0 0 0 0 0 0 0 0 0 0 0 0 0 17 0 0 0 0 18 0 61 0 0 0 0 1 0 0 1 0 1 0 1 0 0 1 1 0 1 0 1 0 1 1 0 1 1 1 1 0 1 1
321666 314923 324547 321244 337264 356825 327038 354219 312804 347845 341830 308369 356247 335044 327185 423807 314317 335054 316017 322137 347281 323650 329000 304342 328190 347474 304875 0 0 0 0 0 36 0 24 0 5 3 0 0 22 0 96 0 0 0 4 27 0 15 0 9 44 4 0 1 0 1 0 1 0 1 0 0 1 1 0 1 1 0 1 0 1 1 1 0 1 1 1 1 1
424067 379112 353102 365016 335800 372729 360440 336878 393013 353706 340676 337397 346437 330758 323334 329397 324942 337094 341941 364946 319136 350781 354547 344558 343748 339996 334161 38 22 0 36 0 0 0 0 41 0 0 0 0 0 0 0 0 0 0 0 0 0 0 0 0 0 0 0 1 0 1 0 1 0 1 0 1 0 1 0 1 0 1 0 1 1 0 1 1 1 1 0 1 1
350026 346831 376291 355905 483000 391742 338500 367063 346330 352068 367186 361075 367189 356828 368634 351329 354820 451169 373479 344968 383948 424624 357732 351720 355305 319229 352141 0 0 0 0 110 0 0 0 0 0 0 0 0 0 0 0 0 105 0 5 0 44 0 0 0 0 0 0 1 0 1 0 1 0 1 0 0 1 1 0 1 0 1 0 1 1 1 0 1 1 1 0 1 1
338613 326658 315886 320005 321512 327521 336724 333764 317962 326232 343710 323014 321841 342084 322678 334892 322995 327614 325021 322857 315663 311244 315667 317333 296284 316657 337044 0 0 0 0 0 0 0 0 0 0 0 0 0 0 0 0 9 6 0 0 0 0 0 0 0 0 0 0 1 0 1 0 1 0 0 1 0 1 1 0 1 0 1 0 1 1 0 1 1 1 1 0 1 1
424679 377837 366368 398210 392652 380602 385218 379957 360734 369008 386352 376906 380296 361219 388427 394424 401124 374494 418702 396717 378527 498332 378576 364970 373017 384087 383039 5 0 0 0 7 0 21 0 0 0 0 0 0 0 0 18 38 0 0 0 0 122 0 0 0 0 0 0 1 0 1 0 1 0 0 1 0 1 1 0 1 0 1 0 1 1 0 1 1 1 1 0 1 1
383458 393410 383294 373830 394987 361641 438726 360749 362040 419760 393660 408880 401969 442904 417241 411010 379655 374288 400789 385367 390090 382347 391528 393811 359618 383513 382611 0 0 0 0 0 0 48 0 0 0 0 0 0 37 0 0 0 0 0 0 0 0 0 0 0 0 0 0 1 0 1 0 1 0 1 0 0 1 1 0 1 0 1 0 1 1 0 1 1 1 1 0 1 1
313967 322950 315586 338172 326008 330597 321366 474648 307726 310127 361321 350023 321773 345492 302501 305232 326686 323870 330784 328668 323933 328807 320229 382657 305152 317082 302486 0 0 0 0 0 0 0 141 0 0 0 0 0 0 0 0 0 0 0 2 0 0 0 40 0 0 0 0 1 0 1 0 1 0 0 1 0 1 1 0 0 1 1 0 1 0 1 1 1 1 1 0 1 1
380731 369162 381751 356554 399986 334211 364785 364698 357270 375558 370651 360736 368944 411931 359994 345148 353550 382171 366636 400100 376402 376681 375716 375958 354532 363359 358310 0 0 0 0 0 0 0 0 0 0 0 0 0 48 0 0 0 0 0 29 18 19 0 5 0 0 0 1 0 1 0 0 1 0 1 0 1 0 1 0 1 0 1 0 1 1 0 2 0 1 1 1 1 1
356004 369544 359055 341881 365078 351627 351070 370020 361618 433681 378290 365676 362059 365961 380801 369636 342323 361821 364749 366553 358460 376989 356398 390839 363246 365673 345610 0 0 0 0 0 0 0 0 0 79 0 0 0 0 0 0 0 23 0 0 0 0 0 24 0 0 0 0 0 1 0 1 0 0 1 1 0 0 1 0 1 1 0 1 1 0 1 1 0 1 1 1 0 2
400348 434543 383698 384520 413350 419430 398264 387555 389032 420481 415025 386360 384640 432893 378624 418630 378529 421859 415461 406766 393746 405619 392272 414455 383619 382640 397192 0 0 0 0 0 0 0 0 0 0 0 0 0 0 0 0 0 0 0 0 0 0 0 0 0 0 0 0 0 1 0 0 1 0 1 0 1 0 1 0 1 1 0 1 0 1 0 1 1 1 1 0 1 1
397464 383580 361698 389942 392806 363549 363819 379826 351104 353072 353733 369784 364891 366762 342293 362217 342473 377216 368084 352074 339505 371838 369574 361201 350333 376329 367761 0 0 0 0 0 0 0 0 0 0 0 0 0 0 0 0 0 31 0 0 0 0 0 0 0 0 30 0 1 0 1 0 1 0 0 1 0 1 1 0 0 1 1 0 1 0 1 1 1 1 0 1 1 1
351268 343824 384380 357945 353892 350364 355733 365127 332006 349819 328324 350868 358935 349412 360090 362705 349241 371107 349232 333055 354096 333935 348247 353743 335799 348014 328754 0 0 31 0 0 0 0 0 0 0 0 0 0 6 0 0 0 15 0 0 0 0 0 0 0 0 0 0 1 1 0 0 1 0 1 0 1 0 1 0 1 0 1 0 1 1 1 1 0 1 1 0 1 1
416912 399783 403627 425555 392232 398951 386266 348701 355122 380463 409516 368052 396151 392519 393433 390125 386416 387782 379238 404519 367433 374149 395702 380804 396029 384502 376280 0 0 0 0 0 0 0 0 0 0 0 0 0 0 0 0 0 0 0 0 0 0 0 0 0 0 0 1 0 0 1 0 1 0 1 0 1 0 1 0 1 0 1 0 1 0 1 1 1 0 1 1 1 1
403489 372230 394250 390616 396331 394971 385222 384303 406746 396600 391059 387792 397392 412325 439678 388068 389628 388182 391858 387322 388307 390515 374566 381188 386962 369802 372050 0 0 0 0 0 0 0 0 0 0 0 0 0 0 49 11 0 0 0 0 0 0 0 0 0 0 0 0 0 1 0 1 0 1 0 1 0 1 0 1 0 1 0 1 1 0 1 1 0 1 1 1 1 1
383414 371997 354753 370438 347772 375629 361027 359540 359729 374669 369318 353092 365804 375963 374945 348419 359688 367275 396623 363485 367101 355656 340819 321894 355194 351029 373321 0 0 0 0 0 0 0 0 0 0 0 0 0 0 0 0 0 0 0 0 0 0 0 0 0 0 0 0 0 1 0 1 0 1 0 1 0 1 1 0 1 1 0 1 1 0 1 1 0 1 1 1 1 1
283993 272780 270561 276380 259207 256480 286275 262197 263403 302129 258540 251255 270466 264980 261751 311950 262815 330649 269770 257378 252123 298440 306446 272524 291913 280175 260565 0 0 0 0 0 1 28 0 0 32 0 0 0 0 0 48 0 55 3 0 0 27 42 0 10 0 0 1 0 1 0 0 1 1 0 1 0 1 1 0 1 1 0 1 1 0 1 1 1 1 1 1 1 1
332393 317600 318172 321766 308742 344891 314178 301120 325892 320441 321368 313664 321867 308440 328559 320766 311513 313596 328638 332514 304530 324815 297109 335637 314069 312598 311960 0 0 0 0 0 0 0 0 9 0 0 0 0 0 15 0 0 0 0 0 0 0 0 0 0 0 0 0 1 0 1 0 1 0 1 1 0 0 1 1 0 1 0 1 1 1 0 1 1 1 1 1 0 2
330292 317145 314094 310980 324314 347879 305067 333329 313936 311507 302304 317535 316153 314718 315208 309451 303495 322686 327186 361397 312806 316042 297682 314765 302835 317289 291678 0 0 0 0 0 0 0 0 0 0 0 0 0 0 0 0 0 18 0 54 0 0 0 0 0 0 0 0 0 1 0 1 0 1 0 1 0 1 1 0 1 0 1 1 1 0 1 1 1 1 1 0 1 2
379351 484983 421106 374742 431099 514060 375913 367012 377989 379122 386094 389561 480004 378551 480963 369989 416006 379300 376021 391058 386383 403308 416373 374451 375098 424809 431172 0 97 50 0 43 107 0 0 0 0 5 8 105 12 103 0 36 0 0 28 20 0 29 8 0 61 72 0 0 1 0 1 1 0 1 1 0 1 1 0 1 1 0 1 1 0 1 1 1 1 1 1 1 1
335664 323375 336814 348846 346951 336308 341408 335125 352855 333609 328963 340459 336068 332909 339688 350193 338714 332200 316112 324216 360721 330461 326485 322230 323772 338328 339274 0 0 0 0 0 0 0 0 0 0 0 0 0 0 0 0 0 0 0 0 0 0 0 0 0 0 0 0 1 1 0 0 1 0 1 1 0 1 0 1 0 1 0 1 1 1 0 1 1 1 1 0 1 2
316729 311370 318476 322659 310312 314827 359281 325388 315015 310810 312505 322070 314162 327587 305866 308752 309937 309099 313308 314624 315472 318250 350486 315323 301938 324545 302243 0 0 10 0 0 0 33 0 0 0 0 0 3 12 0 0 2 0 0 0 10 0 21 0 0 17 0 0 0 1 0 1 1 0 1 0 1 0 1 0 1 1 0 1 1 0 1 2 0 1 1 1 1 1
373864 370190 381772 385372 392707 361216 377702 358436 357260 370464 370120 388390 370976 388457 359258 359484 366537 391969 360809 355785 384212 370117 386267 369514 379503 367330 360367 0 0 0 0 0 0 0 0 0 0 0 8 0 0 0 0 0 26 0 0 0 0 29 7 0 0 0 0 1 1 0 0 1 0 1 1 0 1 0 1 0 1 1 0 1 1 0 1 1 1 1 1 1 1
393688 360136 397630 374878 353510 378857 343792 351075 390624 363504 357184 369209 356321 363825 364261 364956 345659 386379 388373 346401 366186 363387 373061 360517 348774 359290 343515 0 0 26 0 0 0 0 0 0 0 0 0 0 10 0 0 0 0 0 0 0 0 0 0 0 0 0 0 1 0 1 0 1 0 1 1 0 1 0 1 0 1 1 0 1 1 1 1 0 1 1 1 1 1
351403 345048 336884 363571 359202 367292 378589 360582 348263 358153 392738 353604 344935 389528 370411 342299 348394 347144 356756 386442 412547 354481 355600 361794 349655 348307 339973 0 0 0 0 0 0 0 0 0 0 22 0 0 14 10 0 7 0 7 27 90 0 0 7 0 0 0 0 1 0 1 0 1 0 1 0 1 0 1 0 1 1 1 0 1 1 1 1 0 1 2 0 1 1
335736 347058 338581 339264 351826 328228 366878 366641 336267 328939 334857 346806 346912 355289 350645 343884 332527 343499 354934 342730 331073 341444 337605 360056 345826 334664 316217 0 0 0 0 0 0 0 0 0 0 0 0 0 0 0 0 0 0 0 0 0 0 0 0 0 0 0 1 0 1 0 1 0 1 0 1 0 1 0 1 0 1 1 0 1 1 1 1 0 1 1 1 1 1
330788 343426 325508 345906 345379 347618 354908 331292 325860 339115 329606 328802 314598 333644 348504 377044 341859 349847 331646 334859 329362 341218 324198 319348 386929 316173 314388 0 0 0 0 0 0 0 0 0 0 0 0 0 0 0 0 0 24 0 0 0 0 0 0 58 0 0 0 1 0 0 1 1 0 1 0 1 0 1 0 1 1 0 1 1 0 1 1 1 1 1 0 1 2
328840 335119 336916 326930 326460 329046 351130 327413 320216 333417 328511 337025 351630 328701 337614 322444 321364 337101 333662 336352 320327 335968 331225 321211 329219 321396 321912 0 0 0 0 0 0 0 0 0 0 0 0 0 0 0 0 0 0 0 0 0 0 0 0 0 0 0 0 0 1 0 1 0 1 0 1 0 1 1 0 1 0 1 1 0 1 1 1 0 1 1 1 1 1
343944 346362 367896 362259 360669 359806 370597 360066 366533 356865 367200 374366 379788 368152 362214 372695 341436 359074 365382 373940 352987 350995 341086 332930 366203 363288 354398 0 0 0 0 0 0 0 0 0 0 0 0 0 0 0 0 0 0 0 0 0 0 0 0 0 0 0 0 1 0 1 0 1 0 1 0 1 0 1 1 0 1 0 1 1 0 1 1 1 1 1 0 1 2
334153 343358 327357 340790 317152 323774 326482 322262 340903 337177 327025 327048 334775 337439 334464 333032 394367 315000 383917 324118 394514 329239 376284 336034 329468 365835 329271 0 0 0 0 0 0 0 0 0 0 0 0 1 0 0 0 49 0 45 0 54 0 45 0 5 34 0 0 0 1 0 1 0 1 0 1 0 1 1 0 1 1 0 1 1 0 1 1 1 1 1 1 1 1
329606 317415 332436 319256 364542 318470 327442 322071 349605 337285 329360 313295 323660 331497 318563 314459 311529 324389 326312 315163 314809 329528 319262 321090 313796 311447 314885 1 0 0 0 36 0 0 2 33 2 0 0 0 0 0 0 0 0 0 0 0 0 0 0 0 0 2 0 1 0 1 0 1 0 1 1 0 1 1 0 1 1 0 1 1 0 1 1 1 1 1 1 1 1
334606 330007 333139 320162 324692 341072 320597 340787 331894 445548 315754 356628 334183 341533 325232 323751 327364 321713 347780 316617 331931 404957 317987 362401 318206 328087 332732 0 0 0 0 0 8 0 26 3 92 0 23 3 0 0 0 20 0 0 1 0 63 0 34 0 0 0 0 1 1 0 1 0 1 0 1 1 0 1 1 0 1 0 1 1 1 1 1 1 1 1 1 1 1
323273 324449 304053 308476 342632 327640 317314 308222 319883 315064 348841 315892 417796 299064 309026 306640 303415 306855 288592 331489 305991 308162 305417 305789 347847 295463 365449 0 24 0 0 31 10 0 0 15 0 24 0 92 0 1 0 0 0 0 15 0 0 15 0 41 0 62 0 1 0 1 0 1 0 1 1 0 1 1 0 1 1 0 1 1 0 1 1 1 1 1 1 1 1
342742 339581 322170 323835 334430 329261 344343 332167 324911 410111 352961 333416 349136 341552 324017 338713 325146 329270 442188 339178 366766 333706 387870 337690 349416 331949 373973 0 0 0 0 0 0 0 0 0 58 0 0 0 0 0 0 9 0 79 0 42 5 45 0 23 0 31 1 0 1 0 1 0 1 0 1 0 1 1 0 1 1 0 1 1 1 0 2 0 1 2 0 1 2
275888 315534 283649 316596 255575 258066 269413 313276 275345 273015 281609 291977 262596 274116 283120 313870 277984 265916 344952 262509 254266 260597 271799 248931 258397 249809 261759 0 34 4 43 0 0 0 50 0 0 2 37 10 9 12 42 4 0 61 0 0 0 0 0 0 0 0 0 1 0 1 0 1 0 1 1 0 1 1 0 1 1 1 0 1 1 1 1 1 1 1 0 1 2
393722 369484 365446 374384 370608 376954 368609 372647 368662 375854 363507 366910 368991 370409 356685 357790 356288 386297 359650 377015 356299 362080 358518 352770 364118 357845 358473 0 0 0 0 0 0 0 0 0 0 0 0 0 0 0 0 0 24 0 0 0 0 0 0 0 0 0 0 0 1 0 1 1 0 0 1 1 0 1 0 1 1 0 1 1 1 0 1 1 1 1 1 1 1
402159 402149 383647 458627 406961 403692 393979 407081 398748 404300 488344 377879 390624 384569 397224 403476 383377 389231 390281 397842 390748 399657 413803 373179 401975 377397 390107 0 0 0 47 0 0 0 0 0 0 81 0 0 0 0 0 0 0 0 0 0 0 0 0 0 0 0 0 1 0 1 0 1 0 1 1 0 1 0 1 1 0 1 1 0 1 1 1 0 1 1 1 1 1
287130 287293 266887 289246 277346 272428 285062 274646 298043 272904 265838 291900 271819 280723 277292 285158 274747 278650 278082 289758 268532 282577 273733 275437 275950 284589 270714 0 0 0 0 0 0 0 0 0 0 0 0 0 0 0 0 0 0 0 0 0 0 0 0 0 0 0 1 0 1 0 1 0 1 0 1 0 1 1 0 1 1 0 1 1 0 1 1 1 1 1 0 1 2
316185 289951 309405 306479 304910 300712 304693 300569 296432 300446 300167 304009 312126 286158 316846 313601 293084 289615 302560 329739 294932 301970 293326 293649 283954 303271 306626 0 0 0 0 0 0 0 0 0 0 0 0 0 0 0 0 0 0 0 25 0 0 0 0 0 0 0 0 0 1 0 1 1 0 1 0 1 0 1 0 1 1 0 1 1 1 1 1 0 1 1 1 1 1
329012 309051 318300 316644 305489 316083 310587 312633 309804 320222 314863 318436 320713 324687 311558 327578 318476 325462 326390 308292 318632 313912 319102 323620 317441 305044 313207 0 0 0 0 0 0 0 0 0 0 0 0 0 0 0 0 0 0 0 0 0 0 0 0 0 0 0 1 0 1 0 0 1 0 1 1 0 1 0 1 1 0 1 1 0 1 1 1 1 0 2 0 1 2
406662 393555 389741 379584 407266 399654 399682 387624 388650 395171 387197 393288 396654 388434 392156 388881 381959 376928 406908 385381 383057 392766 382751 401999 380533 398874 373959 0 0 0 0 0 0 0 0 0 0 0 0 0 0 0 0 0 0 0 0 0 0 0 0 12 0 0 0 1 0 1 0 1 0 1 0 1 0 1 1 0 1 0 1 1 1 0 2 0 1 1 1 1 1
399147 374467 379140 390758 462280 375419 393036 368077 382171 385618 373616 385112 388917 397903 382955 374971 381864 364788 383962 385118 371584 392121 370904 377008 450752 375991 379820 2 0 0 0 85 0 0 0 0 0 0 0 0 0 0 0 0 0 0 0 0 0 0 0 73 0 0 1 0 1 0 1 0 1 0 1 0 1 1 0 1 1 0 1 1 0 1 1 1 1 1 0 2 1
384590 353580 369514 362110 356391 361367 365220 348270 351011 369736 376640 354698 371545 369015 361198 356944 356527 364174 374087 365862 356103 344453 367494 344391 354311 361379 363033 0 0 0 0 0 0 0 0 0 0 0 0 0 0 0 0 0 0 0 0 0 0 0 0 0 0 0 0 1 0 1 0 1 0 1 0 1 0 1 1 0 1 1 0 1 1 1 1 0 1 1 1 1 1
337203 335886 337725 338602 321598 327930 343940 327626 329015 330016 335710 341417 330370 329086 332553 326072 329118 326828 326338 340816 312831 333134 336538 339752 319030 324626 318002 0 0 0 0 0 0 0 0 0 0 0 0 0 0 0 0 0 0 0 0 0 0 4 0 0 0 0 0 1 1 0 0 1 0 1 1 0 1 0 1 0 1 1 0 1 1 1 1 0 1 2 0 1 1
323156 354635 354412 342805 331845 332979 335599 338981 337788 333841 324721 337573 324507 322039 319942 326290 316770 344019 320211 329838 322573 320068 340873 314720 320733 335756 331840 0 11 0 6 0 0 0 0 0 6 0 0 0 0 0 0 0 0 0 0 0 0 15 0 0 12 0 1 0 1 0 1 0 1 0 1 1 0 1 0 1 1 0 1 1 0 1 1 1 1 1 1 1 1
289534 286393 284602 292359 299656 290825 296143 348093 289692 332644 293666 253248 296936 303865 300083 289738 285151 283300 307767 284594 286084 283602 284708 287386 300814 292555 276087 0 0 0 0 0 0 0 61 0 33 0 0 0 34 0 0 0 7 28 0 0 0 4 0 5 0 18 1 0 1 0 1 0 1 0 1 1 0 1 0 1 1 0 1 1 1 1 1 1 1 1 1 1 1
355547 326685 386034 345342 328966 323486 401083 316048 304431 352378 347184 325369 315342 319617 333624 327378 314365 312044 317470 315925 325423 302029 320439 332963 311470 311427 302002 36 0 59 0 2 0 73 0 0 13 16 0 0 0 0 10 0 0 0 0 0 0 0 0 0 0 0 1 0 1 0 1 1 0 1 0 1 1 0 1 0 1 1 1 0 1 1 1 1 1 1 1 1 1
327100 321565 355747 368290 304414 317782 321003 361101 401765 319502 310579 313305 314190 348702 314269 322476 301254 332685 319411 320997 310467 302856 313464 312140 339639 300093 311859 0 0 28 51 0 0 0 45 101 0 0 0 0 24 0 0 0 24 0 0 0 0 0 9 23 0 9 0 1 0 1 0 1 0 1 1 1 0 1 0 1 1 1 0 1 1 1 1 1 1 1 1 1 1
287484 288865 290645 299753 289038 293035 398978 287178 292252 295479 279152 343762 289391 276063 307041 282348 284359 292067 294893 285558 298722 296683 299017 292548 292719 276489 299910 0 0 0 0 0 0 95 0 0 0 0 44 0 0 0 0 0 0 0 0 0 0 0 0 0 0 0 1 0 1 0 1 0 1 0 1 1 0 1 1 0 1 1 0 1 1 1 1 0 1 2 0 1 2
332524 339406 326643 339234 322849 336125 378590 322446 325732 318197 328108 317023 384716 334934 327062 341637 318484 330391 343853 336030 324541 360369 314524 328369 331262 320701 325343 0 0 0 4 0 6 48 0 0 0 0 0 31 0 8 14 0 0 17 4 0 35 0 0 0 0 0 0 0 1 0 1 1 0 1 1 0 1 0 1 1 1 0 1 1 0 1 2 0 1 1 1 1 1
461528 343272 355172 354519 345523 364804 346382 389223 348110 349652 362527 374867 350391 369422 363441 352228 361599 373285 363364 347163 351298 366266 354954 357212 341694 358490 365771 75 0 0 0 0 0 0 27 0 0 0 21 0 24 0 0 0 16 0 0 0 0 0 0 0 11 0 1 0 1 0 1 0 1 1 0 1 0 1 1 0 1 1 0 2 0 1 1 1 1 1 1 1 1
324098 351184 329603 312924 315303 329300 327233 304837 312980 329596 304648 313394 323697 317936 307926 316074 299104 326682 299542 299130 329094 310490 309176 315301 305905 303795 306785 0 26 0 0 0 0 0 0 0 0 0 0 0 0 0 0 0 0 0 0 12 0 0 0 0 0 0 0 1 1 0 1 0 1 0 1 0 1 1 0 1 1 0 1 1 0 1 1 1 1 1 1 1 1
298340 283261 345752 277202 257162 305056 277751 344017 267656 281032 273720 285247 277597 364467 276782 270723 273602 286272 276191 278283 281019 272096 273580 285419 301553 286294 286701 0 0 60 0 0 31 0 56 0 0 0 0 0 82 0 0 0 11 0 0 0 0 0 4 30 0 0 1 0 1 0 1 1 0 1 0 1 0 1 1 0 1 1 1 1 0 1 1 1 1 1 1 1 1
316768 393407 305216 322662 312355 314293 312280 305496 299944 318308 306589 302483 313097 296094 317217 311780 293256 321494 308400 301163 299489 302382 308826 301524 295632 340295 311877 0 78 0 0 0 0 0 0 0 0 0 0 0 0 0 0 0 0 0 0 0 0 0 0 0 38 0 1 0 1 0 1 0 1 0 1 1 0 1 0 1 1 0 1 1 1 1 1 0 1 1 1 1 2
328858 311688 301834 317978 300307 308095 331019 305547 309432 303446 307196 301624 321370 305880 345625 314775 309470 309286 300970 300161 320915 301214 299476 306964 311852 299162 292046 20 0 0 0 0 0 0 0 0 0 0 0 0 0 44 0 0 7 0 0 24 0 0 0 0 0 0 0 0 1 0 1 1 0 1 0 1 0 1 1 0 1 1 1 1 0 1 1 1 1 1 1 1 1
381568 374865 392568 392921 362435 427298 375595 370532 388762 370255 366777 373924 370728 369468 398471 382791 364076 356527 375302 367559 375726 366521 359433 396947 351134 368175 364326 0 0 0 0 0 45 0 0 0 0 0 0 0 0 41 0 0 0 0 0 0 0 0 32 0 0 0 0 1 1 0 0 1 1 0 1 0 1 1 0 1 1 0 1 1 1 0 2 0 1 1 1 1 1
401901 405898 394606 395567 430062 410306 393828 392816 420599 417172 447990 397912 388624 393979 400215 399018 388708 390754 399299 404171 404813 388511 389526 401944 387403 392375 389146 0 0 8 0 41 6 0 0 15 27 44 0 0 0 0 3 0 0 0 0 0 0 0 0 0 0 0 1 0 1 0 1 1 0 1 1 0 1 1 0 1 1 0 1 1 0 1 1 1 1 1 1 1 1
327906 318748 385221 331244 331060 340575 317149 360025 352595 334424 358528 371373 306924 341176 328693 327401 345135 357408 387328 310554 347994 360822 358298 340365 337902 323137 314103 0 0 45 0 0 31 0 49 0 0 40 48 0 29 0 0 23 0 62 0 31 5 15 19 0 13 0 0 1 0 1 0 1 0 1 1 0 1 1 0 1 1 0 1 1 1 1 1 0 2 1 0 2 1
284230 290209 285084 304914 296914 280641 283440 269014 293975 279266 263836 289654 289736 287862 295124 292704 278572 284625 283763 286484 325107 283653 291600 283571 280075 279739 284823 0 0 0 0 10 0 0 0 0 0 0 0 2 0 5 0 0 0 0 0 40 0 0 0 0 0 0 0 1 0 1 0 1 0 1 1 0 1 0 1 1 1 0 1 1 0 1 1 1 1 1 1 1 1
325565 334590 328047 319422 320659 345647 344356 308282 331020 338825 320996 327754 335388 341194 330736 330767 325305 336653 318599 334848 327973 333957 332397 330811 333666 321494 335875 0 0 0 0 0 0 0 0 0 0 0 0 0 0 0 0 0 0 0 0 0 0 1 0 0 0 0 0 1 1 0 0 1 0 1 1 0 1 1 0 1 1 0 1 1 0 1 1 1 1 1 1 1 1
