1 273451 
2 282239 
3 280176 
4 267762 
5 262677 
6 270825 
7 241560 
8 322796 
9 249611 
10 292688 
11 289747 
12 264469 
13 260133 
14 308906 
15 255744 
16 318609 
17 301206 
18 294306 
19 335471 
20 289302 
21 286380 
22 293504 
23 298920 
24 284724 
25 299260 
26 315562 
27 278902 
28 266556 
29 277672 
30 276468 
31 292680 
32 321674 
33 297983 
34 282387 
35 242413 
36 339904 
37 295116 
38 318645 
39 305517 
40 322228 
41 320479 
42 326551 
43 254886 
44 325310 
45 299528 
46 315382 
47 231547 
48 249611 
49 217930 
50 256767 
51 237549 
52 257302 
53 269558 
54 235276 
55 258801 
56 261298 
57 293519 
58 246814 
59 252442 
60 208297 
61 240690 
62 327927 
63 289709 
64 279586 
65 258954 
66 281535 
67 257318 
68 260178 
69 233561 
70 282160 
71 289266 
72 281542 
73 259773 
74 254894 
75 287778 
76 267968 
77 255803 
78 294104 
79 266098 
80 274050 
81 265000 
82 306558 
83 308039 
84 288210 
85 300305 
86 276459 
87 252802 
88 280749 
89 247920 
90 296560 
91 244151 
92 218505 
93 255979 
94 238538 
95 243005 
96 278909 
97 256414 
98 229713 
99 260253 
100 271411 
101 245954 
102 260368 
103 228147 
104 240753 
105 256439 
106 256009 
107 249775 
108 247516 
109 283803 
110 268693 
111 259061 
112 247077 
113 232256 
114 296604 
115 291594 
116 251145 
117 238928 
118 255107 
119 261032 
120 281199 
121 247773 
122 282184 
123 255641 
124 257997 
125 268279 
126 256168 
127 242291 
128 274869 
129 255929 
130 225261 
131 258899 
132 254990 
133 265740 
134 256233 
135 233878 
136 229139 
137 233752 
138 229288 
139 286375 
140 248473 
141 221747 
142 254723 
143 224893 
144 227625 
145 272086 
146 275536 
147 251185 
148 240591 
149 251135 
150 244964 
151 247819 
152 232011 
153 250355 
154 245317 
155 264995 
156 242000 
157 238793 
158 215309 
159 247319 
160 228805 
161 221242 
162 237561 
163 291312 
164 283672 
165 249141 
166 244987 
167 295959 
168 252179 
169 264288 
170 279958 
171 274580 
172 261677 
173 255842 
174 213673 
175 307496 
176 225999 
177 229277 
178 235001 
179 229900 
180 201209 
