1 788589 838038 863407 858431 776951 841102 844345 870333 773597 844286 849955 853969 760391 835369 854230 852792 772651 811821 840963 850962 760029 835454 845683 858944 
2 855564 918686 919638 903990 834676 894436 900323 915392 827227 894229 912806 911804 814539 899839 915284 898541 815436 884650 916370 905752 806599 872098 902167 885514 
3 857488 924741 934551 936234 843667 926916 930581 941049 840108 929510 922233 938289 823409 915194 915053 880585 865523 909551 932503 921838 823858 908378 920496 910509 
4 839419 881350 897448 888451 823587 876066 890694 880828 806804 875969 887906 882268 796020 860480 888264 892047 803334 870529 872723 887279 811716 876087 895448 855586 
5 781402 871118 837617 865619 789887 833250 868025 867836 782418 845924 860805 857331 784366 833188 841887 857289 785353 839161 850981 856656 752719 774286 838128 849764 
6 907861 962790 972860 954363 876648 967615 948069 944009 892508 953654 939095 952312 850268 934544 945512 944393 898274 932712 958818 954626 877961 942482 945703 949058 
7 892606 921363 933717 948792 871584 923932 947189 932865 890657 931057 943505 943127 874502 926513 938991 929095 857459 938773 943116 934549 869223 936569 938326 929347 
8 751186 829095 840597 825963 754299 830425 812610 799365 754305 834890 843484 826495 751138 816190 828437 829452 748681 825334 830849 825986 760103 808752 816502 833385 
9 702974 771104 774023 780342 698793 782127 774904 798756 720170 770436 759266 789220 707356 782304 783060 784071 706235 785096 782304 784527 696725 767886 778998 781604 
10 719545 782073 775300 790578 701556 759753 776270 763775 713256 767520 760112 784351 699447 732586 768828 778154 716893 756587 769981 773147 690984 732542 768241 759829 
11 984907 1.0492e+06 1.04052e+06 1.07838e+06 968587 1.02587e+06 1.03774e+06 1.04838e+06 988130 1.0476e+06 1.05636e+06 1.05353e+06 978842 1.03601e+06 1.05381e+06 1.04805e+06 948056 1.03015e+06 1.06038e+06 1.05575e+06 967893 1.0373e+06 1.02576e+06 1.05066e+06 
12 864727 897543 889379 895970 799646 864393 892534 887571 824146 897979 899003 891810 819241 888132 891398 884455 825986 889273 911468 908188 839129 872582 886395 894454 
13 874533 923015 917756 923191 853324 916433 926356 917548 862762 908491 928397 933827 829549 902815 911556 908383 864158 936780 925840 922948 868036 912742 924300 927490 
14 1.02629e+06 1.11557e+06 1.12456e+06 1.11885e+06 1.0532e+06 1.07017e+06 1.09756e+06 1.10337e+06 1.03882e+06 1.0781e+06 1.10235e+06 1.10757e+06 1.00872e+06 1.07734e+06 1.107e+06 1.09823e+06 1.0278e+06 1.09067e+06 1.11351e+06 1.11454e+06 1.01458e+06 1.09376e+06 1.06132e+06 1.08949e+06 
15 865502 928636 940008 961826 849544 915606 961656 949390 868085 929293 964575 941726 852284 932360 933019 943800 871616 940727 936001 939307 814858 918112 917337 946302 
16 637933 672794 673837 673729 614630 670477 671379 653370 623543 664127 656548 659250 621760 649624 654314 667361 596441 647079 666855 659028 604754 650229 650817 642702 
17 734090 763910 799227 784814 750088 772326 779366 794331 731384 778059 778737 763400 722603 756848 766082 779546 722451 768751 778009 786458 701803 767781 757885 765897 
18 627056 695678 719091 698417 662659 721831 720240 688507 656572 695552 683772 710823 644917 694823 693703 686776 637380 700180 699477 720884 648251 699269 701712 696403 
19 752014 778028 785761 787262 741876 773638 773626 784273 715794 763935 785993 779535 735164 769136 764834 774072 747535 767165 765400 786742 721750 756015 758658 759438 
20 744348 759258 782399 800851 716248 763659 786832 772208 726690 769078 758365 772028 709058 756134 762458 760975 723197 765976 772898 778149 707742 747986 767560 747915 
21 825340 882989 870366 896113 821947 860184 886559 897458 815207 883280 882399 882768 805920 874686 886251 851881 816990 866216 889133 891866 798520 880446 860837 886481 
22 829535 827931 848692 905508 803268 839651 857101 852144 806499 876523 839651 881356 797907 849285 839651 860040 805203 828608 842233 852971 757751 828359 839651 861229 
23 677289 770222 787830 781395 661617 728157 766470 765614 704839 738739 757195 757518 706477 719458 748365 751388 707717 763882 743020 738024 695628 751668 757254 745221 
24 827486 857655 859524 871947 824402 865350 831868 863561 823325 854109 871318 878602 817785 852304 848682 853306 816319 852025 860657 847174 798952 835626 866456 846504 
25 866595 880541 916984 893209 810298 893209 902387 893209 861955 881766 908345 891059 813202 893209 900852 891059 829412 878362 891591 889426 833265 889912 895228 887332 
26 816255 869327 885653 908282 838127 860715 886723 880906 835542 877292 890200 886723 816698 880906 883448 876285 831329 880906 895696 885731 835501 868205 879451 881376 
27 884795 946689 939891 931482 848323 918976 926642 917997 876698 918096 939244 949891 845155 916794 889509 927486 854074 917808 910014 919906 847838 931440 932482 923342 
28 826416 873786 901297 883447 828340 894104 880023 892149 832727 859116 880506 896948 823743 862269 869935 904329 832877 879679 901769 877256 826820 865452 894490 878248 
29 819060 843894 895661 872102 796718 866803 884064 867061 845585 886229 886229 893044 813056 864961 885939 886229 821514 884853 884374 886229 794630 853862 868597 858478 
30 871989 932545 924613 932306 854996 887256 919118 917590 881351 929128 933310 917499 872424 924135 929229 924855 866507 906501 931200 934965 860892 922966 912287 919599 
31 655275 699705 712227 691717 640982 693805 686308 702262 653260 701456 697300 696705 655910 688594 678312 693150 665682 685543 692495 685042 656239 689888 693119 687619 
32 713285 722942 726316 729838 705130 733299 719621 720957 701426 715729 715729 715729 701338 713472 733346 720957 700413 727961 713333 737645 701649 726009 710569 714143 
33 703179 712410 746645 744211 675248 730427 732967 759332 701624 731225 730493 720826 698434 729002 727585 724435 667387 704499 694567 716951 706197 696807 711334 714580 
34 648482 666359 657828 654264 618008 657697 653645 660351 639419 657947 654532 653114 604670 628331 643908 654169 604304 645118 654368 648220 613157 621672 640200 654793 
35 582290 626949 612277 612568 576093 628493 621650 620662 586117 609183 607723 616367 585331 620409 628336 610566 575694 620150 622278 624649 592671 618514 621961 594508 
36 678240 712725 730424 711173 671266 696791 697082 726788 697026 681957 682362 728654 671594 685452 706757 718247 685034 705263 711171 718229 662866 700821 716894 695817 
37 658858 695516 693626 676894 634954 670612 684090 667912 653490 688446 679322 686864 648777 674146 684248 685262 650688 675699 678720 676292 640298 672208 681651 669870 
38 665147 679086 709022 687452 639065 697683 670779 691308 647452 681029 683873 689606 630611 685144 685097 680799 652434 679002 684178 673829 636510 662592 680199 675909 
39 701587 757698 750663 761518 695435 752454 758107 759722 702387 763366 748549 770129 687013 748143 754626 725888 716028 729751 748279 761939 694804 728394 747294 738662 
40 611678 643411 667656 665124 616008 655405 650502 634224 594371 653569 641999 654705 609438 642383 621310 646359 621024 639926 648207 640106 600084 642572 656027 648238 
41 847787 868928 886852 899079 806405 863311 891031 869000 827727 851461 857092 881199 817595 858455 875377 874847 829897 880982 872592 874038 828121 847628 863778 885522 
42 637615 715897 728049 747331 665453 737063 727959 740407 662125 737461 726139 726109 667191 715584 731610 745773 693280 732049 713996 731953 671064 727665 732621 732110 
43 728130 753823 763905 762304 701751 742360 766628 757773 714761 753071 770621 761417 708966 742119 745362 768886 683734 746216 770994 769891 702066 764909 731379 759629 
44 716931 778717 777759 777560 722372 760724 779474 782272 735735 758251 771081 784775 714713 745559 773504 778534 739584 777092 787493 794573 694971 771641 777693 750175 
45 680042 744301 737298 762765 722013 741690 753034 733146 707228 752252 747970 738784 685363 736576 741248 740302 684606 732711 733436 738197 693370 713110 738967 746408 
46 668185 691873 698441 733147 676115 691138 688864 682639 670642 695714 685704 694882 663371 683178 695674 697464 665002 668792 671849 692140 662364 677410 698760 683993 
47 698512 747727 738856 763654 714317 710876 749807 760698 705660 731358 741627 750824 707727 727590 744083 744920 715687 732874 743960 752452 705013 729526 736240 719487 
48 654864 691152 694394 670598 646103 677940 667126 671725 655850 684880 671206 662042 639630 662326 670114 656311 645929 668750 672588 683455 639753 667780 651165 670576 
49 624537 627138 632637 622002 604587 612417 632364 632031 598297 617947 643348 618173 585492 611895 621100 624500 596406 613738 623569 622667 594095 619323 614686 631802 
50 754640 784731 774603 797011 751880 783706 786364 794256 740895 775207 757970 781186 738788 779556 770741 775694 745284 765780 777981 762308 742332 747816 775690 782072 
51 738051 777378 786849 791427 745173 773934 783581 777400 732624 774916 791628 779717 746740 764362 765134 769323 748098 771018 784901 802129 738326 772689 790328 766680 
52 729152 765364 761662 749492 722388 742578 743098 759384 722453 743464 739332 748024 721283 721339 739733 751384 726399 753661 747860 747691 712645 732134 749101 744192 
53 691641 713999 725764 732498 683659 726648 740292 713091 662010 727394 731389 729800 687263 695670 735995 718723 693088 711189 725245 707303 672603 702378 709359 716251 
54 671573 703767 700429 707162 655979 698408 688473 700429 667682 711797 700064 680120 657500 699825 703767 674066 673499 703455 703767 703917 643332 691687 679558 698163 
55 638821 683287 647008 697984 643217 673883 671741 673541 651288 662593 686959 697242 647993 660941 668181 676947 657659 657714 672952 679739 651186 663817 671770 652914 
56 745430 803940 786962 803940 728351 802217 803940 807867 725423 786962 786962 803940 748954 796492 804778 787525 766056 795776 793131 807867 722144 786962 802368 803940 
57 700122 719809 719809 742812 673326 719809 722868 720309 697885 720309 722868 720309 687714 722868 711928 722868 701472 720309 722868 719809 702172 720618 712172 722868 
58 673051 721092 712968 725826 648195 692298 721303 695786 640288 685373 698511 716875 630819 675201 676593 712614 635255 695469 693444 715896 643355 693689 700223 689986 
59 692368 726020 716833 723901 684120 715284 728447 738489 688576 722918 736913 711744 662235 717482 711985 729617 688365 727108 731065 714623 698156 723159 702084 727393 
60 736604 801029 824263 802393 767376 811319 821450 822337 766354 796342 827899 824451 765090 811748 786663 803366 773087 801828 823004 827972 757491 798401 793813 806354 
