1 788783 857967 867342 867705 783553 834733 869448 867535 773334 838738 856834 851186 761934 833800 844334 850853 791005 855699 855765 840867 762603 822842 829401 851793 
2 882477 904257 911444 911692 819155 878180 916546 927171 820999 888514 882302 917727 820669 896775 905922 887351 824564 908804 913805 890151 820468 873522 913894 905546 
3 799931 920795 948674 940405 854768 917142 954133 926769 850712 908202 936919 930011 817238 916476 916113 939808 860288 881232 928992 925767 845259 908072 901623 923429 
4 851637 863897 886714 887399 805204 897837 881899 863254 829988 888812 885593 883608 814837 875274 867513 872076 810277 889061 901082 888232 813602 859787 874467 870361 
5 782738 827755 861558 845419 781777 834762 871645 851072 802227 842845 844101 835052 756131 839306 842291 843216 787700 846374 846334 853998 778855 831851 837065 837689 
6 910894 982597 966791 969891 900631 966412 938304 959747 891287 960798 959610 958055 878832 949332 957378 952179 872747 953526 950314 950470 863563 941482 952614 969547 
7 851190 945994 940253 936009 873228 919249 934153 930355 870772 938259 946439 936088 882551 926021 932087 937671 880720 934120 937363 944857 860139 930662 919693 943497 
8 784811 835553 841533 838468 757230 824958 823862 812271 761171 821307 831826 831084 748718 808510 823479 825001 783335 813130 831976 832775 750260 815430 817599 831308 
9 731444 787295 813756 799770 727054 788460 781331 796018 713142 772524 774870 802007 698991 764147 793176 772521 711639 789826 783876 794058 715316 782423 797456 783981 
10 711919 784530 775018 770232 711851 771380 785406 768468 705409 771965 774213 768262 693008 751280 769783 780517 705346 771432 771301 770479 695708 743422 767661 754881 
11 992625 1.02806e+06 1.04286e+06 1.05379e+06 971924 1.06609e+06 1.03632e+06 1.06019e+06 981037 1.05091e+06 1.03737e+06 1.05148e+06 960516 1.04976e+06 1.04714e+06 1.05935e+06 1.01243e+06 1.0281e+06 1.04661e+06 1.07441e+06 964290 1.04348e+06 1.03832e+06 1.04617e+06 
12 832228 899927 905263 912609 825119 866859 893184 883428 843326 879425 899027 899189 834004 892252 894795 900405 818787 887814 897785 896973 807626 893926 903990 905181 
13 870625 918923 935915 926603 868318 916407 914521 920328 841776 912065 924462 935433 847050 923282 917727 921561 865149 904936 912488 928170 847430 920545 924006 917747 
14 974582 1.10422e+06 1.11558e+06 1.10983e+06 1.03445e+06 1.07264e+06 1.07235e+06 1.10373e+06 1.0411e+06 1.09592e+06 1.11019e+06 1.09177e+06 1.0098e+06 1.07827e+06 1.09117e+06 1.09316e+06 1.03736e+06 1.08188e+06 1.08965e+06 1.1055e+06 1.01473e+06 1.06555e+06 1.08069e+06 1.1038e+06 
15 871424 953021 945975 970407 855019 933302 935386 944473 856392 938045 935276 938770 860266 935253 931647 923821 878257 927643 956038 945834 869033 922124 950242 943132 
16 634875 655500 659273 663946 637784 646233 664869 674520 626986 648774 660364 666612 622901 619593 664012 651362 623547 674688 667750 674426 613636 653607 661289 651275 
17 740825 764068 748705 760633 740695 731770 783970 785406 732836 782968 758824 788426 722215 772874 765950 774491 722355 776795 758954 775548 713658 764152 760477 757041 
18 647016 700267 724607 705125 646776 698807 720238 684916 636347 693473 684064 695071 642160 685137 707942 722144 646235 684356 710360 714605 617441 703520 710731 711468 
19 732273 791866 791061 780400 737778 770324 783744 792572 741757 774832 780323 770560 728928 771547 775889 772388 734383 781101 777199 776976 735955 763684 773519 778100 
20 721762 767157 767143 767579 710033 782145 763191 763449 702350 756686 768143 762073 704784 753493 765700 765462 733175 761308 752731 776807 706784 757960 744334 762380 
21 814689 888814 878414 884810 802103 879304 877199 871700 823718 862535 857977 895061 818509 877684 873564 882602 816789 880815 894628 885236 792730 870377 871751 886161 
22 816368 839651 863687 905785 807886 851778 847717 869182 788845 856640 839651 839651 795009 855792 858034 861484 791662 839651 869182 869228 790860 836148 849517 862155 
23 727840 783268 785799 791118 697692 754587 749620 764125 695267 760487 773426 774377 684795 763862 756488 765870 711815 735791 761341 753508 702714 725874 752899 742814 
24 806050 862955 891846 863760 804432 871785 871292 869469 799808 853318 851499 855128 790809 852207 850479 863606 815187 861518 876003 873199 807098 851309 840254 863791 
25 824210 888405 893209 887972 844974 893209 891059 926044 825199 891059 916657 891059 827980 867673 883410 870806 816290 878180 889810 891059 844341 872769 891059 861178 
26 841696 886723 880906 880906 817091 882898 881126 886723 838645 881494 911119 886723 805689 876697 883085 886723 833456 877355 885430 886723 820618 869218 880906 880414 
27 858239 920996 946100 947230 833946 929763 931009 938574 838516 906449 931619 920153 815934 921182 929715 927066 833306 934010 925712 910244 837143 882117 903510 925877 
28 815800 864453 879744 896746 837365 868314 882472 883690 852393 895667 887345 885146 822755 870737 879752 887489 821841 895643 890721 910687 818801 885618 888076 886086 
29 801689 895498 886229 892706 797446 854725 875132 873464 836534 886906 864244 891621 814187 841451 882245 845130 808189 856139 888978 894720 809372 869622 880039 884662 
30 865820 937278 941594 930964 866467 902043 946047 931625 885584 939168 920678 925443 837597 899915 917054 910429 869737 887349 917542 927834 866880 874669 916899 928356 
31 654094 687794 706626 701998 653102 686303 687023 682166 652964 693523 689156 698321 654503 664957 678352 689353 653341 684537 690060 686728 627615 675989 679102 693694 
32 700854 729472 752606 721707 718109 742164 720832 714336 712118 715729 715729 734684 681866 715729 745255 715729 687953 715729 725644 715729 683547 720666 722447 711941 
33 709308 751238 731966 767002 706057 732283 750340 750217 691932 704149 723545 714714 665968 736879 738632 741995 688397 700406 715032 729214 683910 710577 713786 713042 
34 632510 638469 668877 660301 610765 642202 658132 652981 602221 634268 652338 656300 619092 652675 646270 634816 622473 641253 672254 647792 606224 641007 642630 635165 
35 568472 638898 635101 655058 573131 607994 612716 640235 598821 605144 623910 626430 586952 625792 614182 619418 583545 614576 632344 628115 571072 577590 619310 616491 
36 679050 693920 733532 724132 684071 718564 709968 713367 662015 708331 713000 722598 659516 707052 674710 697988 677253 721922 715256 719565 670889 702046 707676 704329 
37 650550 688029 672108 677217 638688 668739 684067 675791 647956 694289 676501 662344 632444 659956 671724 677855 631781 673160 685275 671446 639816 670945 679915 673462 
38 637564 692754 675920 694873 641604 690606 684201 699426 630492 687416 684678 687459 624873 676977 671091 690524 641823 667206 683774 686280 627540 658493 676296 664676 
39 703707 745196 739779 744588 691384 730195 754098 764861 668841 757555 755342 748519 688896 742880 735373 774650 693943 754413 756417 757248 691211 719340 745632 738541 
40 640442 648334 647785 661494 619416 628879 648163 644615 637287 640608 646374 613136 600296 636233 624214 640695 607226 642757 655017 665396 611715 640002 643904 639836 
41 830384 884949 901844 880747 816899 877518 885378 884865 836301 877931 875457 895146 830697 863834 874061 875740 857403 860566 868710 894006 827300 856966 875394 865571 
42 679783 735684 759015 738795 667138 725146 730265 739383 677765 707296 752329 738760 669917 723356 718344 731386 666681 713372 743096 742501 656645 710188 708417 726907 
43 704011 770791 764106 775006 684513 737690 777154 778970 689441 756814 741982 754072 706092 756689 764408 767249 686041 758731 759444 742208 699624 754619 766672 756789 
44 722886 787493 767463 787493 680155 768061 758572 741102 718639 754474 770664 767049 713776 765296 766553 778907 705466 787493 764119 777232 721826 763735 776865 784443 
45 701256 766986 753131 755060 692776 720422 755060 739153 718077 725519 747883 740399 694966 741900 749397 737388 680855 729721 736825 743306 666815 745032 719287 722240 
46 657824 700284 682616 692849 655909 680059 696914 692312 666181 682228 689393 704832 662133 685046 679357 691488 656075 681703 679885 703390 660148 683569 690356 683618 
47 728835 723663 763818 751053 718755 728001 740602 736382 720771 725016 745178 750577 692226 738157 747254 747571 711637 726966 732850 733851 697413 714538 740738 728499 
48 654059 675504 693813 673018 652346 675571 679173 679881 639172 686733 678002 675398 644671 665040 676048 660923 648608 671186 686217 655402 621737 670867 671025 672423 
49 621849 640403 635540 635875 606462 604404 630396 626944 590355 638203 638398 635555 595476 604060 630924 634646 597921 607836 620922 614762 595379 617416 601655 610052 
50 748147 764233 785212 780142 760546 782281 784731 768854 756005 774693 776149 780180 745350 764296 758791 772601 754251 772230 783549 775889 731881 755573 769783 774000 
51 749633 767888 773764 798699 729634 778643 771677 781273 759254 788590 774455 788563 751352 763460 778363 781462 748275 779803 778835 774977 740230 767060 776032 768467 
52 711513 731548 755152 746246 701086 749827 752714 748615 734617 762085 743316 743861 702962 740657 737760 743015 718233 740108 729903 741968 714500 729167 733784 725617 
53 685762 726653 727026 738685 664872 711482 717008 732130 696891 718854 725418 700520 677180 704126 714610 721622 666817 704112 709999 727812 689154 697986 715672 709824 
54 658883 701423 703767 718855 649336 682604 711293 703767 675446 682031 704272 700871 677163 678397 701863 711293 679175 698980 708674 700429 669762 688166 695606 682809 
55 665578 683899 692095 693244 641621 670682 675796 662089 645080 677543 691420 684963 635625 663414 681246 676623 641615 666151 657030 681855 651806 665174 672244 670709 
56 760322 798920 804778 803940 762546 768578 803940 803940 753400 786962 803940 804778 743803 785945 786962 794253 759693 777016 803940 800604 730242 782999 806648 807867 
57 695070 720618 720309 720309 678297 720309 719809 721500 705002 698850 719809 719809 691308 719809 719809 743900 682125 719809 721500 720618 689973 724384 720618 720309 
58 671131 711553 711136 716221 664057 702700 705547 694602 668741 698168 710359 697878 654645 709252 701032 725826 640242 702368 708233 694794 671474 698845 705779 690211 
59 702500 726020 716800 723496 640898 732349 714534 719333 676911 702889 726020 720658 663580 715306 736087 728447 683631 713018 724196 734293 647987 711062 715342 733836 
60 784993 813231 791723 817029 769721 807198 815176 806573 791780 810231 822321 827091 744470 808415 812627 800334 764970 806211 811319 828060 764780 806138 795289 812213 
