1 784669 848864 848122 851051 782344 851741 830748 861411 764736 846773 846047 863370 760286 847392 836289 851149 760997 834201 853639 858499 758065 825539 861214 857870 
2 793351 894025 926951 917677 816978 875934 910945 910892 859809 904875 897916 932924 789881 904351 914581 912256 837287 876051 913302 901310 804914 903972 904721 912189 
3 868522 927809 923689 935912 825250 929957 931835 924443 836920 910491 937783 933215 830016 915278 936986 928520 848740 922076 927564 920250 845918 908662 933124 944651 
4 839380 866393 886779 891590 808055 876856 884769 889014 810997 885776 885752 887305 806635 836884 887579 871423 830547 869125 877665 884301 810934 872895 875257 881947 
5 805594 858176 860886 845777 782770 845019 856007 852676 784807 854252 857404 843678 789387 831040 850828 833489 768120 834901 863494 856006 782781 841251 855485 857862 
6 946591 964460 949621 974388 893975 951862 945058 950780 895135 958156 939747 965284 892600 943239 969046 945667 893614 933993 965534 955513 878521 928103 946880 951682 
7 881400 922718 943467 951204 880861 939640 931867 955664 886937 943722 940883 932377 884563 916950 940599 944168 881516 925256 945341 939977 853779 926822 938022 924334 
8 754453 844663 821889 839140 757314 824418 827248 835482 778927 835448 828543 818472 763612 799151 819079 791846 759876 808658 821539 834142 757100 801852 822641 835202 
9 690087 802876 793312 802118 714544 774373 803399 804504 705857 789863 805033 810568 700924 773421 762476 789085 713421 771707 799630 798395 728686 777910 793274 792911 
10 684592 789242 771370 776832 680446 755004 777401 762643 724689 754722 761871 753201 663451 763201 758252 754613 690080 734468 767466 764437 696064 758028 766662 746428 
11 988805 1.04533e+06 1.04771e+06 1.05801e+06 976093 1.02862e+06 1.05311e+06 1.04114e+06 992650 1.05579e+06 1.0499e+06 1.02939e+06 964242 1.01815e+06 1.04369e+06 1.03996e+06 982105 1.04224e+06 1.04646e+06 1.04881e+06 970589 1.02798e+06 1.02977e+06 1.05435e+06 
12 812469 885835 887421 895318 835787 881679 881781 900179 825966 872807 903910 899715 796059 894028 894723 904887 831227 893562 903356 905506 811623 891681 888532 895334 
13 871218 919384 925365 932564 855857 901223 918653 916706 853632 914597 924723 915871 862674 907638 912310 914621 856351 909152 906727 932717 866454 878514 909015 920846 
14 1.02749e+06 1.11032e+06 1.1042e+06 1.0899e+06 1.04066e+06 1.10927e+06 1.10131e+06 1.10298e+06 1.01852e+06 1.09452e+06 1.11457e+06 1.10651e+06 1.02276e+06 1.09646e+06 1.08162e+06 1.0787e+06 1.0213e+06 1.09032e+06 1.10261e+06 1.08942e+06 1.00405e+06 1.09007e+06 1.08604e+06 1.09903e+06 
15 925984 932008 936111 957524 884224 940853 940539 946513 884464 943048 954969 941895 865656 924014 938345 958741 869051 941874 956003 956709 861128 908314 948106 942885 
16 632828 649508 676937 668625 629401 673456 665164 675730 621907 665138 659574 660711 616336 652598 634460 658560 629152 643512 673708 659993 620584 661167 651616 655555 
17 718636 785590 794150 777716 736631 770769 773499 762333 721967 766201 772759 770393 697411 777687 778164 787602 732566 760979 749341 768613 721428 769282 769804 771434 
18 655503 720713 728697 715250 636774 716145 725567 721413 652022 699820 708998 730423 644202 705195 707902 692505 640370 704878 715519 709120 638143 675036 708489 700231 
19 747668 779310 766035 781253 733226 755035 762622 766434 731989 782189 748871 770665 721524 765221 754011 760891 730382 757558 774073 796281 730818 750244 784552 767643 
20 697577 768406 742941 795587 711739 775147 760373 776383 743440 743524 749099 776721 698756 772705 760578 755222 731020 745340 775605 789703 717428 772048 753165 759145 
21 821608 884986 836821 902729 830709 880119 874279 883815 819628 874294 864277 874606 794990 880596 892121 895561 835420 878503 896821 898992 817431 845272 881301 889924 
22 811494 872996 870579 843541 796333 854824 851849 839651 810997 839651 853133 871263 789226 826700 853189 869182 802641 828287 839651 855926 796765 846913 842680 857656 
23 700816 758245 759888 762393 719422 768904 751705 754303 712335 749391 769676 766304 693485 747970 725192 730435 713859 733570 754400 756737 692810 738785 743748 753088 
24 815782 874656 886512 876331 789076 866125 868830 880486 818671 855846 855593 858962 795625 841590 853285 869577 812185 844494 866033 868291 792327 859786 850919 862412 
25 850493 842346 909068 876258 817148 882670 892580 909209 846298 875872 899453 890832 828102 853891 905034 905873 840726 885531 913569 914767 816364 873378 880820 893209 
26 848273 887900 874654 887929 817536 897046 880906 914922 835212 880906 905264 880906 824861 877222 867416 893842 833264 880906 886723 886723 803068 869979 873908 888588 
27 847404 925473 931151 932769 848112 911677 932309 932432 861776 929567 926622 929715 865457 912246 932547 913490 881297 931115 936713 920489 849119 896563 918528 934702 
28 837257 902376 911382 915124 814745 893534 884712 887754 822522 881260 900882 888991 830151 877250 878023 880676 818962 889000 882828 896267 832672 853861 889448 895028 
29 815248 886229 877014 886229 818928 873805 880476 869010 831174 886229 879200 874240 794239 874974 870187 861796 822116 894896 886229 907088 814456 884237 864290 872317 
30 838446 915689 930806 924334 875601 920667 929939 899871 860141 916103 930132 938687 844411 921189 921660 925994 866888 905976 922483 932337 850363 909761 925264 924446 
31 662660 699560 696729 698428 663311 698475 683377 705959 650836 692347 698151 683838 657830 674233 693567 686237 657790 677650 703759 698663 669470 664934 680576 681023 
32 705216 721436 720957 715729 705812 715729 735433 736097 702610 715729 720957 720957 694668 715729 715729 737670 697852 710197 741949 730928 693070 718673 737721 719653 
33 697986 757066 719289 745073 706656 714480 731276 732547 694362 707963 726375 690917 699014 711370 717532 738429 705228 706584 728299 737066 678920 710724 717494 731904 
34 621970 659598 678422 666566 598647 640776 672649 673825 613592 650057 647291 652491 617863 635991 648295 642363 618194 639798 638367 652715 610278 650345 641687 664957 
35 583803 617004 631557 632975 581361 623213 638963 603881 584190 602569 617742 618653 582628 620166 605646 620950 585097 626231 619562 596137 557431 620340 633465 619900 
36 695190 713573 713947 740545 675579 722742 721144 727815 652946 706442 711112 723916 674797 695563 724640 709385 660263 701252 711117 715836 668738 698698 713808 710759 
37 641208 681980 681327 674182 658183 666607 678505 676468 658015 661637 685756 682344 647398 666272 652233 672837 645466 680373 679753 679743 634420 673595 665352 679847 
38 641511 683069 677759 698576 628087 648406 672581 698635 646894 663530 677583 698452 635650 687225 676004 675441 637564 670126 709684 678020 624199 677782 676727 688038 
39 721275 763161 757698 757698 704213 726092 755891 750368 673277 719187 754527 752441 689820 742644 733724 724214 705234 750770 752175 763972 704391 741229 756650 744092 
40 627192 638726 628632 656460 632830 642559 643067 658942 625645 653512 649303 656027 615993 639901 633142 654443 605384 625838 649096 646488 607781 640698 644700 655708 
41 831190 879771 891936 869459 799990 844869 882516 888643 844323 881164 880915 901939 828233 866218 891090 877639 828765 871298 880877 885392 821831 861298 881894 865968 
42 675296 748127 727503 728293 653828 714486 729942 729396 684245 725580 736036 713251 673380 711112 706570 735236 691196 745294 718202 756543 685959 727246 722495 745787 
43 688791 767555 787583 770842 691569 752000 758983 766622 679079 768303 769953 775098 701399 739225 759627 762645 679556 772637 766695 756384 690920 755458 767685 770252 
44 728458 767508 782912 783643 732360 763883 780044 755292 722708 776782 780710 770349 705301 756414 768130 786716 749094 775234 777414 789284 710030 765214 769928 744621 
45 717407 738604 771915 750289 683906 762109 722688 743270 698588 734456 747529 752396 679700 728613 726497 750160 712618 716984 753977 751195 703072 731120 745688 727064 
46 665285 701060 693454 699368 673713 682565 695909 687887 663614 687538 688024 700022 654410 684430 696900 689723 666589 693650 696057 683483 649084 686164 672864 684890 
47 720621 743800 758844 762802 695811 741898 757863 738367 704203 724509 740973 744082 705782 733929 735218 743765 707416 742880 747025 741133 706065 717071 732271 736431 
48 654594 677834 692226 685737 666339 671706 671690 666543 636546 664108 673826 681618 647124 673894 676379 659144 643447 663380 666615 669138 643137 663320 655840 666902 
49 600379 616193 633965 649713 586427 611982 595221 633029 596402 632320 625579 638576 603899 614538 612444 629420 598057 597310 624293 629939 599533 611108 619710 617783 
50 754707 784731 788140 786560 757489 773294 779479 767165 752845 769557 784731 783110 743740 768809 771126 773151 746476 766044 772225 776643 754155 779611 771663 782605 
51 739876 769439 771298 798309 735783 771107 781712 781708 709901 771848 781219 781769 748633 764622 769466 777854 717906 761560 769062 786875 749678 774514 772380 779269 
52 720197 747623 756219 760860 703321 736494 719178 761698 720104 756799 740324 763043 705254 732081 746175 740233 697137 730548 734858 728585 714080 744563 728192 730038 
53 690773 727909 740073 713823 696137 719664 723611 714065 700148 722479 738652 730707 680571 714128 714120 713326 670068 708764 712880 737832 674477 714423 692533 719240 
54 667360 697307 713501 717502 668211 677139 698082 699745 681157 700429 700429 718036 665894 698386 702736 704493 690347 700429 708157 703767 668300 705488 703198 695687 
55 651994 675082 678493 678732 643504 660856 680695 675063 647573 653844 676121 688766 630614 662775 677749 679648 653241 670109 661018 699488 629480 657432 670101 669937 
56 739721 803940 786962 786962 753843 790094 786962 794586 759859 808895 799081 807458 734932 773630 792946 812380 736414 788938 817390 804778 751169 786962 807867 779217 
57 709260 720309 748195 721500 690012 719809 719809 721500 709166 719809 721500 719809 685388 719809 721500 720618 680570 719809 722868 720309 681275 720309 714995 720309 
58 665171 691506 712499 712766 656842 682966 721739 705415 627129 691125 702370 711783 651303 683250 705689 690131 641184 696461 709786 708597 664328 692690 691988 697517 
59 666613 736916 735883 741610 667419 716978 728447 733086 669436 736938 726291 733299 662853 710978 736643 720650 672022 722352 728447 716239 674525 726421 708448 712945 
60 751751 821760 807226 808881 754636 809944 824273 809068 788282 804978 817785 806280 764532 798051 803543 811549 770068 815397 821975 805322 755613 786757 809998 792484 
