1 774013 849706 848671 867377 786745 848409 850531 858117 789775 812151 860164 868686 747950 847798 830705 844455 783254 816089 874297 860706 772976 829214 855170 857512 
2 865722 902749 934023 911371 835088 895544 900707 906131 826139 898739 894971 917132 822679 863052 885770 891654 826817 904041 900212 910781 825290 891315 923800 907677 
3 869353 938699 945360 931759 813472 933439 898598 944019 870856 914358 942359 937448 827126 941565 935018 924573 858020 938003 924452 923700 847145 901144 921137 914309 
4 810748 892908 903196 908352 821330 881911 890023 864661 798274 858039 878244 896864 807785 843746 875504 875635 812162 845566 885853 882414 803155 858344 881774 875917 
5 798604 843990 866509 870508 773093 850166 866925 858124 784300 844382 862246 849328 780260 831658 854588 848108 761149 821519 845152 860522 751381 842287 853954 856895 
6 869576 963118 961275 966194 875726 939418 944803 952612 893866 944082 953454 939967 873477 935251 949132 956473 896534 946103 966250 966148 874126 925763 944691 967421 
7 890244 939408 937262 933170 865183 917808 945568 943423 880602 915102 952585 936162 876171 916847 943086 944482 878071 940841 929560 942775 868261 920952 925894 935413 
8 749195 813566 827341 837879 768187 825213 835628 833695 778401 817721 813080 824549 766502 827496 808673 814815 766690 831265 801165 815685 740668 817820 802394 806631 
9 737568 790411 791285 795011 714532 760169 793453 795157 714456 787369 786782 805238 707305 772336 778240 782164 719525 785389 807581 781952 706839 776654 782266 774113 
10 711546 768849 790543 789509 721302 781172 759008 749763 716033 757982 763015 787429 680294 754668 775987 766925 718930 750600 764822 770506 688501 751063 762198 772670 
11 1.00174e+06 1.04971e+06 1.03943e+06 1.06461e+06 984982 1.04392e+06 1.05435e+06 1.04466e+06 995674 1.04771e+06 1.04356e+06 1.05699e+06 958445 1.03614e+06 1.0428e+06 1.05636e+06 990696 1.04464e+06 1.06248e+06 1.05483e+06 984230 1.04391e+06 1.02972e+06 1.05008e+06 
12 832483 896388 886906 910095 829415 860370 907634 882127 836216 851037 906497 881406 825059 892517 886457 896807 845955 884308 894219 889159 813749 881471 884376 888711 
13 865347 927254 916934 931312 840386 895684 919804 925970 864658 914960 930959 928032 831930 915671 920865 917732 874241 889804 914318 925002 850294 907573 918042 913393 
14 1.0507e+06 1.11532e+06 1.10073e+06 1.11342e+06 1.02628e+06 1.07187e+06 1.08635e+06 1.10353e+06 1.03412e+06 1.0779e+06 1.08701e+06 1.11297e+06 1.01709e+06 1.10108e+06 1.09606e+06 1.09825e+06 1.02057e+06 1.08713e+06 1.09897e+06 1.06607e+06 1.02951e+06 1.08005e+06 1.10384e+06 1.0627e+06 
15 862531 923824 940226 967263 866457 935674 945170 943050 885003 917920 947475 941917 859714 927761 947014 950909 872192 932046 934008 950224 855559 936533 925491 942715 
16 627656 687892 665748 681940 626038 656197 660202 657758 621272 648246 678644 646409 620025 659524 661636 657127 639153 656439 661190 664435 608268 653073 662476 660226 
17 747307 773059 781410 806630 716590 755492 784084 764408 730020 779944 766861 772084 715709 769238 772530 776285 720362 765780 782053 797044 732514 763760 775627 753759 
18 665123 722386 730777 706292 645874 693361 690464 712553 667368 703327 702968 711933 623105 704144 719412 724403 648017 688251 692956 714203 639881 692216 691592 709992 
19 736344 781632 789757 781154 748632 776332 786854 767181 731521 752429 783602 776507 726602 767890 776961 778129 746366 761499 768554 797882 728962 774305 770066 778315 
20 726461 773605 770557 791055 723312 762121 774485 779615 718844 769465 759087 775452 723014 727454 759482 767962 719678 760804 769709 774117 718336 740150 770938 766515 
21 833503 863114 878477 911384 820105 872109 901702 888180 816609 894720 883019 894558 804527 878942 885039 897579 808139 867655 875969 875034 801498 866734 876117 838052 
22 818034 869182 858611 848988 800289 875277 839651 865388 797101 839651 869959 853002 795793 846561 870119 839651 790428 860491 868840 839651 793493 865386 826350 853766 
23 703829 752333 777305 771552 724000 770981 757510 749802 707044 748365 762115 777473 690584 741062 761376 752027 706882 742964 746915 747124 684942 745815 742932 761105 
24 820978 856277 875604 863855 824168 847973 878405 865288 821143 875569 863170 854758 808360 847397 865810 864543 809492 858491 867236 881763 805519 844775 853524 859161 
25 834376 891059 914372 893209 839808 871444 893209 906306 854137 907607 891059 891059 843923 878017 891059 880804 835811 888512 894509 910970 821450 893072 870617 883841 
26 822711 907676 880906 893064 814166 889329 883500 863580 817975 888993 880906 891178 835177 868202 867131 882345 825338 880906 886723 886723 821517 875533 877248 879933 
27 885493 913141 938163 951668 856373 917066 926853 930572 827845 925857 924169 938390 837499 905540 920870 936112 857086 923787 927599 908933 844032 922471 925037 927565 
28 839989 877604 904465 887124 829601 862075 890886 885242 849853 904121 901294 903547 809800 864835 882773 887453 826498 875033 885365 897389 820072 878465 889441 875041 
29 810810 870890 899762 892503 790949 863556 869305 886229 816727 893946 893420 886229 813583 868386 865080 880441 800943 865408 893779 891797 807099 850995 882786 859805 
30 858596 939921 925792 934104 837365 918547 921766 933175 893618 923408 922109 907757 862850 891739 907019 925081 874376 918856 933891 901760 864823 899597 931906 884900 
31 656154 699501 699965 711491 648445 676873 690401 696364 668439 677946 677367 701419 659140 683755 694551 679670 667448 694250 693290 698787 635955 659965 680721 688673 
32 707304 727280 730291 746212 691513 720957 744482 715729 695688 720957 715729 748727 685544 720957 722490 735274 712883 737353 713542 734356 679482 715729 707504 714080 
33 707130 742480 750904 737890 690332 718021 759739 742331 702073 731147 726248 734526 689613 711919 727539 731048 683962 710627 728796 715450 684136 712119 710920 728307 
34 639218 654098 651968 672790 622496 644245 659402 665793 616549 658116 647605 654424 621978 647166 642705 644995 621841 640771 646460 653046 615341 623442 651641 649511 
35 592379 604543 650931 635308 575508 620064 617598 629620 579710 628792 614521 636335 578157 619695 613752 613313 606333 616006 619654 625452 587254 618172 594078 608617 
36 704183 722125 726803 729029 678525 684059 716610 720617 677217 718534 713939 716868 678100 706616 700466 699251 672861 711833 719697 716261 666040 693187 713869 712004 
37 625718 677965 666865 693981 630485 661737 677195 658217 644729 667538 694010 685272 640863 669545 665175 669950 629765 685355 679769 689165 640748 670617 669967 671822 
38 643755 686410 705035 697924 626255 668914 673375 706421 638027 688661 681447 691669 643235 679954 677776 681434 621847 684814 695141 683801 632503 667440 692137 672190 
39 701299 746950 757698 777009 682268 728189 746750 752663 693004 760077 758029 771961 676672 745496 750919 731127 686515 744706 752881 746884 710507 737713 742635 751493 
40 604700 650344 660578 658175 602820 641443 655200 656670 608961 647662 644670 630158 614311 650192 636999 638345 602002 632187 647893 642422 612899 627089 648743 633624 
41 830911 892123 893744 899694 837014 878566 883513 897469 846422 868652 877111 883314 821662 864653 883987 881006 851076 874362 889643 876574 807133 871754 874142 875755 
42 670172 717333 751452 728383 676110 719396 746711 740512 674190 721922 729405 735735 686600 717608 732074 733726 680275 708822 752249 742440 666496 728618 725523 728390 
43 703945 748000 766927 771963 704310 754559 749673 776564 680614 723169 770890 758827 690032 754864 765027 747355 719256 748578 771752 763339 699340 763021 752566 758064 
44 720510 776388 777941 754865 715218 782917 769680 784560 702894 773015 791624 787493 699221 775743 782474 782834 722352 763711 774729 779243 725101 770711 776141 778000 
45 705567 747294 734427 759186 680404 755060 755060 743383 706885 738082 743264 751529 695566 727579 736175 743633 701076 730187 727564 730673 693447 734674 737775 733559 
46 667004 689305 687778 686232 657451 664153 683114 689142 655258 674816 696416 691556 662292 663739 677121 692219 668520 685205 690078 699321 655412 686502 686549 690013 
47 697024 751044 753766 761081 711089 735514 736711 738005 704821 754832 725589 754967 716612 738816 741661 737177 705237 740276 745325 747814 695424 714493 725239 737345 
48 644896 667199 695460 685958 640890 671812 687115 681371 644853 665119 676490 668744 656826 661610 674163 675138 644979 662476 679137 657551 646158 668242 672956 684034 
49 619373 629277 653130 594964 598281 603509 637038 622004 589394 635048 629195 639873 599000 621590 605852 624878 597432 629865 631281 619273 585806 604799 627754 620683 
50 767567 786360 784731 797993 758093 775638 777285 782586 742747 752135 784731 777802 725369 768324 781839 771312 744221 775407 778899 760272 748246 763207 760882 772836 
51 729863 797865 774001 791322 732067 783170 790494 774638 742250 777528 773447 781582 726597 756411 780293 770456 726077 777608 755293 774319 727150 767011 775747 774606 
52 720953 742224 757517 762959 710943 738417 754396 745431 724708 734927 754863 752728 725380 733611 738516 730313 727442 728916 743106 730974 715901 734815 720539 736030 
53 710259 721824 719294 711971 661528 715280 725769 712923 679541 727882 734012 733077 674276 718540 717622 726861 682347 720120 713196 721546 692596 721728 712863 689557 
54 671598 715816 698586 722310 658161 700429 690337 707386 681998 708602 700429 698878 652094 688144 693545 704647 664374 703767 685347 714099 673083 700754 676468 701009 
55 659240 665270 689106 662362 631296 672065 665715 681330 639338 677747 677026 683507 638843 669445 689691 670987 662220 663617 677167 681602 656492 655709 671289 662279 
56 783787 793913 822356 807867 745842 796208 800803 786962 730568 806804 786962 786962 755601 786962 794816 786962 733172 786962 786962 804778 740438 778376 783404 786962 
57 688801 717444 719809 722868 664537 721500 722868 719809 672185 719809 722868 720309 692396 721500 720618 720309 705007 724854 722868 721500 700245 722868 722868 739038 
58 648820 717374 674534 729097 615107 671970 704999 718781 665884 702770 725224 725826 650359 705119 702394 711346 662532 703142 710134 703909 651072 698041 708447 711122 
59 692953 732897 733546 726020 667977 725874 732388 733786 667051 711798 747791 754420 672114 694756 704417 727857 682391 722785 731000 730666 686106 721126 735871 716269 
60 780716 809645 817632 816767 773079 778454 820872 800056 757787 795471 810736 825735 761186 809204 802278 795846 766328 820968 785626 820224 739560 788316 806793 808139 
