22393.2 21502.1 21502.1 0 0 1
23685.3 23191.2 23373.7 0 1 0
30461.3 27946.7 27946.7 0 1 1
25963.1 24808 24808 0 1 1
28139.9 25904.4 25904.4 1 0 1
32237.9 31248.8 31248.8 0 1 1
23161.6 21209.8 21209.8 0 1 0
30007.3 28651.7 28651.7 1 0 1
31972.6 28843.4 28843.4 0 1 1
27584.7 26343.5 26461.4 0 1 1
29584 27095.5 27095.5 0 1 1
22485.5 22222.5 22222.5 0 1 1
31274.2 27717.9 27717.9 0 1 0
37156.4 35062 35062 1 0 1
32098.1 29407.6 29407.6 0 0 1
22818.4 21516.9 21516.9 0 1 1
24107.8 22158.5 22158.5 0 1 1
30253 28076.2 28076.2 0 0 1
21006.4 20116.4 20116.4 0 0 1
27929.4 26771.5 26771.5 0 1 1
28251.9 26333.7 26333.7 0 1 1
34824.4 31988.7 31988.7 0 0 1
27132.7 24802.2 24802.2 1 0 1
28978.3 27810.4 27810.4 0 1 0
27715.2 26203.1 26445.3 0 1 0
26378.6 24253.1 24253.1 0 1 1
23872.4 23053.8 23053.8 0 1 1
38442.3 35707.8 35707.8 1 0 1
37759.4 33897.3 33897.3 1 0 1
28534.9 26890.7 26890.7 0 1 1
31371.4 29936.9 29936.9 0 1 1
30760.7 29060.7 29060.7 0 0 1
22844.1 21967.7 21967.7 1 0 1
24404 23001.9 23001.9 0 1 1
28503.6 25353 25353 0 1 1
28881.8 26349.8 26349.8 0 1 2
28385.2 27727.7 27727.7 0 0 1
35450.4 33449.3 33449.3 1 0 2
23428.9 21077.5 21077.5 0 1 1
35203.7 33606.8 33606.8 0 1 1
28169.4 26553.1 26553.1 0 0 2
23236.8 22375.4 22375.4 0 0 1
26068.3 26068.3 26068.3 0 1 1
19564.8 19282.3 19282.3 0 1 1
22198.1 22046.1 22046.1 0 1 1
31379.4 29221.9 29221.9 0 1 1
23226.8 22163.9 22163.9 0 1 1
29537.2 25796.6 25796.6 0 1 0
23631.1 22089.5 22089.5 1 0 1
24706.4 24598.2 24600.6 1 0 1
19705.6 18763 18763 1 0 1
29948.3 27837.3 27837.3 1 0 2
27850.6 24859.1 24859.1 0 0 1
29044.1 28427.8 28427.8 1 0 2
27432.8 25450.8 25450.8 0 1 1
41145.4 39661.7 39661.7 0 1 1
28171.5 25426.4 25426.4 1 1 1
30723.8 30148.3 30148.3 0 1 1
26255.8 23721 23721 1 0 2
30294 29065.2 29065.2 0 1 1
31457.7 29761.5 29761.5 0 1 1
22941 20371.4 20371.4 0 1 1
34154.8 33468.5 33468.5 0 1 1
22214.2 22005.8 22005.8 1 0 1
30714.8 29255.6 29255.6 1 1 1
30985 28328.6 28328.6 0 1 1
32430.8 30922.5 30922.5 0 1 2
23847.1 22007.2 22007.2 0 1 1
19352.4 17937 17937 0 1 1
23157.8 21753.8 21753.8 0 1 1
20085.1 19601 19601 0 0 2
22962.6 21309.7 21309.7 0 1 1
27853.9 26984.5 26984.5 0 1 1
25096.9 23137.7 23137.7 1 0 2
32328.3 31562.3 31562.3 0 1 1
30911.6 29870.9 29870.9 0 1 1
36317.9 34119.3 34119.3 0 1 1
20651.3 19524.5 19524.5 0 0 1
30246.7 28851.3 28851.3 1 0 1
29784.8 29582.5 29582.5 1 0 1
26685.8 26173.2 26173.2 1 0 1
26334.1 26158.2 26282.5 0 0 1
28436.9 28358.8 28358.8 0 1 1
21442.4 19943.1 19943.1 0 1 1
23741 23741 23741 0 1 1
29030 28701.1 28701.1 0 1 1
27294.4 26802.1 26802.1 0 1 1
24609.9 24609.9 24609.9 0 1 0
22830.6 21886.8 22145.5 1 0 1
22663.3 22550.3 22550.3 0 1 1
24662.6 24662.6 24662.6 0 1 1
26250.2 25544.9 25544.9 0 1 1
29223.3 28405.7 28405.7 1 0 1
30066.6 29383.6 29383.6 1 0 1
24913.6 23365.1 23365.1 0 1 1
31685.9 31175.1 31175.1 0 1 1
23556.1 23556.1 23556.1 0 1 1
23247.7 22637.2 22637.2 0 1 1
22637.1 22429.9 22429.9 1 0 1
28145.3 27311.1 27311.1 0 1 2
28758 28685.5 28685.5 0 1 1
38817.5 36518.3 36518.3 0 1 1
27954.4 26788.2 26788.2 1 1 1
34875.7 34708.8 34708.8 0 1 2
33649.3 32249 32249 0 1 1
25096.8 24527.3 24527.3 1 1 1
23208 22121.1 22121.1 0 1 2
30167 27557 27557 0 1 1
31360 30294.5 30294.5 0 1 2
27489.2 26140.6 26140.6 0 1 1
29279.8 28957.4 28785.8 1 1 1
25321 25231.6 25231.6 0 0 2
28731.5 28731.5 28731.5 0 1 1
30262.5 28066 28066 0 1 1
22642.4 21258.8 21258.8 0 1 1
23631.5 22574.5 22574.5 1 0 1
29614.7 28612 28612 0 1 1
22541 22490.8 22490.8 1 1 1
32249.9 30579 30579 1 1 1
27654 27020.9 27020.9 0 1 2
28403.1 27882.9 27882.9 0 1 1
32872 32204.5 32204.5 1 1 1
29125.2 27987 28054 0 1 1
27797.8 26991 26991 1 0 1
25744.9 24913.4 24913.4 1 1 1
25815.4 25300 25300 1 0 2
27486.8 26807.6 26807.6 0 1 1
32713.5 31441.1 31441.1 0 1 2
32319.9 31340.3 31340.3 0 1 1
29401.5 29401.5 29401.5 0 1 1
30911 30283.4 30283.4 1 1 1
23859.4 23859.4 23859.4 0 1 1
34685.6 33971.4 33971.4 0 1 2
34680.3 34008.7 34008.7 0 1 1
31824 30565 30695.2 1 1 1
21825.2 21825.2 21825.2 0 1 2
27585.7 27585.7 27585.7 0 1 1
29167.8 28758.3 28899.2 1 1 1
27998.5 27227.8 27227.8 1 1 1
26100.7 25800.2 25800.2 0 1 2
22522.5 22403.2 22403.2 0 1 1
27639.7 26719.7 26719.7 1 0 2
21616.8 21616.8 21616.8 0 1 1
30703.3 29521.2 29521.2 1 1 1
34322.4 34322.4 34322.4 0 1 2
33130.6 31565.6 31565.6 0 1 1
21566.4 21480.6 21480.6 0 1 2
24651.4 23319.5 24055.9 0 1 2
28290.2 27817.1 27817.1 0 1 1
23361.4 23361.4 23361.4 1 1 1
30097.9 29213.9 29273.9 1 0 1
26177.5 25788.2 25788.2 1 1 2
27555.6 27555.6 27555.6 0 1 1
27689.2 27689.2 27689.2 0 1 2
20627 20627 20627 0 1 1
26180.5 26021.5 26021.5 1 1 2
36177.1 36177.1 36177.1 0 1 2
31261.7 31218.1 31218.1 0 1 1
28756.2 28644.2 28644.2 1 1 2
31238.2 30444 30444 0 1 1
22809.3 22357.4 22357.4 1 1 1
23849.9 23805 23805 0 1 2
27101.4 27101.4 27101.4 1 1 1
32478 31762.6 32313 1 1 1
25829.4 25829.4 25829.4 1 0 2
29775.5 29462.2 29441.1 0 1 1
24598.7 24536.7 24536.7 0 1 2
23360.8 23242.7 23242.7 1 0 2
26615.7 26090 26097 0 1 2
30192.2 29901.7 29901.7 0 1 1
25034.5 25034.5 25034.5 1 1 1
23125 23125 23125 1 1 2
27943 27943 27943 0 1 1
21836.9 21836.9 21836.9 0 1 2
22387.2 22341 22341 1 0 2
24701.5 24701.5 24701.5 1 1 2
34917.9 34310.6 34310.6 0 1 2
31764.8 30572.7 30572.7 1 1 1
26140.5 25531.7 25531.7 1 1 1
33129.1 33129.1 33129.1 0 1 2
24769.6 24416.9 24416.9 0 2 1
26732.1 26603.3 26697.1 1 1 1
31520.9 29606.2 29606.2 1 1 1
19902.2 19902.2 19902.2 0 1 2
27174.4 26985.8 26985.8 1 1 1
26673.9 26539.7 26539.7 1 1 2
25479.3 24504.3 24606.5 0 1 1
31322.4 31322.4 31322.4 0 1 2
24227.6 24227.6 24227.6 1 1 2
26358.5 25825.9 25825.9 0 1 1
23596.9 23061.3 23061.3 1 1 2
23824.8 22412.2 22412.2 0 1 2
24500.4 23731.8 23731.8 0 1 2
28397.3 28242.5 28242.5 0 1 2
23270.6 22648.8 22648.8 0 1 2
18555.3 18555.3 18555.3 0 1 2
27494 26736.9 26736.9 1 1 1
28824.6 28824.6 28824.6 1 0 1
18704.1 18586.6 18586.6 1 1 2
33009.2 31854.3 32119.6 1 1 1
32382.2 31682.8 31682.8 1 1 1
22533.9 21652.2 21652.2 1 1 1
27755.6 27440 27590.1 1 1 1
25518.7 25386 25518.7 1 1 2
34155.4 34155.4 34155.4 0 1 2
26234.3 25941.2 25941.2 1 1 1
24935.1 23664.7 23664.7 1 1 1
21742.2 21236.7 21236.7 1 1 1
30284.6 29168.2 29168.2 1 1 1
29800.6 29162.4 28698.7 1 1 1
39249.9 37986.4 38226.4 1 0 2
24655.5 24113.8 24113.8 1 1 1
36151.8 35510.1 35524.5 1 1 2
29100.3 29100.3 29100.3 0 1 2
25430.8 25430.8 25430.8 0 1 2
31039.1 30655.8 30655.8 1 1 2
31666.4 30163 30163 0 1 2
25794.5 24309.2 24309.2 0 1 2
23707.1 22999.2 22999.2 0 1 2
25106.1 24795.7 24795.7 0 2 1
25110.5 25110.5 25110.5 1 1 2
23207.9 22685 22723.4 1 1 1
26993.7 26993.7 26993.7 1 0 2
21974.8 20694 20694 1 1 2
31793.3 31683 31683 1 1 2
35005 35005 35005 1 1 2
28995.3 28560.3 28560.3 0 1 2
34286.4 34256.4 34256.4 1 1 2
30651.6 29839.5 29839.5 1 1 1
24004.5 23913.7 23913.7 1 1 2
35313.5 35170.4 35170.4 0 1 2
30871.4 30353.7 30413.7 1 1 2
33513.2 33513.2 33513.2 0 1 2
27277.7 26359.5 26359.5 1 1 1
31603.5 31377.4 31377.4 1 1 2
24031.9 23569.1 23509.1 0 2 1
32834.9 32311.1 32311.1 1 1 2
21371.1 21371.1 21371.1 0 1 2
25655.3 25298.3 25298.3 1 1 1
20962.8 20857.8 20857.8 1 1 2
22803.4 22728.4 22728.4 1 1 2
24766.1 24742.1 24742.1 0 2 2
26731.4 26731.4 26731.4 0 1 2
26352.4 26194 26194 1 1 2
26964.2 26499.2 26499.2 1 1 2
23661.4 23661.4 23661.4 1 1 2
29998.8 29800 29998.8 1 1 2
28201.5 27430.8 27430.8 1 1 1
14796.5 14586.5 14586.5 1 1 2
16252.9 16252.9 16252.9 1 1 2
25483.8 25438.8 25438.8 1 1 2
22703.9 22602.8 22602.8 0 1 2
27208.4 26416.9 26416.9 1 1 1
28974.2 28974.2 28974.2 1 1 2
28885.3 28822 28885.3 0 2 1
26584.5 26305 26305 1 1 2
23036.6 22735.8 22735.8 1 1 2
29440.5 28243.9 28243.9 1 1 2
28355.4 28111.2 28321.1 0 1 2
29108.3 29108.3 29108.3 1 1 2
24774.6 23918.5 23918.5 1 1 2
32660.5 32515.5 32515.5 0 2 1
28232.2 27107.6 27107.6 1 1 2
26430.2 26430.2 26430.2 1 1 1
23780.7 23360.1 23360.1 1 1 1
26512 26222.9 26222.9 1 1 2
21381.3 20385.8 20385.8 1 1 2
24756 23911.5 23911.5 0 2 1
21200.1 20824.3 20824.3 1 1 1
33057.6 31831.5 31831.5 1 1 2
28104.3 27466.9 27466.9 1 1 2
25401.6 24556.9 24556.9 0 2 2
25552.5 25552.5 25552.5 0 1 2
32286.1 31936.2 31936.2 1 1 2
35120.1 35120.1 35204.8 1 1 2
30521.8 30521.8 30521.8 0 2 3
29132.8 28892 28892 0 1 2
34720.4 33045 33045 1 1 1
31020.8 31020.8 31020.8 1 2 2
26481.5 26317.1 26481.5 1 1 2
29774.1 29415.1 29415.1 1 1 2
34772.4 34742.4 34742.4 0 1 2
34241.4 34061.4 34061.4 1 1 2
35955.2 35925.2 35925.2 1 1 2
29780.3 29780.3 29799 1 1 2
28318.6 28318.6 28318.6 1 1 1
34812.1 33956.5 33956.5 1 1 2
31658.7 31624.7 31624.7 0 2 2
25983.1 25489.6 25489.6 1 1 2
24567.4 24058.2 24058.2 2 1 2
36432.5 36372.5 36372.5 1 1 1
31587.9 31448.9 31448.9 1 1 3
32107.5 31877.1 31877.1 1 1 4
26899.9 25380.8 25380.8 0 1 2
30988.4 30551.2 30551.2 0 2 1
28723.1 28004.1 28004.1 1 1 1
24988.6 24943.6 24943.6 1 1 2
30736.4 30691.4 30691.4 1 1 2
19671.5 19204.1 19400.1 1 1 2
36034.6 35699.2 35699.2 0 2 1
