1 259733 251965 252897 251122 260510 258431 254022 247362 249409 
2 265843 264068 263239 258571 258684 259941 258471 259735 257401 
3 266818 277640 270167 267805 264857 268128 272593 267805 272462 
4 284624 291674 291594 293144 281970 287861 285143 281929 290916 
5 263133 262617 254038 258923 251459 253297 251355 258942 249067 
6 304796 303260 306382 300478 302033 305886 300944 301494 302179 
7 301611 308944 307138 301169 306238 301072 302590 301470 300320 
8 253548 252475 254039 251913 255805 255317 253606 256497 253889 
9 289624 285468 292477 289165 287841 288253 286817 289870 292916 
10 291310 281637 282969 283823 283630 285651 282464 287086 286703 
11 313711 321842 330266 318503 316721 319968 322417 321440 315268 
12 287246 289131 284705 285737 282617 288874 284895 284123 285314 
13 273611 276888 266599 273496 268224 270410 268519 266954 265442 
14 309423 307973 333222 314932 313924 311945 309193 307796 307796 
15 320800 321006 316479 304144 310974 317812 305956 307344 310829 
16 286116 285871 284320 287154 284398 285985 285273 282731 280886 
17 220417 216078 216435 216509 216942 213957 215999 215499 213443 
18 256625 259858 254500 255160 249332 253816 246814 252488 248696 
19 249472 241768 249544 253805 242161 244424 246777 242148 243877 
20 310760 316940 315225 316964 313333 313488 313327 314500 312978 
21 272804 265899 266557 269397 268224 270136 265815 265731 263303 
22 251400 257744 253747 253454 254436 251812 252696 254464 253130 
23 307092 303644 299207 294193 292820 297416 300061 308508 297654 
24 303040 299859 299753 295751 290811 297974 289231 298930 295513 
25 283706 279398 278041 288989 287769 285420 277470 276844 282573 
26 272161 265493 266945 267947 279249 279412 265545 267057 264734 
27 270235 260568 261609 261063 263851 267010 257942 258409 267789 
28 257739 253340 255352 256180 251932 256146 253451 251527 252210 
29 280829 287215 293763 282609 281062 277679 283628 291009 279067 
30 262908 264920 269098 267487 264824 264632 262756 263960 264534 
31 268451 273940 265771 267218 265019 266118 266810 268401 264286 
32 269541 270631 270668 271277 273771 266592 273672 272372 269052 
33 255114 254621 255700 253424 257239 255084 253872 256107 254142 
34 277215 275883 274839 273305 275760 272168 274544 273078 273108 
35 213808 217916 213711 207694 213119 210805 208364 207544 209600 
36 290432 291565 294294 291886 286463 289966 289261 288870 293504 
37 314583 305304 308691 307967 311787 306577 307075 307467 312886 
38 216034 221460 213608 212215 217290 210212 212655 216412 210402 
39 243171 238210 234081 239045 237252 231810 232260 234059 234937 
40 244196 238042 243647 235806 238298 241492 238680 234868 236708 
41 306307 296799 302487 297065 298107 300341 295902 299004 298628 
42 289960 302359 300578 289767 297228 297230 290895 293303 288478 
43 272377 285458 274232 275927 272514 271169 271514 274248 274324 
44 254562 256165 261500 254368 254142 260976 245691 250084 248225 
45 241644 245042 237652 245594 250846 244430 240633 246530 242921 
46 226563 224749 229872 225861 225828 225804 221711 224140 223442 
47 253970 255169 250340 252580 252188 255702 252114 254059 248854 
48 267312 265400 269356 266998 267124 269525 267182 266928 267584 
49 234893 233364 233337 233431 235236 235026 234987 232902 231181 
50 265939 267975 270826 266714 267139 268592 267653 268514 267075 
51 280186 279862 283884 282150 277818 278258 281753 280244 285226 
52 246813 244827 246131 246677 246154 246188 243155 249231 245446 
53 223295 228759 231372 228771 226840 224840 223644 224960 228578 
54 238302 244815 237933 236628 234575 234146 237128 238347 234677 
55 235524 237321 239819 237458 234893 235854 234950 234803 235008 
56 274331 282537 280125 283386 280544 281404 280138 281212 277866 
57 307366 301595 297964 301347 301245 301573 303324 296646 303035 
58 267308 271900 263852 266825 263972 269229 262934 257479 264650 
59 210502 211690 214732 212829 211726 209999 214354 213935 209513 
60 252133 249733 248024 248406 250683 249150 246214 246158 248411 
