1 265454 247729 250008 259734 259635 247362 252015 248211 249825 
2 258733 262612 258684 261381 257874 262613 259484 258408 263450 
3 271272 278005 275849 273261 267805 276005 264936 265064 266527 
4 290434 285758 291140 294486 287197 292752 292361 285294 286988 
5 259761 250211 259962 251546 260551 259668 255641 250140 258109 
6 301148 302285 305610 304119 303351 307750 298665 306406 299781 
7 306377 311572 303599 300939 302402 307110 303650 300182 307487 
8 259780 256863 256388 248241 253335 254545 253717 254039 252233 
9 290887 288041 293787 287558 287578 292533 288626 289190 291171 
10 288236 282528 283163 281035 280848 285035 283844 280680 282640 
11 319817 318747 318722 322417 323755 315506 320827 317874 322462 
12 288189 290994 293132 287092 285881 288139 283792 281429 282428 
13 271438 272686 266057 269624 272178 265321 265207 273709 265605 
14 313976 320688 313015 307796 313277 308522 309104 306295 308306 
15 324433 327548 308575 314509 308314 309303 309953 305375 304064 
16 291091 287680 287086 286517 293650 283359 281576 285389 285674 
17 214881 212699 222117 214616 217534 213764 214192 216334 211675 
18 255210 253046 246701 251124 248933 250047 251632 251115 250670 
19 244530 242508 249578 244360 243236 242843 242982 244176 243503 
20 315289 314146 316814 317694 314366 313412 311583 314401 315268 
21 266231 274663 265810 263298 263417 263108 267286 266447 260071 
22 254504 256908 256200 252928 255359 253367 255619 252037 251200 
23 296494 304360 299329 306156 303780 303457 296276 295898 293224 
24 300028 303146 303944 292204 294844 291473 292228 294294 301199 
25 288764 279694 279432 277282 277181 276680 273065 277460 280495 
26 263309 265207 274796 265326 261995 263070 266102 262627 263827 
27 269076 258159 260729 264984 263285 269994 262892 261901 257722 
28 256778 265167 256821 252613 258180 255915 254070 258307 253721 
29 286245 287700 282346 281029 283535 281322 280066 274905 287267 
30 261444 262583 266573 261326 266985 263253 269280 262642 266164 
31 272513 267790 269475 264197 263466 261986 263068 267729 263003 
32 273462 272728 273066 268209 271153 274738 273270 270280 269890 
33 252641 254152 254371 254520 257944 255035 252752 253980 255637 
34 274510 276898 276483 276354 272143 274084 275888 271944 272465 
35 209440 207979 213534 207673 206515 219592 208750 207277 212602 
36 289302 296699 294449 296081 285918 293356 289615 292163 287399 
37 314034 312480 308599 303455 308166 305448 311189 309396 310669 
38 219321 218584 226289 217098 216951 216147 210629 217869 210212 
39 238514 242299 237461 235481 238388 238542 232820 237225 235081 
40 242180 231707 241855 237766 239498 234784 235411 236620 237087 
41 307585 304053 299288 298837 300802 304759 295996 299654 294871 
42 287643 293344 298493 289740 291130 286689 296083 297696 289410 
43 284372 265736 277430 269397 265314 284446 270367 272928 271503 
44 254511 261527 249306 251961 249751 250066 251792 249685 249761 
45 242279 251495 246940 243040 241728 247663 240824 247287 236550 
46 227871 228766 227849 227896 225233 226366 226727 226633 226433 
47 255234 250688 255062 250397 253904 252246 251154 250959 249601 
48 268536 269371 266096 268621 267910 264855 267381 266408 265598 
49 234284 233243 235814 233123 233768 234014 232308 233434 235090 
50 268969 270042 267510 269934 267848 265843 267069 264946 266898 
51 278585 282793 280353 279231 281604 286347 281212 277645 282508 
52 247257 248414 249710 246103 245775 246466 246287 245921 246055 
53 228450 231199 229508 226740 224264 226382 225363 226634 221974 
54 244776 236839 241275 243693 234135 237375 237832 232285 234548 
55 239386 238622 240753 236719 233967 236125 235875 236394 238684 
56 282880 282790 279472 286188 281939 281902 278170 285710 285268 
57 303369 304334 308431 307980 299945 301802 297918 298690 300529 
58 266318 266586 265795 260272 266236 264278 267195 258624 262918 
59 213228 211792 215403 208006 213388 209083 211484 214404 208052 
60 251353 250059 250007 247332 245616 249244 243711 248319 246156 
