1 15 21 28 27 36 55 38 60 72 
2 16 26 23 27 41 43 32 52 71 
3 14 24 24 25 40 51 35 55 78 
4 14 23 25 21 36 42 38 49 58 
5 15 21 29 26 36 40 31 60 70 
6 14 24 32 21 43 48 34 48 57 
7 15 23 28 26 41 53 39 60 64 
8 14 23 29 26 36 53 37 59 77 
9 12 23 29 23 40 38 32 53 56 
10 16 28 34 28 39 53 35 45 76 
11 17 26 31 27 38 51 36 55 74 
12 15 21 30 23 38 54 35 48 63 
13 16 26 30 28 34 48 37 58 69 
14 17 26 33 28 44 55 40 61 76 
15 17 26 32 28 47 51 39 58 75 
16 14 24 29 26 30 43 30 57 65 
17 15 24 26 20 41 44 30 55 63 
18 16 23 35 29 39 52 41 61 62 
19 15 27 35 29 37 47 38 52 77 
20 15 21 26 22 39 46 33 48 67 
21 16 25 32 20 39 48 29 46 66 
22 14 26 28 27 39 51 37 54 65 
23 11 24 29 27 42 54 37 56 62 
24 17 21 32 29 38 54 41 66 76 
25 17 27 34 30 40 51 36 62 61 
26 18 27 37 30 51 52 44 67 74 
27 19 23 31 27 36 60 42 59 80 
28 15 25 34 24 31 44 35 58 76 
29 17 28 30 26 43 50 40 59 67 
30 13 20 25 22 32 47 34 47 66 
31 16 24 29 30 43 49 38 55 73 
32 15 25 23 21 31 39 29 46 64 
33 16 29 30 26 41 58 33 58 86 
34 14 21 25 25 40 55 33 49 64 
35 15 22 32 24 47 53 37 64 71 
36 16 20 29 25 44 50 36 54 68 
37 18 26 28 26 34 52 37 57 75 
38 19 27 33 26 46 44 40 60 67 
39 15 25 31 27 42 51 38 55 66 
40 20 28 35 30 46 55 38 62 56 
41 18 24 29 31 47 56 39 63 83 
42 17 25 26 25 44 58 34 63 57 
43 17 28 29 21 45 55 41 67 79 
44 14 19 31 31 42 57 40 71 66 
45 16 23 30 23 43 50 34 63 60 
46 15 25 30 25 43 45 35 50 59 
47 14 25 29 26 36 46 34 58 71 
48 19 25 29 24 38 48 34 52 70 
49 17 27 30 26 40 56 36 63 77 
50 15 27 30 29 41 54 39 54 72 
51 15 20 29 28 48 46 37 57 70 
52 16 20 27 25 37 49 37 49 68 
53 15 28 34 29 46 63 36 61 83 
54 18 24 33 29 48 61 42 63 68 
55 17 27 25 27 44 48 36 63 72 
56 13 28 30 30 41 65 36 70 68 
57 15 23 32 27 36 51 36 55 66 
58 17 19 31 30 40 66 35 61 76 
59 19 30 35 26 47 61 45 66 96 
60 15 24 29 28 40 53 40 53 73 
