1 1.35685e+06 1.49466e+06 1.49572e+06 1.50231e+06 1.37048e+06 1.46589e+06 1.47534e+06 1.48805e+06 1.38669e+06 1.47466e+06 1.44165e+06 1.47802e+06 1.36196e+06 1.47138e+06 1.45347e+06 1.45679e+06 1.38149e+06 1.4821e+06 1.47034e+06 1.48601e+06 1.31839e+06 1.45272e+06 1.47622e+06 1.475e+06 
2 1.17334e+06 1.21709e+06 1.24535e+06 1.21587e+06 1.14445e+06 1.21909e+06 1.21456e+06 1.2016e+06 1.14307e+06 1.19158e+06 1.23644e+06 1.24173e+06 1.11889e+06 1.19461e+06 1.21852e+06 1.22009e+06 1.15207e+06 1.19533e+06 1.20508e+06 1.2361e+06 1.10763e+06 1.1984e+06 1.23004e+06 1.21389e+06 
3 1.37109e+06 1.44933e+06 1.46386e+06 1.45552e+06 1.37661e+06 1.46137e+06 1.44773e+06 1.44414e+06 1.34243e+06 1.44947e+06 1.47353e+06 1.45435e+06 1.32172e+06 1.42607e+06 1.44919e+06 1.4435e+06 1.33785e+06 1.42765e+06 1.46481e+06 1.45844e+06 1.31727e+06 1.42556e+06 1.45406e+06 1.45012e+06 
4 1.10425e+06 1.18369e+06 1.19061e+06 1.19871e+06 1.08635e+06 1.18804e+06 1.2157e+06 1.19819e+06 1.07552e+06 1.19506e+06 1.18734e+06 1.21246e+06 1.10593e+06 1.18488e+06 1.15644e+06 1.19012e+06 1.08956e+06 1.19336e+06 1.19639e+06 1.20309e+06 1.09089e+06 1.18796e+06 1.18451e+06 1.18701e+06 
5 1.2546e+06 1.36042e+06 1.33199e+06 1.33689e+06 1.23161e+06 1.32754e+06 1.3405e+06 1.32959e+06 1.21399e+06 1.3112e+06 1.3408e+06 1.33748e+06 1.21299e+06 1.2991e+06 1.31699e+06 1.32153e+06 1.25203e+06 1.33851e+06 1.32729e+06 1.34695e+06 1.23499e+06 1.30991e+06 1.30432e+06 1.32944e+06 
6 1.34786e+06 1.40658e+06 1.43033e+06 1.44407e+06 1.34103e+06 1.4204e+06 1.41914e+06 1.43675e+06 1.34094e+06 1.41006e+06 1.43684e+06 1.46126e+06 1.32788e+06 1.39319e+06 1.42222e+06 1.40639e+06 1.34315e+06 1.427e+06 1.43089e+06 1.42812e+06 1.32596e+06 1.40227e+06 1.41881e+06 1.42554e+06 
7 1.34514e+06 1.42286e+06 1.38165e+06 1.42505e+06 1.29786e+06 1.41133e+06 1.41424e+06 1.41745e+06 1.30211e+06 1.40808e+06 1.41839e+06 1.41913e+06 1.30423e+06 1.37675e+06 1.4047e+06 1.41496e+06 1.32952e+06 1.38749e+06 1.41654e+06 1.42029e+06 1.28469e+06 1.36114e+06 1.38964e+06 1.40811e+06 
8 1.40955e+06 1.56318e+06 1.54646e+06 1.55694e+06 1.39416e+06 1.53587e+06 1.54794e+06 1.55735e+06 1.42752e+06 1.53114e+06 1.52617e+06 1.53702e+06 1.41621e+06 1.54082e+06 1.55098e+06 1.55821e+06 1.44033e+06 1.52416e+06 1.54498e+06 1.54152e+06 1.41172e+06 1.5365e+06 1.52936e+06 1.55958e+06 
9 1.42638e+06 1.5302e+06 1.49348e+06 1.55038e+06 1.42486e+06 1.46449e+06 1.51607e+06 1.47949e+06 1.4065e+06 1.51614e+06 1.51419e+06 1.53209e+06 1.39734e+06 1.51135e+06 1.5115e+06 1.50807e+06 1.40049e+06 1.48851e+06 1.52961e+06 1.53233e+06 1.40918e+06 1.51417e+06 1.51424e+06 1.52318e+06 
10 1.34503e+06 1.47975e+06 1.47667e+06 1.45836e+06 1.35431e+06 1.439e+06 1.44438e+06 1.46209e+06 1.34413e+06 1.44728e+06 1.44715e+06 1.45508e+06 1.28137e+06 1.42512e+06 1.43967e+06 1.44234e+06 1.31661e+06 1.41761e+06 1.43903e+06 1.46466e+06 1.31864e+06 1.41794e+06 1.42944e+06 1.41831e+06 
11 1.23209e+06 1.28655e+06 1.29915e+06 1.30002e+06 1.20319e+06 1.29146e+06 1.28693e+06 1.29093e+06 1.206e+06 1.29882e+06 1.28262e+06 1.28585e+06 1.21189e+06 1.26866e+06 1.30472e+06 1.29644e+06 1.19034e+06 1.27134e+06 1.28854e+06 1.30017e+06 1.19963e+06 1.27748e+06 1.28699e+06 1.28658e+06 
12 1.2631e+06 1.37572e+06 1.40635e+06 1.42465e+06 1.27849e+06 1.40762e+06 1.40084e+06 1.4138e+06 1.29651e+06 1.34071e+06 1.39826e+06 1.42242e+06 1.28456e+06 1.33273e+06 1.37292e+06 1.40065e+06 1.30608e+06 1.37414e+06 1.415e+06 1.41828e+06 1.29317e+06 1.36871e+06 1.37803e+06 1.38945e+06 
13 1.43284e+06 1.48043e+06 1.49172e+06 1.49779e+06 1.36906e+06 1.48071e+06 1.46895e+06 1.48228e+06 1.37368e+06 1.46897e+06 1.47859e+06 1.50939e+06 1.38292e+06 1.4517e+06 1.45484e+06 1.48545e+06 1.41116e+06 1.48398e+06 1.47252e+06 1.46608e+06 1.37971e+06 1.45914e+06 1.46653e+06 1.49495e+06 
14 1.28041e+06 1.34045e+06 1.35075e+06 1.35417e+06 1.27235e+06 1.35133e+06 1.32475e+06 1.35593e+06 1.27259e+06 1.35609e+06 1.37388e+06 1.35424e+06 1.25005e+06 1.3316e+06 1.3444e+06 1.35544e+06 1.26953e+06 1.36409e+06 1.36667e+06 1.3619e+06 1.25592e+06 1.31901e+06 1.35652e+06 1.3551e+06 
15 1.13419e+06 1.24253e+06 1.26772e+06 1.25679e+06 1.12417e+06 1.18484e+06 1.25745e+06 1.2485e+06 1.14881e+06 1.23524e+06 1.25316e+06 1.25673e+06 1.14965e+06 1.22703e+06 1.25978e+06 1.25056e+06 1.13177e+06 1.21878e+06 1.23553e+06 1.23189e+06 1.12654e+06 1.22772e+06 1.24539e+06 1.26259e+06 
16 1.16574e+06 1.24294e+06 1.23086e+06 1.23413e+06 1.1314e+06 1.21569e+06 1.22416e+06 1.20823e+06 1.14062e+06 1.19848e+06 1.26448e+06 1.23927e+06 1.12191e+06 1.2096e+06 1.24118e+06 1.23086e+06 1.15152e+06 1.2062e+06 1.21752e+06 1.25921e+06 1.1038e+06 1.20749e+06 1.20595e+06 1.21507e+06 
17 1.27122e+06 1.33646e+06 1.32307e+06 1.34595e+06 1.23006e+06 1.29849e+06 1.33736e+06 1.34254e+06 1.20077e+06 1.27098e+06 1.29794e+06 1.34066e+06 1.21906e+06 1.28182e+06 1.29288e+06 1.30424e+06 1.24141e+06 1.3181e+06 1.33411e+06 1.32058e+06 1.23512e+06 1.2714e+06 1.30415e+06 1.30576e+06 
18 1.07683e+06 1.13256e+06 1.13212e+06 1.13219e+06 1.04646e+06 1.11934e+06 1.13987e+06 1.09006e+06 1.06191e+06 1.12692e+06 1.07334e+06 1.15105e+06 1.04679e+06 1.10589e+06 1.1175e+06 1.10987e+06 1.0419e+06 1.1077e+06 1.11022e+06 1.13015e+06 1.00332e+06 1.12009e+06 1.12942e+06 1.13324e+06 
19 1.30203e+06 1.30695e+06 1.36563e+06 1.38836e+06 1.24687e+06 1.33947e+06 1.3524e+06 1.35314e+06 1.27911e+06 1.32451e+06 1.37034e+06 1.35747e+06 1.2653e+06 1.32292e+06 1.34242e+06 1.34597e+06 1.26211e+06 1.31932e+06 1.35011e+06 1.3805e+06 1.25487e+06 1.35057e+06 1.34681e+06 1.361e+06 
20 1.34675e+06 1.39782e+06 1.41303e+06 1.40642e+06 1.34982e+06 1.41274e+06 1.39822e+06 1.42621e+06 1.32933e+06 1.41818e+06 1.42205e+06 1.42017e+06 1.32167e+06 1.40799e+06 1.39592e+06 1.40292e+06 1.3186e+06 1.401e+06 1.4163e+06 1.42826e+06 1.28883e+06 1.378e+06 1.40547e+06 1.41608e+06 
21 1.01172e+06 1.08476e+06 1.12096e+06 1.11402e+06 1.02768e+06 1.07762e+06 1.10312e+06 1.11847e+06 1.01581e+06 1.0986e+06 1.09443e+06 1.11499e+06 1.03113e+06 1.08827e+06 1.09464e+06 1.08014e+06 1.0041e+06 1.06666e+06 1.10501e+06 1.09464e+06 998291 1.03379e+06 1.08282e+06 1.08919e+06 
22 1.26409e+06 1.29924e+06 1.30697e+06 1.31109e+06 1.21353e+06 1.30824e+06 1.3021e+06 1.3287e+06 1.20792e+06 1.33558e+06 1.29999e+06 1.33194e+06 1.20886e+06 1.3081e+06 1.32454e+06 1.31672e+06 1.23822e+06 1.33048e+06 1.32919e+06 1.33609e+06 1.21393e+06 1.30873e+06 1.32141e+06 1.30119e+06 
23 1.15039e+06 1.26945e+06 1.25318e+06 1.29617e+06 1.16728e+06 1.23369e+06 1.2757e+06 1.27892e+06 1.15239e+06 1.27842e+06 1.28176e+06 1.30224e+06 1.16409e+06 1.25494e+06 1.26518e+06 1.27003e+06 1.17303e+06 1.25607e+06 1.2926e+06 1.28414e+06 1.12089e+06 1.24375e+06 1.27375e+06 1.24539e+06 
24 1.07279e+06 1.12991e+06 1.17525e+06 1.16285e+06 1.06848e+06 1.13925e+06 1.1723e+06 1.15429e+06 1.09883e+06 1.13612e+06 1.15996e+06 1.16044e+06 1.06824e+06 1.14178e+06 1.14331e+06 1.15386e+06 1.07591e+06 1.09488e+06 1.14446e+06 1.17221e+06 1.08127e+06 1.12412e+06 1.15081e+06 1.14296e+06 
25 1.19169e+06 1.2737e+06 1.26392e+06 1.28022e+06 1.18059e+06 1.25029e+06 1.268e+06 1.28856e+06 1.17837e+06 1.26858e+06 1.25245e+06 1.2841e+06 1.18803e+06 1.26022e+06 1.2683e+06 1.24017e+06 1.17872e+06 1.26696e+06 1.28022e+06 1.26392e+06 1.17143e+06 1.24764e+06 1.26328e+06 1.26545e+06 
26 1.29039e+06 1.39162e+06 1.39751e+06 1.41117e+06 1.28935e+06 1.36471e+06 1.38431e+06 1.36051e+06 1.25421e+06 1.36107e+06 1.38349e+06 1.38441e+06 1.2602e+06 1.34261e+06 1.34494e+06 1.38644e+06 1.28715e+06 1.35077e+06 1.40002e+06 1.36952e+06 1.26101e+06 1.35177e+06 1.34625e+06 1.34262e+06 
27 1.14153e+06 1.22962e+06 1.29024e+06 1.27204e+06 1.1397e+06 1.26273e+06 1.26479e+06 1.28023e+06 1.13087e+06 1.27221e+06 1.25955e+06 1.26818e+06 1.15442e+06 1.24452e+06 1.26464e+06 1.26482e+06 1.12976e+06 1.25189e+06 1.26514e+06 1.27288e+06 1.12749e+06 1.24344e+06 1.26528e+06 1.25883e+06 
28 1.3045e+06 1.43634e+06 1.45486e+06 1.42773e+06 1.27937e+06 1.43038e+06 1.44186e+06 1.44789e+06 1.3253e+06 1.4389e+06 1.43167e+06 1.42674e+06 1.32958e+06 1.40643e+06 1.40683e+06 1.44733e+06 1.32599e+06 1.40534e+06 1.45134e+06 1.44961e+06 1.31061e+06 1.43599e+06 1.42402e+06 1.43201e+06 
29 1.15208e+06 1.19229e+06 1.26336e+06 1.19842e+06 1.08711e+06 1.22309e+06 1.23549e+06 1.19701e+06 1.17907e+06 1.23178e+06 1.14908e+06 1.24496e+06 1.16298e+06 1.23103e+06 1.2145e+06 1.22918e+06 1.11834e+06 1.19381e+06 1.23837e+06 1.24537e+06 1.14502e+06 1.196e+06 1.21943e+06 1.14914e+06 
30 1.25447e+06 1.35567e+06 1.36748e+06 1.35485e+06 1.23415e+06 1.32778e+06 1.32895e+06 1.36775e+06 1.28438e+06 1.33032e+06 1.32895e+06 1.36021e+06 1.24202e+06 1.32895e+06 1.36021e+06 1.35632e+06 1.25266e+06 1.34698e+06 1.32895e+06 1.32895e+06 1.24364e+06 1.32895e+06 1.33787e+06 1.32895e+06 
31 997233 1.00538e+06 1.06528e+06 1.06906e+06 1.00855e+06 1.00538e+06 1.036e+06 1.04413e+06 999575 1.03741e+06 1.00538e+06 1.07097e+06 985726 1.02157e+06 1.05791e+06 1.07538e+06 990357 1.00307e+06 1.04907e+06 1.03831e+06 987139 1.01886e+06 1.04746e+06 1.02817e+06 
32 1.06714e+06 1.12056e+06 1.1133e+06 1.1133e+06 1.07415e+06 1.09433e+06 1.13203e+06 1.1295e+06 1.08007e+06 1.1133e+06 1.13716e+06 1.13654e+06 1.05413e+06 1.1133e+06 1.1133e+06 1.11341e+06 1.06607e+06 1.11872e+06 1.11545e+06 1.11552e+06 1.03486e+06 1.11098e+06 1.08228e+06 1.12831e+06 
33 1.11327e+06 1.14386e+06 1.16196e+06 1.15023e+06 1.11356e+06 1.14386e+06 1.16196e+06 1.14386e+06 1.11224e+06 1.16196e+06 1.14386e+06 1.15023e+06 1.11398e+06 1.14386e+06 1.17011e+06 1.16626e+06 1.12624e+06 1.17011e+06 1.16196e+06 1.17011e+06 1.12126e+06 1.14341e+06 1.17011e+06 1.15023e+06 
34 1.13178e+06 1.15837e+06 1.20082e+06 1.13831e+06 1.05244e+06 1.16338e+06 1.14967e+06 1.18294e+06 1.10015e+06 1.17423e+06 1.14608e+06 1.15837e+06 1.09411e+06 1.15624e+06 1.16061e+06 1.17398e+06 1.08048e+06 1.15837e+06 1.15037e+06 1.15749e+06 1.10112e+06 1.14401e+06 1.15896e+06 1.1555e+06 
35 1.18243e+06 1.2733e+06 1.28688e+06 1.23706e+06 1.19517e+06 1.22939e+06 1.29201e+06 1.27324e+06 1.20703e+06 1.27478e+06 1.26629e+06 1.28449e+06 1.20431e+06 1.25733e+06 1.25234e+06 1.27583e+06 1.21512e+06 1.22607e+06 1.26286e+06 1.28744e+06 1.1913e+06 1.26173e+06 1.25272e+06 1.2707e+06 
36 1.14114e+06 1.20082e+06 1.23802e+06 1.20082e+06 1.09243e+06 1.18478e+06 1.1917e+06 1.1804e+06 1.11996e+06 1.21789e+06 1.21697e+06 1.23058e+06 1.13642e+06 1.1917e+06 1.18828e+06 1.19216e+06 1.12821e+06 1.1917e+06 1.1917e+06 1.20082e+06 1.11118e+06 1.19868e+06 1.1917e+06 1.2093e+06 
37 1.21132e+06 1.28861e+06 1.34535e+06 1.32372e+06 1.19508e+06 1.3322e+06 1.29531e+06 1.3278e+06 1.25786e+06 1.30716e+06 1.2695e+06 1.33051e+06 1.24757e+06 1.28047e+06 1.30936e+06 1.2695e+06 1.23394e+06 1.2695e+06 1.28861e+06 1.30757e+06 1.23567e+06 1.28499e+06 1.2695e+06 1.29721e+06 
38 1.34315e+06 1.41432e+06 1.42759e+06 1.43294e+06 1.32226e+06 1.43667e+06 1.37393e+06 1.41969e+06 1.31517e+06 1.43549e+06 1.44803e+06 1.46401e+06 1.32597e+06 1.39682e+06 1.39918e+06 1.44661e+06 1.33932e+06 1.43932e+06 1.45633e+06 1.4235e+06 1.31166e+06 1.42811e+06 1.44144e+06 1.43952e+06 
39 1.1851e+06 1.20615e+06 1.26729e+06 1.24293e+06 1.12152e+06 1.21601e+06 1.22785e+06 1.25787e+06 1.17954e+06 1.20372e+06 1.2553e+06 1.21915e+06 1.16158e+06 1.22026e+06 1.24393e+06 1.20262e+06 1.14786e+06 1.21883e+06 1.23569e+06 1.24789e+06 1.15223e+06 1.21682e+06 1.23011e+06 1.22428e+06 
40 1.03471e+06 1.11571e+06 1.12073e+06 1.05291e+06 1.05757e+06 1.05291e+06 1.13152e+06 1.13152e+06 1.05291e+06 1.05291e+06 1.11476e+06 1.14267e+06 1.05135e+06 1.09643e+06 1.09931e+06 1.13797e+06 1.04658e+06 1.12115e+06 1.13152e+06 1.09741e+06 1.04801e+06 1.05291e+06 1.13592e+06 1.11127e+06 
41 1.17084e+06 1.29635e+06 1.26567e+06 1.30759e+06 1.1533e+06 1.26585e+06 1.28315e+06 1.27751e+06 1.17589e+06 1.27724e+06 1.29205e+06 1.28952e+06 1.16902e+06 1.26265e+06 1.26505e+06 1.27603e+06 1.1852e+06 1.24484e+06 1.29242e+06 1.29491e+06 1.15078e+06 1.24445e+06 1.27352e+06 1.29012e+06 
42 1.191e+06 1.23727e+06 1.24385e+06 1.31837e+06 1.2211e+06 1.23727e+06 1.24385e+06 1.23727e+06 1.18789e+06 1.23572e+06 1.28153e+06 1.291e+06 1.17352e+06 1.25813e+06 1.28007e+06 1.23727e+06 1.21091e+06 1.23727e+06 1.318e+06 1.33899e+06 1.22568e+06 1.28695e+06 1.264e+06 1.23727e+06 
43 1.24365e+06 1.26657e+06 1.26657e+06 1.32948e+06 1.23255e+06 1.28284e+06 1.26657e+06 1.26657e+06 1.21451e+06 1.30098e+06 1.30782e+06 1.31155e+06 1.23291e+06 1.29374e+06 1.30149e+06 1.30124e+06 1.22848e+06 1.26657e+06 1.26657e+06 1.26657e+06 1.20027e+06 1.24718e+06 1.31698e+06 1.3032e+06 
44 1.15146e+06 1.25147e+06 1.24718e+06 1.23215e+06 1.12074e+06 1.2256e+06 1.23656e+06 1.18056e+06 1.11387e+06 1.2326e+06 1.22753e+06 1.24933e+06 1.10739e+06 1.22203e+06 1.22121e+06 1.24142e+06 1.12876e+06 1.23265e+06 1.21046e+06 1.23547e+06 1.12259e+06 1.23508e+06 1.19976e+06 1.24271e+06 
45 1.22204e+06 1.25654e+06 1.29191e+06 1.27685e+06 1.18229e+06 1.30359e+06 1.29998e+06 1.2824e+06 1.22292e+06 1.27795e+06 1.33384e+06 1.30674e+06 1.18655e+06 1.2824e+06 1.30993e+06 1.2824e+06 1.25133e+06 1.2824e+06 1.2824e+06 1.315e+06 1.21303e+06 1.2851e+06 1.31001e+06 1.29718e+06 
46 1.0963e+06 1.12794e+06 1.14901e+06 1.14047e+06 1.08924e+06 1.11724e+06 1.11023e+06 1.12025e+06 1.06684e+06 1.12671e+06 1.12507e+06 1.1515e+06 1.08448e+06 1.12115e+06 1.1131e+06 1.12907e+06 1.09602e+06 1.13276e+06 1.1262e+06 1.12295e+06 1.07071e+06 1.10826e+06 1.10689e+06 1.13295e+06 
47 975919 1.03735e+06 1.02654e+06 1.03888e+06 957501 1.0196e+06 1.01805e+06 1.0117e+06 961836 972392 1.02548e+06 1.00864e+06 971680 1.00107e+06 985908 1.01592e+06 966234 983281 1.02532e+06 995219 924027 972427 971595 1.00309e+06 
48 1.18351e+06 1.19013e+06 1.25197e+06 1.23176e+06 1.17807e+06 1.20529e+06 1.21159e+06 1.23125e+06 1.18275e+06 1.21243e+06 1.23663e+06 1.22869e+06 1.16523e+06 1.20632e+06 1.20887e+06 1.23211e+06 1.19607e+06 1.192e+06 1.21533e+06 1.23789e+06 1.17514e+06 1.21915e+06 1.21916e+06 1.21977e+06 
49 1.03542e+06 1.09421e+06 1.11579e+06 1.12846e+06 1.02131e+06 1.08984e+06 1.09992e+06 1.08931e+06 1.03832e+06 1.07584e+06 1.09849e+06 1.09928e+06 1.03305e+06 1.04549e+06 1.08757e+06 1.08832e+06 1.03154e+06 1.0717e+06 1.10493e+06 1.0912e+06 1.0398e+06 1.07991e+06 1.09289e+06 1.11236e+06 
50 1.03463e+06 1.07137e+06 1.09506e+06 1.10318e+06 1.03773e+06 1.06418e+06 1.0702e+06 1.1079e+06 1.03032e+06 1.07852e+06 1.10757e+06 1.10192e+06 1.01081e+06 1.08413e+06 1.05585e+06 1.08516e+06 1.05394e+06 1.07449e+06 1.09062e+06 1.08437e+06 1.02381e+06 1.07834e+06 1.09181e+06 1.08211e+06 
51 1.12419e+06 1.16515e+06 1.15311e+06 1.18408e+06 1.08555e+06 1.18512e+06 1.16614e+06 1.15404e+06 1.06636e+06 1.17961e+06 1.17153e+06 1.1751e+06 1.06078e+06 1.16275e+06 1.16759e+06 1.18308e+06 1.1205e+06 1.1676e+06 1.14573e+06 1.16377e+06 1.06074e+06 1.11822e+06 1.1418e+06 1.1684e+06 
52 1.0529e+06 1.12673e+06 1.12673e+06 1.12489e+06 1.08008e+06 1.12186e+06 1.15152e+06 1.14631e+06 1.07531e+06 1.13621e+06 1.12666e+06 1.12767e+06 1.0578e+06 1.1038e+06 1.12841e+06 1.1286e+06 1.08924e+06 1.11378e+06 1.13067e+06 1.13231e+06 1.05774e+06 1.10124e+06 1.1407e+06 1.12992e+06 
53 1.16971e+06 1.19151e+06 1.18584e+06 1.23727e+06 1.13798e+06 1.19127e+06 1.22354e+06 1.20621e+06 1.16724e+06 1.19127e+06 1.22155e+06 1.23771e+06 1.15532e+06 1.19191e+06 1.19127e+06 1.2371e+06 1.14109e+06 1.2304e+06 1.2117e+06 1.21318e+06 1.14472e+06 1.20839e+06 1.2272e+06 1.22399e+06 
54 1.10315e+06 1.1249e+06 1.1443e+06 1.14046e+06 1.07402e+06 1.14191e+06 1.1238e+06 1.1554e+06 1.12456e+06 1.13514e+06 1.16448e+06 1.16496e+06 1.07218e+06 1.16058e+06 1.1443e+06 1.16142e+06 1.10098e+06 1.15018e+06 1.14701e+06 1.14582e+06 1.09314e+06 1.12533e+06 1.15519e+06 1.14038e+06 
55 1.1144e+06 1.18886e+06 1.19464e+06 1.19693e+06 1.10721e+06 1.17543e+06 1.20107e+06 1.19364e+06 1.11305e+06 1.1849e+06 1.15318e+06 1.20566e+06 1.09886e+06 1.17677e+06 1.18433e+06 1.18592e+06 1.10323e+06 1.1989e+06 1.20366e+06 1.20463e+06 1.12823e+06 1.181e+06 1.18487e+06 1.19585e+06 
56 1.03685e+06 1.12472e+06 1.13659e+06 1.11687e+06 1.02832e+06 1.11996e+06 1.11017e+06 1.13857e+06 1.05073e+06 1.11519e+06 1.13055e+06 1.11519e+06 1.01685e+06 1.10476e+06 1.12472e+06 1.13919e+06 1.03107e+06 1.09254e+06 1.12472e+06 1.12472e+06 1.01917e+06 1.12565e+06 1.12472e+06 1.12384e+06 
57 934985 1.01342e+06 1.01084e+06 1.02858e+06 918909 987327 1.00906e+06 1.02195e+06 968973 995052 1.01084e+06 1.0205e+06 953594 998337 1.0197e+06 1.0113e+06 953635 998714 1.00931e+06 1.01084e+06 926912 988831 1.00388e+06 1.01804e+06 
58 1.10293e+06 1.19462e+06 1.21884e+06 1.20201e+06 1.08772e+06 1.16686e+06 1.20585e+06 1.15908e+06 1.10974e+06 1.18192e+06 1.19711e+06 1.20705e+06 1.11615e+06 1.18686e+06 1.18984e+06 1.19466e+06 1.14482e+06 1.18243e+06 1.17312e+06 1.18431e+06 1.10901e+06 1.1726e+06 1.19414e+06 1.18975e+06 
59 1.12541e+06 1.18097e+06 1.17251e+06 1.18703e+06 1.07073e+06 1.17727e+06 1.17162e+06 1.163e+06 1.07682e+06 1.17072e+06 1.1995e+06 1.19666e+06 1.09363e+06 1.15239e+06 1.16515e+06 1.16677e+06 1.09703e+06 1.15254e+06 1.17172e+06 1.17396e+06 1.09535e+06 1.17094e+06 1.13891e+06 1.18527e+06 
60 1.11525e+06 1.23834e+06 1.2363e+06 1.24766e+06 1.13665e+06 1.21316e+06 1.23075e+06 1.23875e+06 1.13523e+06 1.23667e+06 1.24344e+06 1.24254e+06 1.10528e+06 1.2243e+06 1.21264e+06 1.23678e+06 1.15347e+06 1.22697e+06 1.23826e+06 1.22998e+06 1.13124e+06 1.17651e+06 1.21402e+06 1.21058e+06 
