1 56 
2 52 
3 50 
4 50 
5 52 
6 49 
7 51 
8 50 
9 51 
10 53 
11 56 
12 48 
13 48 
14 52 
15 51 
16 49 
17 49 
18 52 
19 48 
20 52 
21 47 
22 48 
23 49 
24 48 
25 51 
26 53 
27 49 
28 55 
29 48 
30 55 
31 51 
32 53 
33 52 
34 49 
35 52 
36 48 
37 54 
38 51 
39 51 
40 53 
41 52 
42 54 
43 53 
44 56 
45 49 
46 63 
47 65 
48 57 
49 61 
50 60 
51 59 
52 64 
53 59 
54 65 
55 62 
56 59 
57 67 
58 62 
59 62 
60 60 
61 63 
62 65 
63 64 
64 62 
65 65 
66 59 
67 64 
68 57 
69 67 
70 63 
71 58 
72 64 
73 59 
74 61 
75 60 
76 59 
77 56 
78 64 
79 59 
80 62 
81 61 
82 61 
83 59 
84 61 
85 62 
86 60 
87 60 
88 60 
89 60 
90 65 
91 64 
92 71 
93 73 
94 75 
95 71 
96 69 
97 73 
98 72 
99 69 
100 66 
101 70 
102 65 
103 69 
104 67 
105 68 
106 68 
107 67 
108 72 
109 68 
110 68 
111 67 
112 67 
113 73 
114 65 
115 68 
116 71 
117 70 
118 65 
119 69 
120 66 
121 67 
122 69 
123 68 
124 66 
125 73 
126 73 
127 64 
128 68 
129 70 
130 63 
131 70 
132 69 
133 70 
134 67 
135 65 
136 83 
137 79 
138 81 
139 79 
140 82 
141 73 
142 84 
143 75 
144 77 
145 86 
146 85 
147 75 
148 83 
149 76 
150 80 
151 79 
152 76 
153 83 
154 79 
155 72 
156 74 
157 74 
158 77 
159 76 
160 72 
161 74 
162 77 
163 81 
164 79 
165 79 
166 79 
167 73 
168 79 
169 72 
170 71 
171 72 
172 71 
173 72 
174 75 
175 71 
176 74 
177 78 
178 74 
179 75 
180 77 
