1 260546 259568 262499 251002 261013 256267 248808 248493 250734 
2 262907 262285 262213 257874 259496 257946 261658 260428 262770 
3 273053 269168 278927 268111 267405 264427 271272 269564 268128 
4 294694 289903 292891 291774 294636 290060 286495 292161 293309 
5 250389 260102 260195 258671 258954 261148 257801 253900 259778 
6 308089 306006 307523 300606 301090 307387 300301 305292 300907 
7 314627 340152 311314 307620 306938 307581 304576 302163 300897 
8 257137 259173 256604 257506 254876 249050 254247 248838 251500 
9 290035 292091 290704 282960 285287 283079 286870 289008 287296 
10 287786 282376 280848 280680 286227 284135 285235 281249 280680 
11 340077 314838 326289 322841 321406 313180 314412 314414 321532 
12 287784 287107 285645 285858 281429 289934 283233 282245 286857 
13 268141 266274 273286 272881 265862 267527 263382 270392 266128 
14 309959 313521 316663 322023 309545 309066 311870 306963 306295 
15 319753 319811 323785 315073 322022 307347 304064 304558 305310 
16 278553 286352 286316 284578 290909 281194 287682 286322 285644 
17 220796 221707 217478 211309 213179 214274 213783 219976 220372 
18 254202 257915 251504 250276 251517 248224 249385 249526 261250 
19 254347 241893 244049 244484 251316 252280 246395 248349 242313 
20 313388 313667 314253 315069 315844 312724 313979 312765 314283 
21 273086 271773 268939 264167 266687 267597 268529 266570 265686 
22 259564 256100 256903 251940 255723 254964 256550 254249 248284 
23 307551 308550 296652 303964 298966 300367 296735 299152 306618 
24 291900 295464 299704 289624 301192 295274 288842 295359 287698 
25 277536 276490 280015 274205 280314 272222 277725 270636 277518 
26 272314 267012 267367 267067 262627 270017 264276 267273 266431 
27 257535 268711 271494 258344 274237 258493 259330 271253 261970 
28 257873 258544 255242 251530 257534 262246 251564 250665 253690 
29 286352 284049 289182 291052 278878 281442 281701 279494 283984 
30 264564 265879 261688 260513 266432 263982 266577 259738 261149 
31 268597 268166 266543 262153 261633 264411 266052 263346 264934 
32 271481 270412 273708 273087 272908 271102 267444 272168 271561 
33 256107 257738 256052 253387 253943 254898 254864 253768 253946 
34 281435 271433 275511 277734 273580 275647 272643 273005 273518 
35 222031 209916 214020 211665 211336 205214 212363 211532 209456 
36 295194 296582 294398 294014 292774 291643 290971 289009 284328 
37 310874 307099 314085 307589 310350 315178 305707 306656 304144 
38 216340 219466 213212 212236 213354 215369 216972 214425 216412 
39 237164 234632 237520 236010 236640 232676 236225 235538 238480 
40 239429 239532 238338 238039 235534 239191 237626 238114 240293 
41 303497 318074 311335 299665 293872 295106 300623 300062 300289 
42 300512 298981 293396 294090 292177 289721 288258 288152 292686 
43 267013 283347 277662 278136 271136 269964 270759 272613 270707 
44 256696 263534 261514 252439 251474 251349 252567 252414 248381 
45 242384 244340 243972 241727 246833 239250 241870 238404 239428 
46 228064 226639 229306 229146 226751 223579 228336 226764 223835 
47 252448 255215 251343 254232 255345 251696 254213 253061 252699 
48 266018 268541 266054 266586 266859 266513 262481 267544 264763 
49 234583 234414 235909 234893 232972 237341 232802 233222 231807 
50 269625 268850 267182 268083 270072 270122 268713 266712 268045 
51 283904 283157 280663 280783 282341 278246 279158 283748 281196 
52 249718 249636 246283 248620 243258 245758 247208 244278 242389 
53 228329 229676 228923 227219 222165 224588 229457 223617 228642 
54 234894 237396 244468 241014 237443 233700 234784 242522 234943 
55 242309 242799 240212 235435 233806 237431 235040 236448 236471 
56 279892 277388 280914 283715 277698 278896 278298 279856 280564 
57 306270 302527 306238 298975 304994 303626 302617 296903 300799 
58 269505 265307 268338 258618 261699 261013 268501 258925 258349 
59 212515 216564 209339 211729 210491 212265 214090 205358 213203 
60 249398 252528 246040 248391 247393 247772 248930 249573 249599 
