1 267125 249255 250752 252216 254562 247566 248172 251342 248775 
2 257946 262247 263903 259929 265585 262266 262239 261401 259101 
3 277358 282236 267789 269473 276497 275602 265444 271179 264936 
4 291574 292128 291231 289570 292958 283142 293967 288362 290983 
5 258889 262389 263140 259778 262357 255740 258309 248424 248881 
6 309206 305919 301022 314132 310085 304457 300916 305500 298665 
7 307859 307653 315489 329745 304517 307962 306630 302354 301967 
8 258675 256267 262867 254945 255343 256823 251288 253695 255824 
9 295468 294570 291560 287508 289972 289448 289558 287199 285900 
10 286528 285171 287936 286832 285588 287282 284224 281643 285741 
11 318834 328448 323607 314394 315334 314562 324731 315412 325975 
12 291613 286563 290134 281649 290388 281132 285975 284459 283529 
13 277965 281754 276056 271440 268786 270006 263215 268906 263834 
14 335193 313354 307095 307620 312354 311443 307695 308352 308888 
15 309051 309878 325589 315137 311293 321135 307629 309051 320070 
16 296963 288406 291066 279512 285190 283249 284793 285006 283584 
17 219346 218974 215257 219754 216835 215796 215430 213767 211162 
18 258172 250171 256713 253397 249656 251555 248535 246999 248520 
19 255213 245438 244039 246247 247162 244181 243108 246182 244308 
20 314298 312456 316314 314669 310830 311448 311374 314767 313463 
21 262946 268950 265486 269210 269044 268423 262416 266586 268751 
22 254716 265677 259527 251155 256745 252405 248781 251372 247140 
23 304314 314557 303928 294808 294740 295926 299683 292532 293224 
24 292597 298665 302209 294929 289306 298062 289244 300442 299304 
25 280850 275301 279897 292625 284587 271388 286424 280683 269016 
26 281930 270187 266160 264677 267127 262627 265209 262627 270255 
27 275086 271667 273069 259936 257206 260259 265314 267974 256883 
28 255614 254446 262997 263426 263217 256852 254088 254849 251137 
29 293402 281795 295095 283687 281374 293841 284428 279502 278929 
30 264182 265844 265252 262564 264101 264756 260284 262382 260514 
31 268372 274421 269619 264452 266501 265655 262043 263236 270087 
32 273689 275771 273526 270837 272266 270783 267510 273210 268698 
33 255527 257254 258511 253794 255589 253718 252141 252479 256184 
34 275519 274732 277902 272973 274919 275142 276813 273028 271159 
35 206422 212799 212866 213658 210550 207497 212471 204920 211085 
36 290088 294350 287794 290592 293065 288384 291937 289815 286289 
37 307094 313367 312894 309543 309123 308255 305924 308090 304827 
38 219126 211605 216826 214305 218666 217894 218047 211488 213612 
39 239986 238770 235459 235386 237305 235754 236482 236601 235598 
40 242066 232985 243587 236356 237927 235209 234755 236682 237597 
41 304572 299190 302779 309136 302462 305790 294994 297276 293237 
42 293270 293332 291502 290440 297754 290501 291059 291532 288669 
43 280859 272676 285033 269377 273518 269817 275546 266185 268426 
44 251641 263540 254496 252001 250025 249425 247966 249463 258706 
45 240653 240784 244077 245926 243474 245904 238123 245818 241258 
46 226578 229045 226058 225124 225024 227543 227847 223814 225596 
47 254828 256505 254923 254996 254504 252934 250953 250789 252435 
48 271182 267335 263825 267108 264843 268274 265506 266858 265068 
49 236768 234818 235645 233319 236607 235026 233734 235055 233693 
50 268209 269498 269351 265300 265272 267856 267087 268967 267989 
51 281765 278043 281352 281052 277710 280686 279186 281464 278721 
52 248257 247922 247548 247342 247643 243974 245809 245787 246258 
53 227657 229538 225461 228251 226362 224007 228308 224969 223586 
54 240282 243655 236623 243114 234454 238942 233570 238983 236242 
55 236334 239508 236216 237776 238245 238901 235583 237096 237416 
56 277453 287153 281999 282327 278891 283738 279025 278530 274895 
57 308318 303739 311517 300081 300165 300075 299216 303360 302624 
58 265580 269471 263326 267033 262294 258662 263564 262274 266087 
59 212993 212474 210483 210526 215410 209878 210824 210149 210407 
60 253554 249283 248244 243790 249675 245609 242622 242718 247760 
