1 250953 252482 249397 262846 252067 259100 249004 248501 250953 
2 263995 260526 263754 260900 258571 258388 260405 258471 259215 
3 276870 272893 267805 277390 273527 275268 271944 277386 267805 
4 288859 292682 293059 291491 289244 285747 292936 283620 284192 
5 251427 250857 259362 258232 251218 261148 248968 260778 252461 
6 306098 311205 309224 305922 300835 304922 308618 305912 302638 
7 309115 308423 343364 313510 307714 301704 303704 300575 302363 
8 256387 259805 259098 253000 255705 252192 251940 251148 253609 
9 290294 285907 284171 283044 289686 285898 291676 285907 282960 
10 284887 281637 283098 290650 280680 285147 282150 280917 280680 
11 321290 324161 316966 318942 315644 315592 313068 317274 320391 
12 291130 286931 283193 287666 285175 283345 285931 281820 287719 
13 263101 262168 275815 265442 268177 269360 262032 268634 270624 
14 306709 313418 312678 313111 308164 313553 308922 314374 307796 
15 327708 329784 326743 307805 321012 308053 320585 304144 305375 
16 295914 282847 288766 285380 288342 287786 283498 283428 281398 
17 213786 223885 218824 226691 214462 215527 212666 211112 215435 
18 253348 253828 254027 251026 256711 253519 250931 252454 251062 
19 242308 256265 251769 246942 244746 244952 243958 242108 243986 
20 316152 318492 316339 315418 313309 314717 313737 312068 314968 
21 272823 272446 265660 269831 268436 269660 268264 266540 264521 
22 255138 257877 255785 257770 252802 255695 253954 250206 255047 
23 304667 301508 314002 297537 297354 297345 294615 304898 304833 
24 289683 289317 304019 294077 295264 293330 287616 289510 291286 
25 280734 281726 286295 287555 272565 282534 287315 284599 287688 
26 264011 270817 266483 264841 269165 262817 267831 261659 265661 
27 264869 272916 259623 261670 260513 261315 264637 262077 260267 
28 262331 261424 256492 258352 254869 256385 250028 253524 258148 
29 284360 289234 294938 283400 279799 279804 282465 282110 286528 
30 267092 261694 265069 263322 263535 262454 264731 264091 260258 
31 265715 268046 264403 265131 265179 263555 264742 265479 262143 
32 268915 271500 274406 269190 271087 267888 269735 266926 269454 
33 255535 253797 255460 254336 254365 255368 254155 253421 255429 
34 275990 276032 273300 273214 275022 272907 273186 275884 272496 
35 209017 218131 205832 211314 207255 214502 208296 208664 213818 
36 295186 291008 289800 288559 293150 294823 295897 289458 287692 
37 312236 309541 306638 310272 308526 312213 305822 307493 302472 
38 216046 213353 214003 211304 216439 219028 215091 217723 213389 
39 237208 238199 238170 237430 234790 237230 236493 231016 234536 
40 239404 236888 239678 242728 241069 235936 239195 235430 233994 
41 296147 303143 303547 304499 302576 295272 302532 296606 294437 
42 295822 290305 301339 291267 297694 300202 286774 291796 285098 
43 279123 273454 272245 278034 266689 274453 277058 267057 278204 
44 254310 254207 263840 249626 250117 251275 245417 247267 249043 
45 239492 243123 239592 240201 241371 238806 249556 239608 246894 
46 227096 227565 230616 226992 228248 227557 227606 226970 225501 
47 252506 255508 253539 252690 254136 250985 252513 251501 253897 
48 266982 270220 271212 263878 266485 265241 266362 266772 266511 
49 237396 234247 233918 235538 234962 232057 235552 233917 232881 
50 270561 271403 266776 269934 268375 269097 268500 268763 269776 
51 280858 278443 280842 280029 281664 276483 280183 279604 278512 
52 245149 246568 250341 244657 245693 244438 245740 245132 246742 
53 230137 227806 227693 222956 226461 227002 226103 224613 227662 
54 242577 239548 240955 233810 235731 241504 233951 235124 236236 
55 240337 236114 237360 240319 234026 240729 239747 233848 235019 
56 283519 276923 289596 277055 282873 285734 281942 282378 277491 
57 301770 304638 303004 312547 297608 302390 305404 305636 306717 
58 263023 264036 265059 264473 266780 257902 259167 267679 265216 
59 214894 215676 216873 208435 218808 211232 211189 210163 211567 
60 253192 253575 254289 246957 247732 249409 240484 247224 245758 
