1 298453 
2 305554 
3 314318 
4 309039 
5 299287 
6 308906 
7 273393 
8 346849 
9 285389 
10 333165 
11 314523 
12 293290 
13 285403 
14 356772 
15 293689 
16 349235 
17 325782 
18 332132 
19 370759 
20 323132 
21 317026 
22 326008 
23 336488 
24 324362 
25 331201 
26 356278 
27 310603 
28 299840 
29 304844 
30 317321 
31 327588 
32 360838 
33 348508 
34 317418 
35 266472 
36 384076 
37 333951 
38 347464 
39 341636 
40 354636 
41 356547 
42 362694 
43 283697 
44 364852 
45 347471 
46 334249 
47 252918 
48 270840 
49 234621 
50 282235 
51 266250 
52 275579 
53 297719 
54 253417 
55 276767 
56 294106 
57 310305 
58 277475 
59 273338 
60 230253 
61 266114 
62 358117 
63 321286 
64 313097 
65 276323 
66 319368 
67 287096 
68 291318 
69 254843 
70 309208 
71 309885 
72 299300 
73 298658 
74 282795 
75 313907 
76 307269 
77 293946 
78 341172 
79 296739 
80 300052 
81 292419 
82 342151 
83 348601 
84 313066 
85 327082 
86 303506 
87 271222 
88 319726 
89 282277 
90 334426 
91 265386 
92 233364 
93 267454 
94 263840 
95 255576 
96 295757 
97 275166 
98 243330 
99 275261 
100 288216 
101 266456 
102 284046 
103 245706 
104 264552 
105 278258 
106 274974 
107 271429 
108 275232 
109 310096 
110 288929 
111 278713 
112 270029 
113 262156 
114 326818 
115 310687 
116 277328 
117 263601 
118 278566 
119 276511 
120 305310 
121 276678 
122 316829 
123 267502 
124 282008 
125 291115 
126 290964 
127 275502 
128 298044 
129 285543 
130 250607 
131 290971 
132 288103 
133 298136 
134 276210 
135 256373 
136 242927 
137 253088 
138 245018 
139 301841 
140 261293 
141 232279 
142 276186 
143 244831 
144 243516 
145 288893 
146 285758 
147 271976 
148 253532 
149 268601 
150 257049 
151 263333 
152 248603 
153 270995 
154 261057 
155 282183 
156 263682 
157 250353 
158 235237 
159 266494 
160 253047 
161 229619 
162 254978 
163 312780 
164 309849 
165 266939 
166 270671 
167 326365 
168 291491 
169 296813 
170 306485 
171 301962 
172 279540 
173 293727 
174 234512 
175 340999 
176 257317 
177 253826 
178 267894 
179 258028 
180 221237 
