1 297752 
2 305122 
3 313943 
4 301697 
5 294625 
6 314042 
7 276730 
8 344258 
9 282756 
10 332989 
11 316000 
12 298188 
13 287331 
14 353802 
15 291834 
16 347280 
17 343393 
18 325163 
19 376639 
20 326521 
21 323443 
22 321820 
23 341388 
24 322579 
25 334144 
26 358262 
27 314580 
28 293591 
29 311171 
30 319586 
31 335379 
32 360730 
33 351765 
34 313990 
35 263598 
36 372860 
37 339341 
38 346025 
39 345239 
40 361792 
41 357464 
42 366780 
43 287390 
44 364408 
45 332657 
46 343305 
47 246246 
48 274540 
49 240258 
50 282657 
51 253935 
52 281182 
53 299572 
54 259350 
55 269340 
56 291332 
57 323155 
58 267278 
59 272722 
60 225850 
61 269837 
62 360765 
63 313388 
64 311258 
65 289559 
66 321007 
67 288406 
68 287608 
69 258155 
70 310167 
71 317159 
72 307638 
73 294679 
74 278344 
75 313341 
76 303265 
77 284772 
78 341202 
79 294270 
80 312682 
81 298378 
82 348474 
83 340399 
84 324809 
85 326091 
86 317231 
87 287647 
88 317482 
89 269746 
90 329400 
91 261866 
92 226667 
93 268410 
94 261924 
95 253562 
96 299005 
97 279248 
98 251543 
99 273794 
100 288959 
101 265380 
102 278146 
103 246570 
104 267119 
105 273972 
106 277783 
107 280004 
108 273981 
109 314137 
110 286612 
111 278887 
112 263390 
113 260994 
114 325662 
115 312726 
116 282631 
117 262050 
118 278875 
119 282348 
120 308346 
121 278721 
122 310828 
123 274711 
124 284613 
125 298226 
126 286426 
127 281062 
128 292807 
129 284600 
130 254425 
131 283006 
132 283243 
133 291006 
134 276411 
135 254167 
136 245015 
137 256300 
138 245628 
139 301653 
140 260242 
141 232956 
142 277866 
143 237366 
144 241288 
145 288141 
146 287634 
147 269492 
148 260837 
149 269369 
150 259766 
151 262950 
152 252533 
153 273236 
154 267314 
155 282736 
156 258631 
157 257233 
158 234665 
159 271146 
160 257566 
161 240081 
162 255107 
163 311475 
164 309060 
165 273878 
166 263644 
167 328028 
168 286171 
169 296566 
170 302242 
171 301944 
172 280274 
173 287796 
174 241046 
175 341438 
176 253599 
177 255993 
178 263537 
179 258878 
180 219698 
