1 298075 
2 307876 
3 310941 
4 305550 
5 296805 
6 298846 
7 281702 
8 355298 
9 281180 
10 307906 
11 315082 
12 301793 
13 289981 
14 359036 
15 291205 
16 348018 
17 343464 
18 330794 
19 366153 
20 323569 
21 317065 
22 338223 
23 323144 
24 334396 
25 333059 
26 355209 
27 307284 
28 294003 
29 297852 
30 317695 
31 332214 
32 366853 
33 343705 
34 312400 
35 262797 
36 376627 
37 336524 
38 345825 
39 344171 
40 360679 
41 354346 
42 367507 
43 291088 
44 366675 
45 334546 
46 332300 
47 249535 
48 271566 
49 245733 
50 274688 
51 263263 
52 286389 
53 300218 
54 259275 
55 279467 
56 295288 
57 318912 
58 275410 
59 269920 
60 235708 
61 261619 
62 370185 
63 318974 
64 307424 
65 283717 
66 321447 
67 289197 
68 291502 
69 255481 
70 317198 
71 320465 
72 302068 
73 287093 
74 281834 
75 311768 
76 304054 
77 287385 
78 335894 
79 291088 
80 311028 
81 291119 
82 347344 
83 333814 
84 327819 
85 328606 
86 308388 
87 277863 
88 313033 
89 279158 
90 339645 
91 267308 
92 234947 
93 269637 
94 263768 
95 254613 
96 295786 
97 275783 
98 242678 
99 274448 
100 292370 
101 265154 
102 281591 
103 242820 
104 265766 
105 277991 
106 280280 
107 278614 
108 277809 
109 315787 
110 291668 
111 277015 
112 272976 
113 256123 
114 331754 
115 309818 
116 285007 
117 260952 
118 282791 
119 279464 
120 310867 
121 274271 
122 312191 
123 276979 
124 281140 
125 292737 
126 286845 
127 282672 
128 302111 
129 291630 
130 251821 
131 291475 
132 283029 
133 297354 
134 285890 
135 255170 
136 244994 
137 254778 
138 242754 
139 305567 
140 261592 
141 232769 
142 274816 
143 244119 
144 240601 
145 286869 
146 291316 
147 271047 
148 257183 
149 268091 
150 255466 
151 271072 
152 249943 
153 272702 
154 265780 
155 274688 
156 258420 
157 257294 
158 238500 
159 267489 
160 249907 
161 242422 
162 259333 
163 304337 
164 308686 
165 272620 
166 264159 
167 324919 
168 283216 
169 290453 
170 301750 
171 292449 
172 281075 
173 293611 
174 231506 
175 328550 
176 247274 
177 246638 
178 265404 
179 254360 
180 219727 
