1 155 
2 173 
3 168 
4 159 
5 157 
6 158 
7 180 
8 184 
9 184 
10 167 
11 172 
12 184 
13 175 
14 195 
15 167 
16 193 
17 166 
18 204 
19 197 
20 208 
21 178 
22 191 
23 169 
24 162 
25 188 
26 181 
27 182 
28 195 
29 181 
30 205 
31 195 
32 182 
33 216 
34 221 
35 216 
36 192 
37 220 
38 227 
39 187 
40 193 
41 187 
42 203 
43 210 
44 225 
45 231 
46 168 
47 150 
48 139 
49 135 
50 163 
51 156 
52 140 
53 175 
54 137 
55 129 
56 165 
57 157 
58 178 
59 145 
60 177 
61 171 
62 168 
63 195 
64 204 
65 178 
66 206 
67 194 
68 179 
69 138 
70 189 
71 128 
72 138 
73 171 
74 169 
75 191 
76 182 
77 194 
78 154 
79 162 
80 209 
81 168 
82 189 
83 179 
84 176 
85 180 
86 165 
87 183 
88 175 
89 199 
90 186 
91 147 
92 135 
93 167 
94 127 
95 160 
96 145 
97 142 
98 153 
99 132 
100 164 
101 166 
102 174 
103 143 
104 165 
105 141 
106 152 
107 157 
108 178 
109 159 
110 155 
111 174 
112 171 
113 156 
114 185 
115 170 
116 162 
117 169 
118 165 
119 190 
120 174 
121 175 
122 173 
123 142 
124 148 
125 166 
126 178 
127 173 
128 180 
129 219 
130 170 
131 175 
132 170 
133 164 
134 153 
135 188 
136 161 
137 166 
138 177 
139 179 
140 152 
141 174 
142 152 
143 161 
144 153 
145 159 
146 153 
147 169 
148 165 
149 147 
150 162 
151 175 
152 182 
153 142 
154 192 
155 177 
156 171 
157 194 
158 153 
159 150 
160 162 
161 186 
162 144 
163 174 
164 185 
165 196 
166 179 
167 179 
168 162 
169 144 
170 175 
171 202 
172 181 
173 167 
174 179 
175 162 
176 160 
177 199 
178 181 
179 132 
180 142 
