1 301419 309626 319396 324263 298600 313388 311662 315852 291687 316944 303689 318184 292725 309922 303713 312987 283372 311372 314737 306259 291372 300218 311043 312440 
2 287627 319958 317550 320278 300695 309050 306719 321092 302872 320427 320209 320831 297333 316127 324999 315542 291072 317401 314324 323281 294990 310299 304283 313853 
3 328933 340878 344560 350844 309276 342001 337606 351741 326373 347785 346801 338887 317424 344025 338195 347877 320973 346261 348668 346376 315676 340276 341671 350680 
4 322266 351027 340618 358823 325906 343958 344736 332826 323176 344341 343802 342385 323808 335369 332572 347139 325120 351966 346644 340436 320241 340735 344350 352912 
5 303906 307100 313894 315410 297938 320148 311186 312259 287853 308853 310890 316932 288348 293271 315680 312122 301785 313928 316281 310427 280276 309380 311163 304254 
6 346093 366700 370088 378281 338194 362060 373134 377436 346238 371335 374278 379890 339563 366588 364327 366836 340499 374453 372784 366156 340994 361439 366888 372198 
7 359676 375093 378449 377747 347559 374126 373595 381058 346153 372923 386768 377520 340859 364829 382893 362600 348483 377252 387929 372708 350643 366599 370805 371921 
8 293926 315564 320340 315260 300916 316614 313788 313009 295855 306525 319936 317956 283008 311128 304043 313644 291745 318085 304089 318713 290992 314413 312539 315361 
9 335135 357864 359202 345058 327176 355490 359782 358096 330669 359115 360656 351576 330708 350236 357143 353572 335421 347811 361195 365242 326224 356544 346514 353018 
10 325981 362333 357550 359258 318859 350854 351323 352095 327291 343906 354689 349984 327060 332160 346668 345340 326611 347619 354272 347843 318100 343478 350993 344184 
11 378117 398816 405819 398256 359791 389636 400891 384163 372630 394103 403284 392676 366740 385153 398851 389953 362392 397225 395602 394570 365645 377671 386878 396558 
12 331783 352276 351859 369163 328091 351135 358808 349965 337349 348113 359537 355840 332570 350999 349022 349354 333932 355076 356313 360674 331997 351825 347654 360082 
13 314048 340492 339149 340573 307348 326854 335250 335422 307929 333642 333266 330613 316802 332754 334399 335497 317637 335754 334557 346626 314305 330605 333671 333396 
14 369508 372527 366396 377143 357555 361349 380777 371436 358779 358852 378665 371556 347839 365377 368606 369219 347758 373023 374305 381361 349968 363814 368358 376582 
15 361992 382216 391522 390590 356473 369050 384932 379342 356043 383133 381287 379631 351197 376458 376440 375142 351726 373977 384290 393214 335580 379899 383615 375264 
16 343402 343407 345828 338274 327085 327358 336955 341750 321035 349884 336522 320078 325255 325128 331420 336269 317309 331812 326284 345148 312686 331105 326811 323279 
17 246994 258337 263829 261859 242890 259206 254567 259508 243901 252403 252551 257257 242025 251711 254300 250182 235630 255436 250525 258509 233206 245128 241982 254781 
18 297914 304952 288649 300584 277672 284793 296740 291734 278292 294081 298914 296061 275555 280185 292556 304696 282790 288380 294037 288975 267790 289676 300760 288143 
19 279589 302780 294079 276420 273590 298498 273615 290049 271003 295491 279619 294096 279120 271439 282084 291833 274914 287667 286628 293006 265763 277145 287164 287956 
20 357001 356232 371434 360794 354834 344957 360806 353060 335784 366768 356412 367518 343603 354220 355805 360931 349954 365816 360811 364584 349573 349857 348900 359710 
21 322814 319308 322425 312835 315017 308779 328948 320958 311167 321940 323569 326848 302073 318827 314411 316071 306256 323752 327393 329285 306841 305275 316489 324351 
22 289005 303464 298863 303786 287430 294823 304769 299306 286561 295531 301977 301767 285974 301000 297396 292744 292548 293544 297741 300947 290974 298352 293938 293275 
23 334922 340995 359520 349660 333957 340610 355406 342585 340766 350902 356172 353766 328950 337874 350996 346808 333973 349402 333758 340880 332963 345901 339181 346958 
24 320752 339056 367725 356159 333012 344492 365492 353118 332381 338219 358116 355130 335113 343836 340842 341706 333047 348539 347651 348761 320687 345627 348952 348749 
25 304298 342829 325712 322648 309254 332576 344468 348504 315828 333868 337135 336065 306658 328842 329680 330020 308743 326181 336267 335588 313710 321536 332356 331544 
26 330112 324410 335046 322316 307568 327010 315026 337979 315303 331743 317429 328291 302403 318529 327203 322594 307709 315612 340047 325125 304045 324582 323914 308838 
27 307769 338383 320906 331621 299472 336174 322806 317899 309392 329085 328781 328525 284941 305069 313476 322514 306259 316575 301494 325042 299180 330528 316130 324928 
28 293072 306195 315865 322245 289046 309896 316182 312202 292663 320996 313731 316972 281066 289007 297896 301501 286798 305822 306966 302820 292283 296181 304468 311009 
29 333794 348326 342829 320583 318084 335387 351771 349863 332115 341201 344378 343153 318524 327820 327434 331997 314236 331101 332611 335388 326448 331621 341317 341028 
30 299118 315039 311107 324818 296085 314642 314094 312643 297858 318229 313139 306831 294680 301989 306354 306636 302992 299713 313897 311806 287856 303762 310769 308927 
31 285100 303667 302204 305407 284998 304473 298081 299376 287754 294599 307122 305384 282422 294111 295540 296688 286911 301932 303818 289901 283026 296136 291682 298842 
32 286547 304060 304534 296163 290866 294997 291063 297204 292776 297163 293467 306931 290297 290627 302742 304938 294764 301212 297352 296828 287734 288667 290890 296255 
33 276595 301930 292778 301116 268976 291823 293256 289403 274105 286570 290926 284657 281758 284135 281034 287627 287627 283099 280234 293182 278238 274595 282681 291197 
34 309516 313198 312563 315850 308618 315310 312385 318160 301222 304000 306465 308286 288961 306351 309986 317159 299598 313386 306298 307439 293913 304205 304866 295917 
35 230713 245054 234537 241095 234259 239920 234585 238815 229447 230097 230582 240659 226502 236279 246767 232457 221541 229286 243849 230664 227775 228310 237863 230491 
36 331796 341288 339284 340370 321564 334646 342568 339113 326588 331541 336417 338354 331209 329848 335941 332894 327284 332622 334491 337219 328435 334044 336419 331262 
37 362784 363398 367662 358895 351835 349678 361291 364060 345120 364833 358881 367513 342878 351983 364822 367934 355543 362744 358056 352552 345780 352614 370532 358194 
38 260927 261212 254726 261926 254179 249151 254083 241470 244557 245148 246886 249991 240590 243682 248542 239175 244135 243871 251410 252172 237255 241235 250158 237990 
39 265308 270370 263819 267618 261315 263655 267215 266343 258048 266314 270364 270560 261133 266973 265614 274056 259883 265484 270450 270950 256172 266677 269631 268981 
40 271721 283364 286664 289845 266858 271677 286902 281504 270124 272469 280695 284597 275583 260479 275672 281890 269210 281634 277434 278848 267668 276193 273243 285796 
41 352451 356931 359175 364675 343747 349756 359290 366603 347814 366752 353467 354555 328807 354795 356286 354389 342213 355248 362099 352856 340904 359994 360771 360678 
42 328415 343261 359215 342763 325598 331131 339482 348655 339482 342830 337235 349245 326997 336025 339577 339370 327127 345859 340729 325455 324175 341682 344460 339282 
43 303815 313970 322911 326501 313802 329852 323906 321814 304995 309328 330102 325614 310021 318578 319213 323161 305004 328006 324349 323116 306696 316551 326802 326148 
44 295497 304571 304641 286189 289886 295664 304098 282394 289163 285087 299650 303441 284576 301133 295235 291718 278722 291315 300812 296522 278368 289104 288176 294271 
45 280633 299282 297032 297471 268786 299001 300613 299306 283321 293955 301411 307297 286086 293634 298886 298577 284080 295740 301281 303289 271961 285564 284374 290235 
46 258240 269150 256159 266148 259801 252105 256132 262717 255375 261946 261931 255515 244509 264325 258482 248833 245783 258940 253850 259371 244885 258581 255039 260901 
47 276479 284785 283153 285722 275222 284722 280668 283976 275130 285502 281082 281957 270484 281748 275378 281083 276785 272205 280761 280883 277076 272780 273264 277436 
48 276848 285942 289237 291062 278289 283852 285063 289274 287748 282501 286534 289918 277839 285699 287562 287462 281838 290767 284753 283784 280705 278751 283498 288983 
49 248994 263015 261599 265978 252300 264629 265361 262163 248290 257662 270066 262001 253407 261882 260571 262634 250391 259018 259292 262648 252434 259218 265465 260127 
50 287466 296143 298160 297112 288102 299782 296656 290760 287992 293465 298844 301813 284127 287879 288926 289824 285500 286233 292344 293780 287806 286820 289320 288526 
51 303745 308436 322656 324516 309449 316576 311580 309873 305785 314234 306198 310557 306869 311189 311530 315631 308049 314575 308784 314580 303603 307388 315077 301179 
52 278033 281645 281151 288465 267573 275722 279601 285642 274414 274224 282172 283215 267417 273405 276934 280183 274163 281032 275499 280179 264623 273644 276350 275658 
53 247446 252660 248657 248593 246192 247383 246770 251353 240136 253300 255316 251529 240149 240082 251533 246387 246018 247590 256201 251117 244822 247761 248996 250828 
54 270528 274003 272477 277799 253810 271935 265308 271250 259674 272230 254824 264160 261269 269891 261616 272855 260180 272008 267120 269489 258714 261086 269492 264737 
55 264907 280398 268314 278322 264943 267664 273027 277921 268873 262362 278202 274706 256485 272341 269361 271677 257112 274165 268419 273570 247773 268165 269498 261059 
56 324137 325325 331183 325819 298683 316692 324979 331950 303472 329057 313902 327700 313512 316482 326926 313609 301390 321791 322612 328579 299609 320827 329920 318238 
57 327391 340519 353725 349801 329034 354040 342873 340423 336581 345225 346018 347750 335485 346057 345086 339729 325861 338276 348293 348257 339054 335701 341834 346401 
58 294276 305509 303487 304652 289904 298700 302162 298712 289982 308091 308681 303962 284056 291053 302041 302025 284123 296390 309100 301718 289855 291923 296970 306353 
59 229589 242257 246330 266955 239291 243066 234018 249122 230863 242281 238557 245048 235165 247908 243752 241212 231718 244993 232326 247530 235983 237825 241785 242911 
60 294972 291883 284970 287968 277325 284382 292530 290416 283005 288448 294510 284480 268425 281176 290446 292348 276696 281054 293205 294745 282626 283823 276143 291104 
