1 290501 307497 314473 325358 295302 307180 307338 311990 286423 319695 311416 318248 291695 312646 304598 296242 288826 314322 316698 322128 283541 311431 312329 302624 
2 293432 323455 318573 323594 286248 305144 323899 312943 297999 315842 320325 324740 292085 312973 319228 302711 305508 318383 322282 316981 297903 311609 308300 314458 
3 327999 347570 355714 339257 308978 345558 354354 352016 314949 349152 340235 350394 309317 348295 333356 339643 317745 348567 345420 346272 318716 337863 345783 336286 
4 327651 355046 345412 354693 318890 349573 344082 342536 325513 339409 356646 352047 315067 344489 343900 345310 327476 342276 347558 356372 326371 339324 348819 345870 
5 299415 315649 317279 323260 293113 316170 307027 318590 293916 316200 313278 298109 287580 315485 311348 315298 292641 304440 307931 325746 282540 307201 314344 306998 
6 344861 373496 373677 364736 337688 363169 373757 380316 352148 381033 373971 378583 336708 356900 363507 369194 345043 358572 372083 366025 347109 365206 368137 372425 
7 353945 374500 385331 381358 348788 376547 384567 367576 356699 381805 375452 379160 348284 364312 372104 362244 348531 377708 378455 382589 356561 367068 373789 368310 
8 306740 318196 330372 317878 294348 317096 313606 322492 292190 312682 318910 322271 292767 309019 303993 315822 290019 303073 319698 315760 281740 301388 316501 309264 
9 336090 364398 361972 364915 333915 357314 347917 365083 325743 338761 364133 362984 324744 346018 363309 344229 338777 357033 363189 364138 322770 349228 353661 350482 
10 328566 351397 357161 360758 324418 348514 349164 358318 325316 338526 338962 356213 322723 344049 348976 350757 332605 353578 341826 352761 311171 335338 346234 344284 
11 365802 380759 397795 391712 356888 393488 400947 401321 377675 398588 387635 392462 367896 386232 392935 395268 364382 379738 398012 401665 359086 387934 389973 395129 
12 330025 349220 362189 360036 328432 362467 353674 354610 335172 350578 355136 348645 325972 351730 345366 351019 338026 358211 353943 357213 329469 347475 348688 356234 
13 309928 338647 341339 335478 309314 327306 323498 331175 316758 330853 332241 332629 295820 330962 334191 331144 316302 328901 336568 338683 314381 330086 336018 333796 
14 359435 370900 376011 368170 349757 374089 375140 374518 356212 367719 378309 374154 350000 349052 367411 361377 340509 370224 372029 381424 331276 368823 353044 366718 
15 370542 384786 378012 381923 363063 374344 371823 384721 357605 387729 386857 376322 355632 376582 384091 378621 353859 382919 382075 384083 358473 377804 375859 380803 
16 321398 348645 337840 346501 319628 329419 338434 350262 319944 333720 344469 334985 318382 339968 341772 317935 326733 327220 336744 335744 317383 333815 323996 342690 
17 245749 257532 250021 254597 242711 247515 259705 249714 247961 253448 258205 245207 241296 246396 248712 254937 242872 252440 254973 241472 232159 253121 243711 253260 
18 276725 287524 283418 306681 283078 308682 298620 299094 282987 290516 289430 297374 271203 301354 282204 285480 273267 301274 283574 299877 277445 290273 290875 300575 
19 279212 298112 301055 302226 278133 290687 284476 277439 275749 297189 291562 288418 275585 288310 293097 288830 278440 290605 272271 293407 271972 290976 285021 296631 
20 346847 357562 350303 373440 340850 336541 362596 361969 352301 359655 363237 366409 354582 360512 357766 366002 347396 360137 352468 363624 339442 348761 363907 346237 
21 311014 329811 321478 328080 306713 320763 319057 322407 309313 319113 325448 327776 305368 315758 313326 309650 308349 324824 321466 314324 301521 322748 316241 327996 
22 290373 289338 307734 304738 280536 293611 301992 296191 287421 299930 296944 288275 289818 289536 300885 300048 289334 301598 301904 302234 284954 297563 293923 292322 
23 335845 349050 356372 346478 337822 351010 348111 351080 329499 340275 343793 343795 314505 336808 349591 340353 324984 342315 345120 347294 317825 344243 346722 340238 
24 350731 350210 358056 364069 330873 345878 357616 354593 329560 333980 352489 331294 332626 339976 345117 341114 326259 348523 354987 329149 321886 344082 341002 344254 
25 321494 331594 347253 351178 323265 343905 332855 341184 326217 335386 336127 337114 313722 321474 328163 329482 310994 332973 329280 333546 314201 323174 330561 332030 
26 313887 321294 341220 316244 307158 323644 332834 325633 312164 321257 326136 325371 311872 322142 313268 319831 298947 332207 332990 322323 307304 319576 317012 318744 
27 315470 329755 327129 332180 314826 320208 341860 337028 307008 314733 313980 320815 300027 315744 303697 312408 301902 321588 317648 312368 298164 315639 323933 303040 
28 293088 310279 319492 317258 295622 307319 301877 306532 305664 305012 324488 308265 300779 311404 317580 318032 296064 295176 314554 319346 281539 309374 306857 308431 
29 338565 341271 346917 355035 317682 337557 334689 331798 321030 334422 338631 339313 317606 329838 327319 333156 320569 338989 342206 332628 306427 335080 341928 335226 
30 293934 311984 320346 306688 298253 317236 303918 314140 306006 305200 310766 315412 298743 309929 309296 316336 302381 301818 311502 310865 295358 308599 308620 305938 
31 294802 306848 309832 312466 292596 302791 297234 296805 286426 299902 299652 299560 284720 297607 296571 297124 286812 300966 301175 302314 282538 299589 299655 296177 
32 286050 301731 303649 300270 286092 306463 299660 299179 282494 295326 295071 306594 282612 292175 298312 299214 290153 293084 304677 301658 293742 298040 296751 287620 
33 279432 293731 289001 292657 282632 286421 286600 295708 280988 280288 278011 298156 279120 285150 293999 290341 278743 287042 280386 284435 274644 278604 291810 292109 
34 311526 324099 319861 312935 306260 306949 312595 309463 303910 305840 307766 312614 297632 308014 312670 308160 301242 307141 305474 304195 294848 305081 299053 313482 
35 235746 250889 234107 240543 237638 236151 238737 242094 229323 229929 234378 248889 228398 233370 238556 239297 226188 236179 234925 227194 222332 239651 232869 232470 
36 333491 330136 336028 346354 323472 336688 324014 347011 328725 332352 339542 338756 317121 337662 330526 328831 330771 325391 338758 335669 321363 334143 333983 333306 
37 339915 377137 373753 370012 346481 373774 360897 350171 359176 358603 374171 362950 330972 351218 369432 347866 343814 370825 360128 364961 339868 361037 362921 366329 
38 246238 246459 251743 259897 239115 259866 254167 249576 242506 252962 256055 247462 245439 242316 254580 248131 246553 246010 246908 259414 241232 246383 249067 244403 
39 268111 264334 272524 269381 259599 264909 272436 274358 262812 267552 274784 266117 260513 268633 266533 270605 261306 262735 261436 275383 258632 267861 262920 269578 
40 266013 269803 270922 285508 274387 270525 279534 283203 270356 284679 272001 280019 260361 274751 280131 276006 265311 274526 278800 276026 269044 272772 276982 279078 
41 340952 347894 362633 355803 338052 361939 362284 364891 342406 357233 370058 356308 335538 348169 355415 364054 333474 359110 358509 349562 346993 349783 346669 357143 
42 338243 344872 344185 358101 335223 347088 345396 354682 332762 325921 342306 348173 330582 337340 343286 341527 330964 332501 343181 351070 322467 338744 344657 333620 
43 320335 320707 333526 331113 305652 330523 328138 323551 303127 325154 317551 329482 294671 321916 316542 316096 303164 329380 321519 329089 307861 320818 307743 323017 
44 290963 282304 309921 301450 281116 296471 301136 305148 290218 297799 303497 295611 279514 291014 294029 298232 279101 293304 297702 301538 280104 290758 303500 295272 
45 289593 303578 300774 301938 270806 294227 298041 299713 283352 293844 291237 295310 282456 287783 292447 287542 284588 290787 283700 294739 272579 286319 296097 304914 
46 259018 261024 272087 238163 256824 259346 263250 265034 249945 262898 261376 262194 249317 261060 257350 257368 246198 259660 260883 258607 250811 253135 252150 256982 
47 284691 286188 271291 286346 274909 275793 277503 275972 277884 276203 283694 286697 271785 275643 273627 278996 266282 276633 282077 274697 266775 280854 275649 281263 
48 284151 296149 291854 288852 275284 289492 283095 287985 274016 284524 289640 291078 272860 280660 285238 286722 284365 280357 287528 288776 278491 281305 283886 283613 
49 248428 258737 265459 265313 256008 262685 256868 262811 246619 260268 262149 259934 251960 257803 260581 257631 255176 259124 258855 263172 253806 256639 265020 263741 
50 288098 302270 297999 290713 283103 295452 295257 292459 286171 291480 294258 292074 282646 293103 292873 294328 286693 296403 293277 296556 285674 290121 286104 290667 
51 305600 320748 315030 317447 296670 312601 314456 315951 300742 304394 311757 308067 304317 308197 311439 308976 299879 305928 313209 320098 302884 305887 314725 307160 
52 274047 279937 276147 284745 271654 274999 278858 281558 262157 272860 273945 266079 267302 276254 274911 272265 265564 274072 283279 272408 272144 274170 274117 276484 
53 242666 246697 257462 251686 239543 247042 251595 261861 240510 245737 252794 249762 244057 245289 256789 249985 246474 249018 253375 255566 242419 245204 252059 246742 
54 266864 283851 268147 272153 256813 270617 270229 263580 259072 261958 267968 266360 260139 268699 269070 262610 259863 261369 266309 271857 259374 262118 263394 266348 
55 269869 273201 271901 272102 266374 268209 262802 275247 263651 267790 278746 274221 257128 263978 264388 271716 257862 270109 267229 266396 263143 266540 267324 268326 
56 314185 326850 319589 330087 315616 317293 341658 332292 319445 312558 333748 314967 317445 317083 317943 326717 306348 314772 319410 327297 308974 317227 336204 318709 
57 323220 348597 355924 349846 332010 338589 348737 348685 346580 338557 346293 348041 329200 344581 341825 345568 331311 346217 337854 338486 330566 326323 339982 342148 
58 296900 301333 302322 304230 285970 295202 308612 308755 288741 293715 301075 305434 290156 301332 307112 302100 289080 305756 305404 303806 288410 298614 300743 290394 
59 231916 240183 253969 246545 234346 241768 251559 245580 237455 245804 241274 234420 235993 239076 233249 242942 230979 245768 242589 240582 231144 238287 241396 237917 
60 281926 276714 287641 288694 265185 285380 291580 293731 269088 291503 295283 288577 282760 280431 286627 289123 279906 284149 292738 284257 266584 289689 279950 284707 
