1 303238 312944 321678 298768 305711 304526 319172 315392 300902 315288 328219 312085 285012 308250 314648 305116 289540 310634 312617 310636 290557 299352 315488 316726 
2 294576 320503 326077 326571 292371 317360 316539 322680 299031 316233 313593 330836 295846 306278 316141 298019 299408 313583 311530 315875 292326 315130 317399 310250 
3 321894 349777 352780 354394 319965 334631 345084 347170 313100 345669 337416 349527 315478 343643 352743 341713 311642 339763 349463 332798 304659 336133 347998 339801 
4 335122 343382 351780 348392 332475 353166 347290 334589 325538 346141 344439 349361 328617 345810 350345 341225 328767 342108 356069 345759 324695 329839 343495 339168 
5 291815 321890 318730 310156 286815 317656 318311 317190 298771 314975 319839 316867 282881 300501 312537 319564 290293 300719 315351 316733 280817 303269 307434 313536 
6 349169 374160 373103 369698 344178 356070 349146 371063 345794 365471 365025 375939 343296 368117 368370 345128 346605 375949 358006 367888 333645 351268 373798 372486 
7 348352 375137 383189 389857 346068 380029 370565 384814 355355 368710 379992 376598 347250 383009 378396 376088 360343 371844 380212 373738 350809 364625 376987 378907 
8 302373 326106 310474 323196 279987 311948 323120 315968 282920 314290 318380 321238 288690 308542 303487 307174 275853 311053 298145 306444 291040 314487 317354 307209 
9 344604 344639 364743 365617 338012 358138 357614 357730 329028 364639 356802 340096 325878 347937 348615 360418 332538 354448 357721 356312 325227 341576 357815 355738 
10 332282 343400 346726 345674 317442 343082 350844 359940 333918 353250 349186 354369 332428 344905 352048 348232 316666 350009 342466 355486 318802 348404 348188 355470 
11 361298 397099 410253 408349 362400 398329 383337 400579 358720 389121 392090 399244 361714 388920 394985 396646 365386 382072 385219 400069 360697 391060 383908 391523 
12 323514 358313 355836 357404 330388 351268 345096 350818 328184 358964 354152 344258 323656 346430 356234 352003 332310 351625 356233 358925 329592 346865 353924 349972 
13 323923 329211 332721 339209 309938 329363 333025 335154 316195 334247 339957 338422 313728 334956 337292 330874 310994 335316 327923 322690 306302 332899 327325 334846 
14 351339 359502 374229 369884 357098 361474 376150 374094 347974 374952 370046 355197 350604 365191 359764 373349 352068 371475 367338 373122 354788 372287 371982 373199 
15 367251 380138 379732 395972 353740 364186 392842 387938 357834 386981 384529 375681 352487 376566 383057 380219 364251 386478 384487 387686 358015 368595 379583 374766 
16 334341 325933 337680 347232 329625 333710 334172 355895 317064 343899 335427 338639 318368 335956 338618 341750 311173 342258 347326 345812 319662 330575 339776 344638 
17 236136 253579 251563 260279 245551 249218 242792 262747 240544 253794 253289 260232 237193 245246 252562 255920 243356 255069 256440 256921 244410 248805 249921 256782 
18 290538 296534 315840 298794 278887 297694 287406 294486 278843 295334 286664 292399 269970 294125 284195 294286 285676 295156 294807 295958 283459 291186 279846 284398 
19 263258 292397 294565 302620 282380 292019 299722 299416 277222 289108 283580 285168 273941 278819 296105 291654 283123 287103 282257 291528 272009 280681 295438 278185 
20 358755 366414 368182 359015 336109 353585 362556 366265 336478 351929 357199 352585 343790 342205 369057 354564 352823 355743 354258 360930 343426 346136 344816 356543 
21 304729 316762 339193 331159 307851 320728 325857 325066 301426 320495 321779 320647 309499 320493 318225 314364 300668 327604 330361 316877 301785 319252 307763 318806 
22 285258 301077 309514 307307 285980 293415 294551 296868 281578 290107 301999 305532 284250 294006 294245 282518 288689 298845 298756 293270 269617 294739 295467 305068 
23 330180 340117 341830 338713 333386 348351 338208 347105 331958 343999 344376 352972 335353 349678 344330 337796 331899 353126 345278 341946 328543 349154 346686 339740 
24 336121 349988 345819 356029 328599 358002 362751 354284 331901 330718 348035 350276 331666 338028 340893 335338 321142 363894 336543 345535 336392 343003 327200 353280 
25 321512 349288 343423 344304 313188 326443 337694 338062 320045 326728 318753 340924 314663 320999 321710 325796 312467 327357 321887 324986 320620 326073 332647 326599 
26 312524 318864 332054 329364 311859 319037 294047 324408 296920 329892 324616 323517 297223 320716 322507 303967 312280 326720 324892 324422 311139 325634 324516 320173 
27 314335 340669 327878 320232 301599 319583 312163 325873 297748 315210 318455 326028 304413 311638 309503 325046 293549 309116 313699 315381 299408 310422 315655 325269 
28 287846 313020 311927 311030 291030 308586 298416 296297 283557 312469 322553 309634 292989 306831 314979 306879 284939 304029 315338 313667 293024 310525 314114 305148 
29 329227 333994 353132 339096 318532 331262 340977 327120 326329 328930 334245 347073 309645 335278 330885 330776 310928 336446 339957 344252 313940 332490 330559 339741 
30 300323 319336 320668 315594 297962 315997 316540 315084 301315 311182 313468 323356 298353 302982 308851 304070 292615 308082 311752 314969 285056 310474 309429 311768 
31 295097 310355 299326 310975 285969 297188 297187 298246 296407 296392 296789 308771 283941 297504 308234 303646 288746 293970 302019 307446 284102 287478 297357 301382 
32 293757 296817 300896 299273 300221 294766 298308 299692 295976 285686 297446 291144 292556 292785 296157 294898 283413 300078 301599 297799 283267 301709 296477 295718 
33 289463 290372 284026 293110 277876 288914 287441 283749 278464 286338 296532 292989 284104 283937 290383 289151 283698 284809 282030 293923 273064 284121 281898 287814 
34 306741 324459 314043 321250 297531 310612 306569 307697 296009 307849 307635 305175 294921 306894 312622 305888 297549 308538 308340 309829 298120 308773 299837 311925 
35 226867 248440 252682 240541 230458 236023 243517 241115 222671 227686 232691 240832 218785 233244 239651 235396 230201 227942 235179 237142 228408 228974 238805 234448 
36 337271 336751 338704 343822 324098 337999 337384 339203 330831 341079 337155 328177 320805 330088 325735 321911 316284 330385 333516 337572 328380 335022 332043 329263 
37 359352 366454 368635 374176 340916 369360 367104 369725 347210 363628 364715 365536 355418 360619 364630 353861 337877 360627 369659 363962 343596 360434 354258 366221 
38 242393 258206 251319 256077 239232 244675 253872 254797 241203 245838 245925 251038 239680 241065 248443 246871 242577 246655 252585 249978 238946 246237 253707 246113 
39 258603 272755 267315 282264 265326 270508 264941 272525 266098 268879 266534 272910 263919 263457 269913 266830 259307 268230 262740 273258 259721 261867 270657 266878 
40 257480 274982 277176 284292 260830 288435 276444 276461 269009 275076 269043 291681 264579 277689 269343 276603 268828 269603 273838 277102 270431 282729 277554 274978 
41 326144 366955 364947 355242 343281 360446 362578 358525 351589 358450 351275 369598 330382 343892 349581 350248 344775 361339 357553 357539 328488 355152 365714 357297 
42 341247 351293 343267 336068 320372 345898 339869 332604 333351 346423 349816 338667 329814 345668 340052 327740 325482 349258 335836 340059 329107 340521 350464 339624 
43 321194 324080 326252 337303 302151 324321 325527 328995 312970 316348 329770 323663 313795 318189 315864 320302 308478 320218 324121 325309 304464 315373 320092 317315 
44 298043 296888 306736 296281 285438 298412 306592 301747 290789 297449 295150 289362 285259 289436 292319 293506 281911 301796 306313 300746 286548 285397 299303 300280 
45 280782 299150 298045 298951 283343 304817 286400 300991 283827 296600 298602 300153 283489 283703 286956 295024 280947 300050 300873 296420 280527 287010 287870 303216 
46 257828 256136 264703 260611 248968 261033 264526 254513 253447 260525 261744 262849 254440 254225 257846 249741 247372 255441 264223 262430 252698 255372 255984 249560 
47 278437 287151 277945 283146 272848 280743 280662 283380 267809 279713 277378 282915 272903 276264 282164 283532 271310 277718 274657 273972 267229 278436 280681 276586 
48 286567 280216 288816 289251 276599 282374 283967 293557 285323 287776 294757 290053 281223 281520 283039 282384 279506 276867 283586 288196 279051 278350 288870 282190 
49 257107 256119 268670 272233 247946 263700 266896 258101 255718 263873 260777 259368 248565 260256 261826 265393 254605 259347 258719 260312 248601 256120 255085 260935 
50 284910 289500 297546 301673 283863 289090 289535 299818 291800 297215 298213 297628 282368 293731 291552 290323 283966 294940 284822 288785 286348 292774 293891 288954 
51 310475 313781 316845 323389 296126 315704 317839 307482 302379 311676 319415 315804 298141 309045 317846 306102 306051 311072 319027 310027 300506 307474 309245 312972 
52 274203 277834 280664 278564 275898 280903 281526 275955 274246 266915 277741 274561 267630 278150 270393 278063 270402 274081 278989 279434 270615 272615 278476 273248 
53 246378 258944 259552 262667 241935 259002 243164 249812 243845 253934 245337 251603 240750 250931 247095 243826 242096 248512 249877 249739 240468 242350 247978 250007 
54 270047 272308 273579 265171 261525 262412 266771 271841 259704 264937 267417 268761 262208 265824 271655 266394 263000 267866 253715 276628 260945 262821 264191 271366 
55 264131 273573 279968 280005 257805 262458 268942 271950 264696 266308 270702 269575 255844 265666 269338 268984 261555 272464 267717 269836 256003 254583 271221 267447 
56 320720 323993 332667 335719 313465 328134 320939 328087 313201 318990 324073 329517 311006 322191 319772 327559 315851 323195 319129 318985 296119 308680 320228 323831 
57 340750 342019 352521 345302 331160 339247 348214 334078 333642 344015 341147 339746 335020 340871 337340 350847 335144 346007 347960 347006 336461 340856 341451 348685 
58 298013 300944 297157 301403 289582 305340 290266 297689 288720 283695 308992 303382 287669 302706 306034 301995 289600 301165 289506 303638 283906 303191 301556 297246 
59 235427 244548 249762 244548 225565 241155 242437 236480 235468 241009 240385 240796 235450 235433 244023 238480 230911 240951 246076 243991 233800 227886 242402 236663 
60 283498 294674 290681 297958 269822 290889 288358 293201 270880 294084 293248 297961 272068 282709 287238 292253 286096 286619 284468 290496 283788 284517 290099 284851 
