1 297437 314814 321705 332476 294037 320779 319656 323414 285044 323822 317885 320288 301397 311017 315611 313668 280573 312597 317601 309320 283446 311413 310882 308316 
2 303541 323015 314594 315301 300638 318875 315262 320260 301348 319119 304925 310373 295903 321049 321054 318191 299842 315794 318245 318898 294142 316274 315989 312088 
3 336020 358099 355199 344337 313046 345531 345798 341917 318486 346986 349761 354833 314428 332184 344702 350970 318440 351287 345636 343284 307496 326885 342345 338423 
4 329498 345783 345782 344160 321286 344181 350834 343044 326069 345651 350515 339795 315083 340150 340798 347374 320757 345146 338155 348951 317669 339470 338606 329403 
5 297499 326121 321483 319425 298701 306496 313348 320535 282282 310225 317507 308209 284047 304209 301363 321458 291942 314657 320540 317763 288476 306964 313018 303002 
6 350242 370999 369118 381076 349118 359631 372083 366622 326118 376508 369185 371852 341228 363579 362460 365380 344885 369834 374397 372695 339402 362141 364932 375044 
7 367302 379566 388896 379198 354675 382308 381103 362307 341353 381056 373878 380823 348983 368089 378144 373972 348071 377839 380489 378252 346683 371765 370601 377667 
8 288700 321323 313325 320927 286507 313794 301722 309533 295438 312475 312730 320315 279067 296060 315050 316022 282979 318187 311729 318882 273492 314427 309025 307916 
9 343167 360638 369912 360133 327723 354200 356558 365887 318098 347793 357546 362601 334325 352877 351719 358138 331901 356037 362779 348841 325085 342656 358469 353596 
10 328072 347425 352696 343678 321289 349700 354582 348105 310734 339926 351684 353693 317477 335292 350519 346777 332272 351531 347311 351777 322947 333019 354638 345222 
11 369768 389303 405335 403970 368842 385718 397975 387307 361877 400743 396010 369738 365650 390968 389682 389882 368967 394414 399496 399911 365939 392456 387673 373509 
12 327377 350816 362989 362843 326387 340642 357669 359920 334157 346496 355807 366496 326561 339525 338821 348818 326062 350130 349673 355598 328545 348845 353606 355337 
13 313972 333151 335331 346005 309826 323093 332497 340160 308816 336586 337349 334472 307035 313477 338848 334318 311438 335389 335332 330554 300740 331002 331532 332723 
14 353095 371136 371457 373926 349134 368821 374696 372827 346695 364799 378416 374965 344211 369576 370441 364898 355103 373097 362055 369067 342854 361976 357516 368201 
15 365053 373706 390176 379623 358450 382169 366967 374368 352979 377033 386182 377164 357548 376017 382313 377654 355938 372701 370594 373402 355454 378295 382101 380010 
16 319966 336777 345877 355281 324841 340676 341622 354962 326888 345399 334647 340802 307163 331744 340779 336278 321366 320278 345579 338997 319546 335225 344654 328451 
17 234607 257942 259971 261892 237830 244604 252092 246929 239566 249985 252958 245266 240898 245847 249975 247830 237750 255624 256015 247791 243968 251287 249123 250232 
18 278877 315886 311874 312912 278971 309100 288100 284703 277553 301871 296410 295530 285932 276359 284895 294821 275238 283817 293347 293755 282174 298095 299281 283798 
19 292330 304038 300728 311912 274691 289929 298149 291682 280108 296765 288020 292278 252364 286890 295413 271660 274014 285482 279351 297029 278179 299566 293357 287196 
20 349262 360517 370176 369197 351883 365763 373037 353542 327320 350985 355095 360063 336476 359775 355234 350391 346137 350352 358472 365911 347792 352062 342812 353483 
21 312941 328514 344868 328350 304469 323145 324950 334211 300431 325875 324168 314736 303809 317918 310961 318526 295774 324158 328171 319263 295418 318656 316420 318641 
22 283682 303718 302542 302237 287690 297426 297845 292923 284713 298806 298611 292259 282862 300950 295779 285498 282844 293032 306697 300563 281252 299510 294149 295929 
23 337241 345328 356316 354103 330083 348424 338142 357478 326628 336950 339672 352597 336276 342112 351623 347433 332721 354522 342501 353431 324390 343208 332289 343189 
24 337161 355598 362418 347957 327564 351254 351108 353231 330697 347475 334203 339742 314433 346613 342054 346087 336795 349624 343495 349082 325637 339492 360907 341089 
25 326919 338581 333523 333881 328354 328095 341249 336165 301682 331800 327240 333642 310151 326335 317476 330375 313999 339217 339528 333226 298858 314723 333948 324440 
26 309831 312648 338997 337768 306688 328434 334886 323844 310833 326628 320966 333248 313927 329179 322671 316598 307132 322016 323445 324170 291341 323845 331339 321910 
27 309702 321773 324454 342448 316537 319627 310995 313214 301511 326034 324197 326133 304323 308192 310338 325874 296253 309665 303586 322310 302650 327821 320117 309738 
28 290249 312499 314778 306531 291756 315293 314055 306787 289529 312003 313561 306604 302514 309706 312922 314095 280024 314420 298304 312380 288898 302347 315932 307016 
29 327996 344906 338064 340027 326735 339383 336162 344292 325139 320829 339794 333149 325444 340126 335367 336807 324793 330751 334353 343975 318499 326981 339995 338925 
30 290874 315250 319247 316355 291477 312905 309625 311498 300131 310064 310718 307430 300558 300554 307131 314997 298302 305104 312044 318996 292990 306961 303021 301141 
31 291338 311505 305376 300488 289630 305873 296655 309537 287368 306448 308425 302599 284927 299535 299960 303189 290436 293692 304183 299441 289619 287763 298202 293122 
32 303279 298695 294979 294194 293901 300921 301073 298917 288478 300697 300824 304550 292726 296648 294914 299177 285284 299973 302397 291654 288653 291737 300043 297057 
33 285111 288024 309799 295704 277446 287410 289926 288416 280812 291532 295220 299555 278308 285512 276541 287365 282086 286907 287284 288568 271881 279447 277571 282583 
34 307072 311482 311783 323953 292656 315074 319758 312131 300944 297472 314973 311752 292766 306055 305548 302871 298367 303056 316971 312974 299812 299871 313730 304107 
35 238517 247235 237622 238953 238615 243302 238524 244837 232517 235765 239724 236275 231143 233365 238637 236694 234015 234833 242175 234568 227352 233894 242612 234621 
36 334478 335235 335187 354544 323767 332471 336501 343576 315721 328698 345023 343233 322000 318394 332451 340635 333367 326284 338154 326146 322193 329782 330141 330874 
37 343168 368534 375696 376373 343543 360831 369072 364400 354085 366880 363520 365253 349178 362209 365966 365534 357988 353032 357009 360353 340100 351870 366437 353851 
38 247652 257211 259704 265553 238367 251682 256292 253442 242429 255788 258796 258952 242695 235909 244604 251644 243646 249869 248359 246760 241793 245464 245165 246287 
39 268859 279288 273883 274561 263282 256572 271720 267236 266045 267020 270482 272670 256952 267621 264203 267739 259411 268543 270726 271826 255792 262827 272632 261829 
40 267529 277730 283020 283275 273997 281128 260924 274230 268908 268993 282191 276307 263051 270517 273189 273670 271512 275311 279023 282028 272939 271826 267357 267513 
41 347643 362985 366128 356857 340822 356534 373423 352664 337367 363577 350513 364461 342064 358071 362872 363792 342752 360982 367856 362856 341194 351796 344777 361845 
42 333931 340905 353615 341120 325436 338580 357500 348009 332141 352522 349656 359067 332710 340762 348294 343273 330677 336265 343460 348028 324142 342602 339238 344183 
43 321121 340909 328624 333501 306997 319974 314561 332540 312596 291656 329901 325352 310601 321466 306528 327244 307532 328538 319376 328144 303316 320668 319802 317804 
44 290344 302647 303198 305237 289413 296060 305022 304264 285728 304405 302178 301215 283051 298246 290396 292545 284931 294354 306831 297059 288558 291224 298719 296436 
45 285789 299538 307689 291033 284131 287314 304407 301102 289090 284660 300816 300015 272706 302146 297452 296358 279301 293528 286991 294777 277682 290290 299646 282327 
46 257267 261868 253978 264824 250596 257720 256281 274854 250284 250309 266201 256271 251119 259360 265166 261948 249228 251286 259637 259259 247697 257986 254687 256928 
47 275169 275804 282798 287468 273800 281193 275846 285738 277903 272414 282197 280976 271630 275947 280421 281730 271878 273544 277892 280304 269060 277270 281075 279952 
48 287107 288217 288248 290802 282534 285725 293747 291497 284559 283358 290563 287503 278647 279388 281679 283010 282349 292956 280669 284705 275903 285482 284611 285667 
49 259907 247676 266083 268318 257672 265227 257430 262806 258353 261403 263146 254123 250391 254692 260404 256895 255246 268898 259454 259884 252917 255082 259126 259378 
50 285721 294958 305102 298066 285596 288908 295852 292895 294357 288817 299568 294773 284095 287459 287402 292804 290588 292986 293942 298048 289550 288703 289547 289710 
51 318614 307861 319436 315145 305855 310416 301486 319423 300128 316615 313094 313639 297555 309346 312174 311522 300841 314271 308276 306420 297041 311162 302457 310391 
52 269775 284552 279157 277745 270005 278104 276998 286560 262984 277189 267490 276372 269344 273052 274823 273240 268097 280356 273037 272091 268504 273918 277451 275205 
53 248644 251260 254636 256854 235193 243883 247825 250414 240944 249602 247246 254378 243179 242464 251999 243883 245558 249328 242322 252599 242939 248983 246706 247736 
54 254388 271420 277908 279812 258640 265598 270881 261096 257554 273649 269079 271483 262190 269151 273749 272857 260937 264937 269653 277495 259053 261631 263427 258469 
55 262520 279880 270225 286061 263416 263554 267269 271737 267815 272512 270211 265876 263414 264484 268413 267244 263508 273794 275384 275698 258221 264156 268751 266816 
56 308093 319651 331804 338301 315985 330188 324565 315350 308332 327031 321469 315077 314358 319071 331776 318156 306730 317148 322718 312626 309006 327817 322918 322946 
57 328927 348685 350436 348685 325604 335272 341702 356924 333958 338375 337889 346301 332434 338520 344376 345686 332879 346735 336998 348685 329618 340336 333316 334760 
58 290161 295658 309878 301294 294911 304473 301804 299238 299028 306238 297747 303886 280466 299243 295539 295946 296132 300439 301145 311149 275535 296889 295115 295808 
59 242468 252519 240834 245460 231403 247697 238101 244318 233395 243224 242880 240709 237308 238702 245546 235237 235540 241062 246734 246236 236262 240688 239101 237386 
60 286313 282026 301101 302362 287972 287472 283819 283729 286280 285046 298776 290288 268290 275324 289098 291378 279020 291047 284149 293875 274356 283291 286199 290858 
