1 302805 324770 318699 322083 287297 310021 306185 311554 283962 316579 317254 308850 277859 307588 316432 298322 300377 309415 313032 303716 281791 302959 312759 316300 
2 303132 317474 324170 323702 303931 308370 313780 320752 292675 323867 316144 307817 297534 311683 320395 315165 299670 319732 306042 317665 291184 315320 312073 318477 
3 326635 356262 354789 346220 312028 346378 340657 350492 319550 347447 352431 342978 315696 339034 345224 352259 318843 344627 338327 352441 314240 343316 335252 343626 
4 330674 352500 357400 351782 334670 335172 343622 351932 317164 334048 342209 355390 328186 341627 343505 348212 326723 346948 345057 353182 315823 347068 343609 331730 
5 292213 322734 308341 320159 289142 306666 316698 321094 286124 323024 318391 311625 280215 310552 315260 313713 285742 314051 311353 320794 295034 299886 315580 305098 
6 339860 359723 364236 378002 346497 367090 364278 376588 357540 365540 365982 369243 349758 361491 371353 369013 347182 362649 357289 362193 329052 361020 367203 363673 
7 353080 380418 387634 391110 346705 371264 381837 382384 345442 371976 385341 377137 347294 369392 377731 371069 353289 379073 358765 378754 330679 344824 379614 374001 
8 299787 318160 324432 316174 289841 314612 320827 322479 291477 310883 317818 323361 289761 313978 311729 316305 297825 299661 314823 321682 288083 311574 305163 304943 
9 340849 368573 364816 369010 339386 354748 356048 359673 333498 342567 339451 354528 334785 350402 360292 356765 338068 354804 365938 350787 328874 345899 350002 360046 
10 331971 350614 356618 340332 320405 347601 348672 348107 325393 344534 359616 342883 315344 343773 357324 346321 311597 343626 343142 353702 323129 344215 349484 346698 
11 350305 373070 402588 399245 352130 377051 409136 391106 375272 382243 376448 400414 360701 388713 392682 387904 363000 394759 390917 387907 361167 389221 391945 395461 
12 326272 356380 359116 371527 332323 353248 350089 361788 326556 353251 358152 360335 325320 354495 344085 352091 332018 358190 351369 354254 321003 353668 336981 361359 
13 319724 334551 322716 335541 313045 332994 330822 341215 314605 327123 330767 342582 304081 320723 334443 331930 307129 324841 329757 331350 311862 331302 335411 330533 
14 351173 374100 369658 388026 350089 372775 378657 378834 357651 373505 378171 374137 354401 367563 367137 369432 350325 373270 381560 378453 352985 365834 365901 365628 
15 358864 376917 392041 388390 358362 378321 380201 378005 356972 377809 386722 376807 345966 375546 380516 383494 347257 377583 383710 382653 355610 373208 377782 374777 
16 318450 322831 344182 354322 329819 352379 337258 335613 308231 336103 348786 336664 314572 336892 332203 324505 321791 344348 348962 333205 314144 328692 321351 341630 
17 242836 262736 249580 268364 245707 245260 243813 249710 245033 251875 256503 259441 235332 253211 251293 249332 236741 248720 255137 262173 247930 240790 250727 246741 
18 284746 299879 310429 307465 281963 290614 305988 286171 290189 294697 300619 296796 283429 290013 291087 279232 278871 288290 286673 291878 276779 287910 279798 284662 
19 276026 302685 292740 312838 276625 288956 297877 299100 293241 295194 288335 305924 275404 279135 299549 287624 267533 289433 286345 287349 273637 272063 279362 295610 
20 344805 353802 376933 370856 342282 362304 369307 371468 346794 361257 369701 360048 351016 336592 366346 357686 336253 359311 357496 364819 333472 349653 358124 348324 
21 315607 317691 328275 331582 305782 322551 321012 330024 312281 320614 324379 320748 310902 319958 311010 320959 310957 326840 314676 322329 297740 320881 323051 321020 
22 291812 303677 304572 302868 280967 290791 294850 294397 288735 302496 301682 294842 282002 291921 292419 299644 288760 292226 295364 302346 268084 295448 295412 296497 
23 344112 336157 351430 357894 336127 349691 345989 351419 336273 351915 345214 342683 325049 336386 350391 341348 330647 345531 347202 343808 329495 341149 340089 345031 
24 346992 363108 359659 367496 326900 364081 336625 340605 326264 353469 354526 353809 322662 350776 357493 339215 336530 345803 345190 345604 329479 346807 336067 343387 
25 318041 337678 337056 338493 318384 333678 326839 338799 315578 326736 330820 327743 322319 336863 337142 335376 314793 330934 336730 317896 304287 332019 331295 331947 
26 312399 330962 326492 324492 323234 329582 326840 333382 319728 325933 331452 315121 303051 327198 320990 323939 311638 322290 316694 321900 301111 328800 303885 318378 
27 314052 320747 331940 342685 305242 326317 319182 320694 304909 320852 310133 320306 303381 317952 304856 315949 294476 315700 329790 315603 305167 320167 314594 305043 
28 289333 307734 310467 320105 295262 303858 308818 310405 296424 310818 315306 304481 294323 305273 308826 309057 296845 311083 300340 311036 292425 303673 312039 310297 
29 327256 343406 333352 352219 313225 331308 347332 327363 318572 332618 344041 345175 314958 328563 322037 339063 322682 332877 339560 339018 312961 327808 336536 338179 
30 301113 314036 319489 317206 298822 308529 306220 303206 296370 316495 316458 308899 290892 302576 311376 302186 300462 303380 308343 321153 287398 300161 305284 301794 
31 299480 292435 322024 305444 284590 289644 300604 307189 290987 294963 302118 309741 288191 291794 300019 293315 286550 300360 296978 302567 284730 303728 292543 294488 
32 291914 307924 304630 295880 294227 292588 302914 297721 285469 306312 296657 301985 289811 293036 296181 299902 287218 300835 291543 307485 292242 294732 292839 294227 
33 284100 286282 293735 284980 275695 284423 294205 288066 282142 282296 286610 296464 272585 285480 282949 284222 281404 296889 290471 292764 280430 286167 287394 289315 
34 302824 313787 307848 305514 298868 308977 310488 316021 300585 312782 318321 307564 297274 308292 306235 312660 298374 307195 317300 305997 300519 301273 313377 302994 
35 230263 239646 242785 244738 232497 237066 230063 234238 223895 239691 237474 244969 224909 233923 235066 237842 235278 230644 227342 240621 223624 227074 224793 230730 
36 325242 338848 337961 344652 330794 333499 326000 346444 324832 329361 336150 342199 317864 336411 337285 334226 326121 332998 340212 344025 318063 332565 336583 330006 
37 359249 364357 350432 353109 350315 368690 354455 375181 342798 365656 367931 373709 347160 359240 358153 363562 354570 350430 369792 362215 335917 345822 372006 364716 
38 247829 262558 260713 249227 244113 248348 255387 251962 246237 249081 251309 255575 242859 244559 253445 252777 243311 259080 247047 248323 238400 245608 249749 251568 
39 261799 272783 267591 265964 261643 270717 266377 274884 259657 263537 265408 272445 253157 268966 263666 273308 261744 270054 271360 272852 259450 259736 272282 269047 
40 278780 290065 286299 280538 272069 285717 276970 287724 263277 278670 278128 280264 266884 272094 274966 272746 257092 278007 271424 284686 263331 271323 282472 276805 
41 351536 363606 366666 363767 336037 361610 358297 362731 344119 369901 358713 355905 342235 346196 352849 354538 343375 359739 352664 356595 344103 353306 362352 352363 
42 322973 351936 356477 343489 337074 346835 347430 339741 331070 352225 336674 351173 320309 333755 345330 342362 336700 343231 335122 335698 327772 336800 341364 344522 
43 307697 321202 337019 325129 301086 325009 331954 329914 309030 324558 325439 314957 301521 321811 319639 323031 308599 320279 324706 325879 304208 322652 318803 323129 
44 291780 296683 306206 308835 292986 298272 299802 301091 284641 290536 306219 299006 281681 289205 291041 299161 284913 290349 295849 309698 276621 289540 294899 295994 
45 290307 300344 299974 300015 271946 287543 303803 304196 263986 275362 290153 298537 274716 294673 294382 295010 276144 297575 293739 303842 284792 291850 289079 288487 
46 258922 257276 261248 263080 253504 262290 251756 268427 250857 257722 261988 262138 252627 258323 258418 256996 251723 258511 256720 256073 249028 252497 255824 261772 
47 276485 282543 289834 286754 274170 282169 282605 283860 275844 280708 275186 276172 277275 268063 274948 282642 275069 276742 279291 279758 269542 276822 272763 272759 
48 279471 285929 285022 291044 277873 289217 288664 289505 278704 288466 288705 280194 278724 289289 284859 283549 278723 286161 288534 282603 281703 280728 281545 282145 
49 259441 263102 265981 265667 251323 262192 266784 268784 255348 260836 258921 258218 251185 250198 261686 253053 253347 261298 251776 265696 248647 251155 263537 254900 
50 295575 294355 293753 302225 280913 295085 295037 296050 286637 289582 290588 291952 284200 290972 293887 289074 287271 290375 289076 293345 290222 287381 289050 288800 
51 309122 304382 322398 325838 296291 304602 321228 312751 306912 314690 314160 320160 302656 311357 314812 316011 302254 309347 316779 315948 301492 309656 306017 310108 
52 268911 282421 284493 282629 270155 278339 275332 282060 275744 269613 277462 276356 271595 279188 283659 276539 274887 267652 273022 270544 272477 274246 263890 276996 
53 245519 251213 255694 257281 243800 249438 251021 251455 238566 249197 246841 246120 241565 250053 256053 253547 244372 244014 247651 250162 243132 249702 247356 247470 
54 258176 273438 276108 278464 257606 276692 268399 264881 265175 269154 275552 264100 253993 261894 269688 270272 263707 268308 268243 271874 255501 267181 268121 264336 
55 266146 276414 272465 273377 262218 268553 279129 271606 256938 269179 271535 259662 251444 267140 269004 273696 266352 268184 270065 269031 262763 270148 270568 262978 
56 302612 325698 326322 331047 305895 318635 315637 332705 311247 320208 328595 332350 300033 320819 320525 331694 304689 322957 320102 315871 309962 314060 314647 315371 
57 346453 347980 348685 341669 338488 350768 343389 335271 338545 343301 350889 346486 339620 333109 340485 340151 342444 337952 344725 343168 332015 346547 342184 343867 
58 298849 303882 304288 300688 282676 298865 299606 299832 289808 294666 297868 308760 292214 296558 280284 293442 289418 300694 293136 299398 292034 295970 295178 296971 
59 245470 235101 244636 247128 236881 237477 235649 240886 234718 234762 241716 238841 234097 235415 236819 241494 238619 236309 242363 244376 225262 244484 242943 246278 
60 273386 287999 293201 292798 268530 287329 285310 291632 281462 281321 291389 288362 274510 282048 296524 292314 287503 287133 291679 280584 275099 274842 288978 291062 
