1 61 
2 50 
3 52 
4 65 
5 70 
6 57 
7 61 
8 57 
9 62 
10 50 
11 55 
12 57 
13 54 
14 50 
15 58 
16 61 
17 65 
18 81 
19 67 
20 68 
21 65 
22 60 
23 78 
24 55 
25 74 
26 74 
27 71 
28 63 
29 71 
30 59 
31 78 
32 64 
33 84 
34 75 
35 74 
36 69 
37 74 
38 91 
39 60 
40 65 
41 72 
42 76 
43 87 
44 69 
45 72 
46 52 
47 57 
48 54 
49 57 
50 64 
51 53 
52 53 
53 58 
54 50 
55 51 
56 51 
57 56 
58 52 
59 52 
60 46 
61 63 
62 55 
63 60 
64 68 
65 61 
66 68 
67 62 
68 56 
69 48 
70 63 
71 63 
72 64 
73 59 
74 58 
75 55 
76 66 
77 66 
78 54 
79 57 
80 63 
81 65 
82 57 
83 62 
84 59 
85 64 
86 54 
87 65 
88 63 
89 69 
90 68 
91 51 
92 46 
93 48 
94 44 
95 46 
96 46 
97 50 
98 52 
99 42 
100 49 
101 55 
102 48 
103 54 
104 52 
105 42 
106 53 
107 50 
108 51 
109 53 
110 60 
111 51 
112 58 
113 57 
114 73 
115 49 
116 57 
117 53 
118 49 
119 59 
120 54 
121 52 
122 59 
123 56 
124 56 
125 55 
126 50 
127 64 
128 54 
129 76 
130 65 
131 63 
132 52 
133 55 
134 54 
135 46 
136 48 
137 51 
138 51 
139 47 
140 49 
141 47 
142 54 
143 45 
144 52 
145 48 
146 48 
147 50 
148 52 
149 50 
150 50 
151 48 
152 43 
153 49 
154 50 
155 51 
156 49 
157 60 
158 58 
159 47 
160 46 
161 65 
162 52 
163 47 
164 50 
165 59 
166 63 
167 58 
168 55 
169 65 
170 60 
171 59 
172 45 
173 69 
174 58 
175 50 
176 55 
177 52 
178 64 
179 56 
180 66 
