1 84 
2 55 
3 68 
4 56 
5 64 
6 65 
7 62 
8 45 
9 65 
10 56 
11 60 
12 52 
13 79 
14 52 
15 67 
16 75 
17 76 
18 85 
19 78 
20 81 
21 60 
22 56 
23 77 
24 54 
25 85 
26 72 
27 68 
28 71 
29 61 
30 58 
31 66 
32 83 
33 88 
34 77 
35 84 
36 77 
37 74 
38 94 
39 82 
40 81 
41 70 
42 72 
43 80 
44 74 
45 85 
46 61 
47 62 
48 48 
49 51 
50 60 
51 51 
52 44 
53 65 
54 54 
55 49 
56 61 
57 51 
58 49 
59 48 
60 55 
61 70 
62 50 
63 59 
64 65 
65 62 
66 68 
67 56 
68 51 
69 51 
70 49 
71 62 
72 69 
73 68 
74 65 
75 65 
76 56 
77 68 
78 62 
79 63 
80 66 
81 63 
82 54 
83 70 
84 61 
85 62 
86 60 
87 75 
88 64 
89 66 
90 55 
91 63 
92 49 
93 57 
94 47 
95 47 
96 50 
97 57 
98 55 
99 43 
100 62 
101 51 
102 51 
103 54 
104 59 
105 50 
106 55 
107 49 
108 51 
109 46 
110 59 
111 55 
112 66 
113 57 
114 55 
115 51 
116 58 
117 47 
118 60 
119 53 
120 57 
121 52 
122 53 
123 65 
124 60 
125 60 
126 54 
127 57 
128 52 
129 54 
130 63 
131 62 
132 53 
133 64 
134 60 
135 51 
136 47 
137 50 
138 51 
139 51 
140 55 
141 56 
142 52 
143 44 
144 43 
145 49 
146 47 
147 68 
148 57 
149 49 
150 54 
151 53 
152 42 
153 52 
154 49 
155 55 
156 52 
157 49 
158 55 
159 49 
160 52 
161 58 
162 53 
163 51 
164 57 
165 64 
166 57 
167 54 
168 63 
169 52 
170 64 
171 54 
172 50 
173 54 
174 51 
175 51 
176 52 
177 55 
178 60 
179 56 
180 61 
