1 62 
2 60 
3 63 
4 54 
5 65 
6 63 
7 68 
8 51 
9 56 
10 53 
11 68 
12 67 
13 63 
14 54 
15 59 
16 62 
17 67 
18 91 
19 59 
20 76 
21 66 
22 68 
23 70 
24 56 
25 76 
26 69 
27 70 
28 71 
29 63 
30 57 
31 64 
32 73 
33 75 
34 65 
35 78 
36 83 
37 64 
38 90 
39 68 
40 72 
41 79 
42 59 
43 74 
44 70 
45 74 
46 56 
47 51 
48 73 
49 52 
50 52 
51 58 
52 44 
53 55 
54 66 
55 54 
56 66 
57 55 
58 55 
59 45 
60 44 
61 56 
62 58 
63 60 
64 54 
65 66 
66 63 
67 55 
68 56 
69 54 
70 60 
71 53 
72 62 
73 53 
74 50 
75 65 
76 72 
77 67 
78 54 
79 60 
80 62 
81 66 
82 64 
83 63 
84 58 
85 70 
86 63 
87 63 
88 63 
89 81 
90 59 
91 58 
92 48 
93 54 
94 49 
95 52 
96 61 
97 64 
98 55 
99 57 
100 52 
101 59 
102 55 
103 50 
104 49 
105 41 
106 65 
107 61 
108 56 
109 45 
110 59 
111 54 
112 62 
113 61 
114 57 
115 49 
116 58 
117 54 
118 54 
119 47 
120 62 
121 63 
122 57 
123 54 
124 47 
125 61 
126 48 
127 63 
128 57 
129 70 
130 71 
131 49 
132 53 
133 59 
134 69 
135 55 
136 47 
137 44 
138 48 
139 44 
140 57 
141 48 
142 49 
143 57 
144 46 
145 53 
146 49 
147 52 
148 54 
149 59 
150 54 
151 51 
152 45 
153 45 
154 51 
155 48 
156 49 
157 53 
158 53 
159 53 
160 48 
161 56 
162 52 
163 49 
164 45 
165 59 
166 54 
167 58 
168 53 
169 58 
170 52 
171 60 
172 50 
173 47 
174 58 
175 56 
176 50 
177 58 
178 76 
179 53 
180 64 
