1 952926 
2 944669 
3 1.14685e+06 
4 1.16545e+06 
5 1.10662e+06 
6 1.01439e+06 
7 1.04676e+06 
8 1.02365e+06 
9 1.1547e+06 
10 1.12734e+06 
11 1.08673e+06 
12 1.09767e+06 
13 1.06034e+06 
14 994687 
15 1.08345e+06 
16 925414 
17 1.10266e+06 
18 1.06214e+06 
19 1.01566e+06 
20 1.06424e+06 
21 1.02144e+06 
22 1.12887e+06 
23 1.04282e+06 
24 1.17715e+06 
25 1.16832e+06 
26 964013 
27 1.12103e+06 
28 1.16979e+06 
29 1.12076e+06 
30 1.11566e+06 
31 1.22758e+06 
32 1.28209e+06 
33 1.16869e+06 
34 1.17875e+06 
35 1.11198e+06 
36 1.18386e+06 
37 1.16244e+06 
38 1.24504e+06 
39 1.20585e+06 
40 1.25359e+06 
41 1.1417e+06 
42 1.02448e+06 
43 1.11408e+06 
44 1.09029e+06 
45 1.13344e+06 
46 921455 
47 897953 
48 918677 
49 866494 
50 923627 
51 930765 
52 998704 
53 1.06385e+06 
54 910484 
55 954354 
56 860220 
57 944978 
58 843756 
59 972129 
60 960273 
61 923272 
62 952057 
63 1.06399e+06 
64 978801 
65 994527 
66 1.08609e+06 
67 983238 
68 1.03263e+06 
69 937384 
70 1.03837e+06 
71 929528 
72 1.06399e+06 
73 1.04766e+06 
74 1.04606e+06 
75 977558 
76 1.05203e+06 
77 947734 
78 930110 
79 1.02448e+06 
80 1.03268e+06 
81 900724 
82 994029 
83 1.01425e+06 
84 1.0219e+06 
85 958468 
86 891087 
87 886764 
88 966315 
89 944761 
90 1.00121e+06 
91 836435 
92 886212 
93 952580 
94 857408 
95 888077 
96 957784 
97 871952 
98 818979 
99 954020 
100 973197 
101 836345 
102 985456 
103 916741 
104 903224 
105 868432 
106 891356 
107 1.03163e+06 
108 951328 
109 929654 
110 963814 
111 1.10926e+06 
112 1.04133e+06 
113 910606 
114 876589 
115 942305 
116 944225 
117 936715 
118 865304 
119 908159 
120 942575 
121 906858 
122 1.02396e+06 
123 938580 
124 1.0628e+06 
125 981426 
126 970119 
127 946450 
128 948116 
129 1.0187e+06 
130 925488 
131 1.10347e+06 
132 918490 
133 974570 
134 921989 
135 936259 
136 827638 
137 767206 
138 881367 
139 932667 
140 887412 
141 993654 
142 777636 
143 916952 
144 941386 
145 873011 
146 972439 
147 914160 
148 794778 
149 858504 
150 880632 
151 994209 
152 922658 
153 751503 
154 997341 
155 898524 
156 932425 
157 956367 
158 961711 
159 892239 
160 898315 
161 919537 
162 913236 
163 977256 
164 855251 
165 905187 
166 1.00809e+06 
167 965616 
168 964524 
169 919611 
170 850257 
171 965888 
172 958555 
173 973008 
174 1.06293e+06 
175 895366 
176 890582 
177 781079 
178 1.0308e+06 
179 889773 
180 948150 
