1 950740 
2 959179 
3 1.13941e+06 
4 1.16505e+06 
5 1.11224e+06 
6 1.01781e+06 
7 1.04883e+06 
8 1.03277e+06 
9 1.14911e+06 
10 1.13017e+06 
11 1.08428e+06 
12 1.09531e+06 
13 1.0575e+06 
14 1.0517e+06 
15 1.08276e+06 
16 929987 
17 1.09338e+06 
18 1.0696e+06 
19 1.00612e+06 
20 1.05965e+06 
21 1.01998e+06 
22 1.12766e+06 
23 1.02602e+06 
24 1.18365e+06 
25 1.15874e+06 
26 959059 
27 1.12201e+06 
28 1.16173e+06 
29 1.11498e+06 
30 1.1126e+06 
31 1.21977e+06 
32 1.27606e+06 
33 1.17918e+06 
34 1.17802e+06 
35 1.12038e+06 
36 1.17912e+06 
37 1.16042e+06 
38 1.2357e+06 
39 1.20435e+06 
40 1.26241e+06 
41 1.14133e+06 
42 1.02297e+06 
43 1.11901e+06 
44 1.09444e+06 
45 1.13594e+06 
46 916235 
47 909411 
48 898137 
49 865729 
50 921847 
51 931142 
52 987985 
53 1.06418e+06 
54 922171 
55 955765 
56 835150 
57 963749 
58 839060 
59 970746 
60 962697 
61 921541 
62 959737 
63 1.04048e+06 
64 976190 
65 989974 
66 1.03912e+06 
67 980237 
68 1.03525e+06 
69 942449 
70 1.04196e+06 
71 929557 
72 1.06234e+06 
73 1.05135e+06 
74 1.04992e+06 
75 981702 
76 1.05366e+06 
77 938435 
78 933346 
79 1.02776e+06 
80 1.0384e+06 
81 903305 
82 991854 
83 1.01313e+06 
84 1.01503e+06 
85 959681 
86 889092 
87 897087 
88 956288 
89 941082 
90 997142 
91 841503 
92 882709 
93 951919 
94 857930 
95 889955 
96 954882 
97 870808 
98 814654 
99 949565 
100 973477 
101 832999 
102 990425 
103 914657 
104 900642 
105 867320 
106 898098 
107 1.03185e+06 
108 945606 
109 926658 
110 966388 
111 1.10867e+06 
112 1.04808e+06 
113 909588 
114 885440 
115 940468 
116 938966 
117 937831 
118 869669 
119 898420 
120 944672 
121 905966 
122 1.0311e+06 
123 936577 
124 1.06565e+06 
125 985945 
126 965527 
127 946064 
128 953548 
129 1.02822e+06 
130 922608 
131 1.10746e+06 
132 918070 
133 949029 
134 898842 
135 932567 
136 824614 
137 767954 
138 877441 
139 934501 
140 882535 
141 987547 
142 773514 
143 921847 
144 943884 
145 892307 
146 971119 
147 924401 
148 793923 
149 864541 
150 878756 
151 990410 
152 918682 
153 751154 
154 984403 
155 895748 
156 940746 
157 958181 
158 963608 
159 893267 
160 898045 
161 922401 
162 903872 
163 971420 
164 855624 
165 902211 
166 1.00996e+06 
167 958500 
168 963411 
169 922121 
170 861608 
171 970538 
172 957300 
173 977093 
174 1.06044e+06 
175 890904 
176 888803 
177 770854 
178 1.03639e+06 
179 884907 
180 945649 
