1 958762 
2 944872 
3 1.14361e+06 
4 1.16012e+06 
5 1.11022e+06 
6 1.01471e+06 
7 1.03868e+06 
8 1.02397e+06 
9 1.15345e+06 
10 1.13224e+06 
11 1.07314e+06 
12 1.10139e+06 
13 1.04936e+06 
14 996619 
15 1.08418e+06 
16 928436 
17 1.09614e+06 
18 1.06812e+06 
19 1.0073e+06 
20 1.06384e+06 
21 1.02556e+06 
22 1.12056e+06 
23 1.03056e+06 
24 1.17735e+06 
25 1.16038e+06 
26 969176 
27 1.10974e+06 
28 1.1558e+06 
29 1.12599e+06 
30 1.11745e+06 
31 1.21707e+06 
32 1.28278e+06 
33 1.183e+06 
34 1.17489e+06 
35 1.11706e+06 
36 1.18555e+06 
37 1.15308e+06 
38 1.24255e+06 
39 1.20974e+06 
40 1.26499e+06 
41 1.13544e+06 
42 1.02498e+06 
43 1.11945e+06 
44 1.09683e+06 
45 1.12956e+06 
46 924696 
47 900878 
48 900638 
49 857116 
50 909420 
51 947709 
52 994197 
53 1.04658e+06 
54 912172 
55 957718 
56 853743 
57 942494 
58 845456 
59 973973 
60 965745 
61 921157 
62 950674 
63 1.04244e+06 
64 974830 
65 996390 
66 1.08472e+06 
67 981472 
68 1.03425e+06 
69 940146 
70 1.04026e+06 
71 927332 
72 1.05884e+06 
73 1.04321e+06 
74 1.04339e+06 
75 981384 
76 1.05373e+06 
77 949465 
78 933720 
79 1.02635e+06 
80 1.03857e+06 
81 893470 
82 1.00136e+06 
83 1.01001e+06 
84 1.00579e+06 
85 964267 
86 887439 
87 910866 
88 967058 
89 934453 
90 997023 
91 837628 
92 884220 
93 948562 
94 860382 
95 882324 
96 972152 
97 870136 
98 812120 
99 952978 
100 971409 
101 834124 
102 994985 
103 914742 
104 906129 
105 869535 
106 892140 
107 1.037e+06 
108 945967 
109 932609 
110 955968 
111 1.10905e+06 
112 1.0429e+06 
113 909577 
114 874157 
115 937284 
116 938448 
117 942011 
118 865407 
119 895623 
120 944607 
121 909201 
122 1.03816e+06 
123 935180 
124 1.06247e+06 
125 978180 
126 965302 
127 945011 
128 947391 
129 1.02347e+06 
130 929283 
131 1.10212e+06 
132 921891 
133 973591 
134 912487 
135 926551 
136 826854 
137 764587 
138 880603 
139 946999 
140 881798 
141 986086 
142 778184 
143 918328 
144 942248 
145 871072 
146 970585 
147 914919 
148 790724 
149 860654 
150 875448 
151 986735 
152 913678 
153 757459 
154 996011 
155 894661 
156 940418 
157 964460 
158 965566 
159 893124 
160 899620 
161 927097 
162 903482 
163 974271 
164 854081 
165 902967 
166 1.00765e+06 
167 966726 
168 964214 
169 915353 
170 862473 
171 968270 
172 965089 
173 972544 
174 1.05909e+06 
175 897006 
176 890117 
177 780132 
178 1.03309e+06 
179 890489 
180 953722 
