1 158 255 332 241 410 561 368 535 757 
2 153 257 312 224 378 410 368 566 705 
3 172 213 286 267 389 617 383 575 722 
4 141 183 296 248 383 585 362 547 844 
5 145 243 313 247 322 435 318 564 703 
6 178 264 354 329 445 598 415 720 868 
7 176 289 341 317 490 614 392 639 766 
8 186 284 329 250 478 630 367 700 869 
9 194 301 309 323 512 637 418 626 865 
10 192 290 387 330 497 650 454 716 864 
11 128 193 376 295 481 546 434 685 887 
12 184 288 284 271 388 485 439 584 785 
13 201 320 410 381 547 651 497 759 880 
14 175 273 294 285 412 636 384 677 850 
15 174 265 346 306 469 500 409 631 795 
16 151 218 270 208 420 501 345 459 668 
17 113 160 269 225 356 363 276 409 499 
18 126 186 272 226 325 402 303 519 571 
19 124 218 313 239 393 363 365 510 613 
20 157 233 326 229 369 483 331 486 681 
21 137 225 282 241 380 483 317 532 692 
22 137 243 325 267 387 448 298 617 809 
23 146 229 304 274 426 430 305 455 638 
24 132 252 312 247 405 537 376 526 694 
25 167 256 325 282 448 544 410 525 643 
26 182 286 269 275 408 533 409 537 677 
27 149 225 339 207 432 440 348 542 730 
28 189 227 361 235 463 410 360 558 618 
29 146 170 206 295 431 402 363 585 666 
30 146 247 332 255 341 520 368 482 684 
31 121 185 248 206 348 350 291 420 665 
32 104 176 234 192 387 444 371 434 616 
33 131 210 255 247 324 416 268 510 602 
34 126 233 248 199 338 423 328 546 661 
35 142 224 253 235 367 461 303 512 616 
36 139 240 288 208 391 492 377 552 752 
37 149 201 317 250 362 543 350 503 804 
38 143 249 353 236 325 373 382 593 625 
39 143 238 300 266 408 598 335 605 711 
40 144 234 262 248 397 419 298 521 650 
41 162 264 285 235 417 561 315 647 648 
42 154 228 276 273 307 465 294 554 593 
43 136 252 305 304 407 451 344 433 668 
44 150 239 304 294 421 476 373 539 650 
45 163 248 273 255 439 455 331 527 659 
46 125 221 218 241 350 455 312 524 587 
47 135 208 254 256 299 442 312 551 604 
48 120 201 324 232 248 440 395 435 684 
49 152 219 289 241 345 426 290 504 630 
50 165 215 204 223 331 443 363 454 528 
51 167 207 302 279 395 459 417 587 702 
52 162 199 287 244 356 570 364 475 756 
53 149 182 281 238 392 499 319 531 622 
54 159 213 219 257 330 540 338 403 706 
55 139 213 224 220 340 444 301 549 575 
56 154 244 336 245 379 427 414 493 597 
57 166 188 272 275 352 431 344 561 752 
58 140 191 319 247 312 477 398 544 558 
59 157 261 278 305 396 447 271 543 625 
60 178 258 278 261 406 448 414 487 639 
