1 187 296 335 303 464 540 430 679 833 
2 160 198 266 301 451 547 396 564 668 
3 176 253 354 293 449 596 410 590 769 
4 164 253 338 296 437 529 396 602 723 
5 182 251 309 251 446 499 397 529 739 
6 179 336 352 300 564 626 496 776 880 
7 185 287 409 312 466 628 437 732 893 
8 185 276 377 345 469 570 420 782 807 
9 164 297 355 362 511 696 502 758 955 
10 162 330 364 360 504 698 492 705 951 
11 193 294 300 362 512 697 458 703 869 
12 209 323 378 250 563 624 385 717 736 
13 201 340 415 372 566 708 478 815 764 
14 196 322 359 350 520 688 432 785 932 
15 166 283 359 244 480 605 419 671 849 
16 142 191 286 258 384 389 392 505 652 
17 134 154 219 246 435 392 296 353 621 
18 136 206 272 201 350 481 304 427 596 
19 166 204 236 290 323 417 300 593 671 
20 142 249 313 239 385 382 354 548 671 
21 154 226 297 290 445 505 341 533 647 
22 174 222 334 287 300 487 393 484 608 
23 174 259 292 313 448 492 376 542 705 
24 141 253 257 228 407 467 406 625 618 
25 156 250 320 283 399 423 402 667 734 
26 170 285 256 268 374 486 381 617 775 
27 172 198 248 314 413 516 395 547 582 
28 172 304 337 257 422 484 351 546 670 
29 172 300 361 294 424 597 407 601 504 
30 127 194 250 272 412 588 440 688 721 
31 129 238 256 251 393 415 312 517 574 
32 160 222 309 226 416 430 350 498 713 
33 124 233 259 209 413 435 350 472 679 
34 153 227 219 219 381 488 274 437 533 
35 135 223 317 230 443 442 350 507 627 
36 144 245 315 219 369 546 326 649 706 
37 141 205 291 219 367 531 373 469 763 
38 175 277 290 287 438 544 383 540 653 
39 155 251 267 259 386 529 341 486 719 
40 145 253 247 248 378 536 361 468 704 
41 154 208 364 301 431 398 380 598 808 
42 171 206 290 218 380 429 321 514 648 
43 169 244 334 266 454 486 358 605 621 
44 136 233 277 282 408 492 348 481 811 
45 152 182 313 238 389 563 334 509 638 
46 146 220 286 222 355 429 329 576 658 
47 134 188 248 239 321 407 321 483 627 
48 139 212 250 268 338 457 297 449 501 
49 149 211 253 221 296 448 342 517 656 
50 142 210 254 205 336 433 281 533 631 
51 152 212 303 246 411 509 326 488 710 
52 160 233 336 240 408 486 317 590 651 
53 138 225 298 273 384 445 311 434 532 
54 118 209 283 246 400 529 333 467 801 
55 124 213 299 268 377 508 331 426 606 
56 163 219 303 277 469 546 350 606 647 
57 127 207 310 221 335 458 340 523 723 
58 165 221 215 289 411 558 370 548 784 
59 180 235 314 212 384 429 396 626 733 
60 141 215 273 248 433 464 379 502 841 
