23098.5
23191.2
29018.5
25457
26433.9
31708.8
22055.7
30075.7
30218.7
26839
28704.5
22485.5
29832.9
35362.5
29407.6
24105
23534.2
28978.5
21006.4
27671.4
26656
31988.7
24802.2
30054.4
30225.2
26778
24366
40408.6
37620.7
28228.6
30255.3
29266.9
25128.7
23288.5
29283.6
29396.8
28385.2
33449.3
21077.5
37004.1
28314.1
24887.7
28156.4
20194.8
22338.6
34360.9
23984
25796.6
24828
25534.5
18763
31573.5
25291.9
33124.9
27716.4
41431.3
26011.3
31967.2
23996.7
31726.4
31923.7
21187.3
36691
22932.4
30734
28328.6
33038
25013.2
20496.9
22680.4
21568.6
23644.9
30293.6
23714
31996.8
31338.5
35581.3
20582.3
30388.4
30585.8
28768.9
26843.7
29862.6
20978.7
24493.5
29645.1
28500.9
25553.8
24987.3
22663.3
24662.6
27953.5
29993.8
30460.7
26731.9
32367.5
23969.6
24423.5
22518.8
29846.5
29699.8
36518.3
26788.2
36699.7
32249
26202
24212.6
29544.2
33862.8
26873.6
29423.2
25321
31599.5
29350.6
22953.2
22724.8
30720.6
22490.8
32793.5
31664.5
29225.6
32702
29708.9
28483.9
26397.6
25475.3
27486.8
35554.8
35000.9
30573.1
32243.9
25017.8
34477.2
37774.1
32386
21825.2
29031.7
31117.8
28728.7
28432.9
23730.1
26719.7
21616.8
30389.6
34322.4
32484.5
21653.2
24433.2
30333.9
23361.4
30957
26215.5
28035.8
27689.2
22954.4
27268.5
38465.9
31261.7
28880.7
31800.2
22357.4
23865
28694.7
32717.6
26917.3
30126.3
26930.1
23360.8
26543.2
31755.1
27637
24603.3
28388.7
22274.1
23214.4
25476.1
36170.2
30872.7
26203.9
34196.5
25892.7
26928.5
33780.1
20434.4
28003.1
27507.4
25327.7
31383.2
24227.6
26569.3
23601.6
24384.5
23753.4
28823.9
23772.3
18555.3
26736.9
29702
19037.5
33141.9
32382.2
22819.2
28965.2
25860.6
34531.1
25941.2
23664.7
23210.3
30284.6
29770.7
38507.1
24952.7
36151.8
29839.3
27433.9
31279.7
30163
26220.4
23472.4
26290.6
25824.4
23106.1
27915.4
22802.9
34298
35953.4
28560.3
34256.4
31554.2
25052.1
36675.6
32291.4
34885.8
27563.5
32422.4
24123.6
32788.9
22927.1
26350.8
22145.8
22774.6
25369.3
28813.1
27092
27354.5
24595.6
30073.9
28468.8
14586.5
16659.8
26697.4
22703.9
27705.5
29271.5
29095.6
28171.6
23472.6
29365.1
30071.9
29971.7
24437.8
32651.4
28005.4
27692.4
25080
28057.3
21656.5
24022.4
22185.9
34918.3
27466.9
25127.8
26024.2
34096.7
35804.7
32569.5
30330.4
34053.5
31020.8
26902
30253.5
36580.2
36846.1
37816
30696.2
28770.4
34315.7
32032.5
26889.1
26775.1
37450.2
33663.1
32494.6
25380.8
31989.8
29498.9
25341.8
32670.8
19602.5
36749.7
