1 300880 309176 307355 315034 293864 312137 317751 318788 301992 314883 319146 320763 287512 295804 304683 315086 285446 312772 309442 308337 290100 307224 314217 311023 
2 299826 322328 318642 322155 296170 317557 324464 319122 301594 318779 320586 320350 290764 311524 318880 313611 296581 316462 314945 311329 297240 312235 315607 316857 
3 309350 345573 350901 354032 319720 340408 336001 343905 322388 351098 349331 342359 314341 346517 347184 343762 315454 331274 348704 351356 311261 338025 339283 342059 
4 326564 352538 357138 351721 316984 341343 349879 356292 324556 338577 348837 347223 326999 329149 346106 349876 327964 346110 346058 349252 320785 346110 344941 339469 
5 292419 314334 305283 311411 283680 319987 312270 323891 291601 306940 320816 313426 287999 313316 306800 317488 291382 316559 316047 313898 294365 309196 303428 310175 
6 332104 360903 375108 370170 354281 366960 372523 366229 345116 362011 369242 372898 345170 365858 345543 369914 343552 366220 372393 368080 343630 358702 371104 372850 
7 362892 381508 388819 380928 329026 377953 384009 375676 348448 370914 375302 374488 344460 366714 371934 368836 353958 365350 376923 379148 348378 365994 368551 375889 
8 304143 314391 309803 314444 295418 308043 324818 315576 301966 310978 315942 320344 291020 306603 310963 304557 285116 317794 309457 315574 296204 304792 312554 314634 
9 341057 360851 353986 370787 331380 347936 360334 362972 336435 360324 362243 354322 332876 346084 355488 347385 328338 348211 359070 366726 332745 348390 341816 360973 
10 324507 351139 359378 355248 324650 337920 344531 354896 325577 344242 354854 353659 330694 337588 346209 349868 331673 334853 341865 354985 331343 334998 345631 351703 
11 365631 407806 391051 374548 373936 379499 385881 404186 370660 392226 391714 401434 367028 389273 384933 391400 371488 384650 385849 396580 359014 389515 377089 393886 
12 323909 358870 360082 352015 327643 348257 363391 348703 329808 341304 354370 346209 324757 352684 342568 356549 331770 354484 355448 361818 322936 345086 351894 352457 
13 300209 327100 345119 332358 312254 334782 331720 334770 310906 334476 338390 343673 310362 327932 332854 334021 308739 337062 329667 329405 309469 335090 326301 332163 
14 355683 377215 377607 380531 336406 366016 378286 358014 349910 376570 378873 370112 343786 371956 366803 370571 345813 366796 367430 364164 331922 367379 374121 369114 
15 358242 375531 386676 397596 361907 366566 379205 382944 358084 376921 377117 386557 353297 372083 382818 375007 359626 380634 384815 376652 346380 378199 370649 385969 
16 326160 353754 347434 334943 324670 338920 334572 328095 325906 337614 318548 334042 328205 336603 332575 332818 327634 327458 336452 334854 324425 327354 341622 331401 
17 241541 256479 255758 254445 246508 257953 236611 255274 244182 256024 260240 260174 237888 257668 245942 250044 247296 246827 242156 250282 232824 246008 249707 255867 
18 279303 302647 318581 305971 281702 300212 304833 292367 285520 293001 288975 293545 282512 293092 292672 291168 283947 273354 292123 293807 271531 281090 280240 279171 
19 277830 293021 291979 301518 287172 289442 308278 300413 279133 292843 297281 290513 279670 282975 282093 293297 271112 276803 292873 289485 260202 271486 293408 287371 
20 337940 360732 352860 370941 344213 365049 370506 363203 355806 364477 368694 361248 344414 354760 361422 349384 343255 359675 367743 359133 339959 349164 358070 360991 
21 300616 321855 325316 334032 308564 328970 317892 324224 302581 323275 319247 324742 300215 318243 315834 325862 286250 321950 333576 328634 303387 317640 311046 318555 
22 291811 302140 301426 300966 283789 298399 303174 301687 282716 299183 303844 296138 286627 296547 295794 288655 288784 297163 302122 300595 285844 299337 298197 296352 
23 333868 334578 345664 352055 335894 351309 339540 342997 327492 344278 343737 348547 331954 341220 344714 324444 326236 347653 351395 359017 329998 339029 346612 344256 
24 334764 351123 344252 356549 333827 342028 340570 356584 327786 348695 336819 346434 324365 330928 352170 345519 333066 340820 360229 357101 324803 353288 351627 332465 
25 327352 335453 348877 338570 319859 346107 348274 332904 315289 336977 328130 343238 312594 336086 329652 331704 317389 338841 332338 339307 303978 332006 320684 330671 
26 317038 312524 345151 313901 305361 321585 316983 321406 308264 320196 321827 323008 306920 319716 321631 323116 310285 319903 321304 318450 304587 311362 318623 320034 
27 313962 332690 318305 320928 302320 334749 310782 328204 295778 318050 322314 323591 298852 318442 315341 319182 301980 310911 324981 326031 301449 314438 314138 309480 
28 293535 310616 313640 316136 291282 304581 313837 316968 292529 309370 313842 315443 293047 304544 303943 308973 284660 308766 309187 312989 280798 309966 308624 309240 
29 323358 347020 337114 329664 323203 337424 327002 342615 320919 340476 332814 351376 309566 337360 332360 312655 316552 327163 339675 339316 317537 331566 330407 339224 
30 304334 321017 304686 318719 294659 313632 308112 314310 292241 305190 305433 312067 298098 308177 304653 311375 292340 313976 308183 313251 298792 309181 303989 309506 
31 293687 319130 293781 305628 286371 293960 307928 311820 292224 302962 297077 295682 279941 289688 301131 304575 295849 299380 294445 290674 290347 289184 292667 295427 
32 296651 304149 305433 303226 287944 297607 301715 296379 292166 299970 300525 303301 291589 301472 295600 304618 291238 302625 299164 298229 292945 291187 298519 297890 
33 276722 291600 289649 297395 283538 291184 286629 298231 287056 290782 295952 285679 275800 286129 284280 289524 277270 281432 294405 296847 278565 284754 282667 283583 
34 302745 326599 318777 316292 290396 298959 310141 311133 302394 305611 313758 307865 295883 306503 313024 310289 303909 310761 312107 300080 295720 307220 299304 301553 
35 235337 243285 244985 230539 229120 236824 244221 246285 226413 237203 242633 239320 224974 231104 244704 231266 224315 234425 234717 231044 224186 230874 238795 231308 
36 324099 338353 353742 337942 323750 341752 333341 334791 326918 336076 339045 333456 324722 329228 332739 333106 324452 331980 327564 334269 323195 329290 331977 334519 
37 361837 371116 362837 365861 347357 360240 369488 364030 348312 369492 373153 372684 347753 360301 360502 365146 346955 366894 369178 365190 347032 356198 361756 363682 
38 247658 257603 252515 265594 241311 253103 245576 253080 244942 256689 255124 257911 241096 236621 250537 247000 239198 249252 257234 246819 240761 246142 242175 250660 
39 265741 275966 271281 277307 266434 271067 264406 274393 253649 267037 265855 278514 263384 257214 261915 267676 258378 264562 268620 277815 257791 265471 267622 269712 
40 275390 276515 284079 290487 272959 261122 282606 279870 261894 270431 281039 280275 268723 271966 284717 274263 271019 280540 273530 282132 269625 276002 279413 263021 
41 350952 362999 352230 366190 340614 347664 356257 364885 349268 359889 360163 355039 340492 354108 354588 359688 338426 353502 357896 360629 338358 357040 348374 349757 
42 337564 353134 351207 357179 324699 346519 351462 344239 331650 348048 340537 344647 321647 342998 332074 326921 328826 333200 344364 337918 330241 334838 331660 345721 
43 318277 325436 328912 320189 310337 326848 314623 334528 312576 318816 325537 326834 302507 314078 327174 325540 314665 325142 319697 330996 303759 321093 323479 324097 
44 287563 302360 296111 289035 285593 284085 301042 295359 287938 301366 295680 301425 272458 284350 293269 305113 288527 293739 301506 298916 282506 290718 301477 293217 
45 279520 296050 299452 308876 276667 302552 303595 303981 278476 294963 297650 298171 280024 294242 291943 297495 275795 282254 299099 304124 275270 294224 293170 293742 
46 252302 260955 265083 268601 253913 253257 262123 263010 246041 258484 266467 262662 250912 251592 262134 262502 255165 251391 253308 254656 246557 255449 257024 265042 
47 284413 278375 284558 287485 271486 276095 277077 279810 276990 279396 281193 274707 272650 280765 281035 278854 275700 267584 278315 280037 268475 270664 277548 279507 
48 278091 291286 300979 292259 279374 283048 290945 285261 283236 286206 287905 294619 275493 277004 287551 289092 281094 285965 285092 286774 275595 287212 281569 286470 
49 251379 266089 258574 273362 252666 267837 258891 261033 255160 258080 263901 267449 253870 258744 261474 258506 251330 263494 265296 258370 249851 254602 257333 255120 
50 289894 296390 293159 300315 284341 296585 286632 296063 290663 291280 293924 293147 285454 287855 291741 289459 285586 286566 293328 293312 287942 291033 289556 289271 
51 303933 315156 308641 327831 303431 315388 312439 315886 295533 304059 315482 313935 301775 312476 313337 320384 303176 314213 306666 310404 298049 306883 312344 312044 
52 274047 280171 281919 285946 269873 280704 273225 269564 274648 273204 280788 281869 272122 278167 272337 269671 262534 278334 276894 277336 265590 271846 279709 275601 
53 242712 254593 249802 254111 247561 249204 252253 247433 243255 249608 251408 245755 237417 248687 251490 248271 244034 249239 254663 241730 238143 246427 250290 249387 
54 270254 270215 266610 267887 260271 266392 270225 265101 266457 262492 266847 268102 257459 264885 270205 270413 255713 270313 271337 270648 259526 267258 271399 263626 
55 257817 270462 266096 278534 265654 269847 268767 270522 256991 273433 268548 277391 258993 268543 272803 266558 253425 267800 272252 270949 259125 271060 269644 263607 
56 327865 328650 334304 337534 310635 317054 325529 329813 319606 311832 319857 321451 304330 315247 318321 318782 306814 317829 326760 319965 311055 316100 325619 319304 
57 337058 346899 351385 357152 337652 342510 348342 344356 333424 348685 359107 349527 331521 330645 344014 341756 331588 342767 346654 343416 332317 337065 339634 341029 
58 293025 310516 304507 302046 285533 299984 301650 296622 289357 298150 301250 302720 290412 295539 297603 304758 290846 298477 303243 300310 289925 294473 302672 296281 
59 245419 239531 246374 242131 237260 232045 244002 236352 226494 240850 246073 243924 235553 235025 240758 236994 229689 235310 245008 242214 227584 235496 234120 240807 
60 284755 293322 291083 299500 278154 286560 291169 294224 280943 287520 284414 293201 281860 280902 285237 298521 281783 291998 290084 291602 273995 286459 286123 285866 
