x 5-50-2 5-50-5 5-50-8 5-50-10 5-100-2 5-100-5 5-100-8 5-100-10 8-50-2 8-50-5 8-50-8 8-50-10 8-100-2 8-100-5 8-100-8 8-100-10 10-50-2 10-50-5 10-50-8 10-50-10 10-100-2 10-100-5 10-100-8 10-100-10
1 259639 255431 259962 255379 249264 255431 256287 255625 257308 257879 247597 257046 256654 255431 258687 256417 258275 247362 255805 255431 255431 255625 258100 257379 
2 259188 259496 257615 257401 257401 258471 257401 257401 260162 260230 258946 259101 257401 257401 258471 257515 257515 257946 257401 258288 257401 258871 257401 257501 
3 269567 269567 273192 273624 269567 269567 269567 264936 269567 269567 272859 273272 270733 270721 270733 271814 270721 270721 269567 270721 264854 269567 264857 264356 
4 287856 290403 288355 289606 287375 287314 288941 287375 287732 289520 284964 291231 287744 283772 287856 288908 291997 287682 290960 289547 288010 289173 288750 290332 
5 258708 256548 256904 260300 256548 256548 257398 256571 257221 256571 259063 257421 256548 248670 256548 258869 256548 256548 256691 257354 249267 257154 249024 248424 
6 300538 301814 300500 300274 301683 298750 298665 298999 300485 300778 300510 298665 298665 298665 298665 299726 300200 299921 298764 298665 299015 298665 298750 299799 
7 330397 325331 297497 299589 327169 297496 302118 297497 298799 298799 327169 300619 305716 298118 300840 327782 303468 302711 324293 328324 298799 298502 297778 301143 
8 252850 251430 253908 250275 251438 251430 253704 253389 253889 250484 251476 252734 252850 251288 251288 251427 250125 252190 250803 253107 251580 250998 251913 252396 
9 282960 282960 282960 287212 285532 282960 283045 284860 282960 282960 283044 284577 282960 282960 284444 285707 285506 282960 284791 284640 282960 285566 284444 283649 
10 280694 280917 282524 281552 280848 280680 280848 280848 280848 280848 280694 280680 280694 280680 280680 280680 280917 280848 280848 280917 280680 280680 280680 280680 
11 314414 313581 314469 313711 314467 312670 312919 312919 313418 313581 312670 313581 313581 312670 312670 313380 312670 313479 312995 312995 313514 313711 312995 313180 
12 281429 282925 281820 282531 281059 281820 281429 281847 281806 281847 284073 283465 281059 281429 281429 282531 281649 284249 282565 281102 283668 281847 282891 282531 
13 264178 264074 264285 262032 262304 262551 263686 262720 266376 264866 262174 262168 265510 262593 261828 261828 266551 262174 263431 263937 262032 263431 262304 262174 
14 328932 328360 328360 330294 307452 328360 329734 305513 329976 330129 328644 306709 307276 329575 328644 328982 329114 328360 307256 329667 332669 309091 307614 305841 
15 305678 315980 316558 314564 316252 315864 317270 316018 315068 316423 317609 315111 315322 315864 317524 307269 317300 315068 305114 316018 307974 315068 304069 315864 
16 280009 280402 280852 280831 280158 278508 280608 278317 278362 278758 280030 281628 279737 278408 278061 279612 279798 281782 280034 279097 280158 278688 278124 278701 
17 212216 211392 213062 211808 210383 210212 210212 210683 211953 211723 211361 210673 210164 210212 210212 210981 211344 210212 211859 211784 211125 210212 211164 210818 
18 246814 246814 247404 246551 247131 245848 246431 245848 246814 245884 246237 247520 246577 245848 246431 245848 247802 246438 245884 246524 245848 246033 246297 245848 
19 240827 240604 241181 239221 239221 239371 239221 240604 244235 241558 239221 242508 240600 239593 239221 239921 239221 240914 240705 239221 240113 239371 239644 240171 
20 309339 310740 312004 312973 308006 310255 310458 313059 309310 310664 309044 308006 311038 310563 310734 310762 311954 311148 311629 310744 308579 308338 310368 309529 
21 260071 263261 261988 262933 260071 260071 261034 260740 263261 260531 262729 260531 261970 262177 262501 263031 260071 263966 260686 261948 260071 261315 260071 261705 
22 250048 248841 248463 248016 246342 247465 249166 248928 247200 248380 248742 247359 247047 247204 247871 246952 248580 246860 248421 248125 248346 246953 247200 247401 
23 307876 293130 291612 292895 293137 292474 293893 292833 291624 293313 293394 293770 291612 292361 291508 293958 292427 293975 291508 294140 291612 292250 291744 291508 
24 288684 294874 292990 292990 293424 292990 287127 287850 296244 294974 288910 294984 292990 287127 288426 288831 294442 289368 294859 288059 288653 288570 287448 292990 
25 270390 270196 268476 268699 270343 268658 268969 268694 271241 269103 269486 270886 268476 271076 268694 268658 270019 268898 269016 269760 268694 269016 269268 270554 
26 264576 261127 264251 275281 261127 273086 264224 261127 276215 261127 261476 261995 261995 261995 261659 261374 276139 264677 261995 263574 261995 261659 262127 262370 
27 258202 258929 257775 257580 258863 259949 258311 258241 259867 259792 258863 259979 256979 258375 257398 257278 261957 257153 257015 259620 257278 257153 258744 258648 
28 249756 249583 248390 249646 249627 248531 250377 250581 248390 249525 249525 249921 248794 249627 248390 249783 249035 249136 249627 250622 250402 248794 250153 249238 
29 278291 276761 276922 278291 275238 276922 276249 276644 275238 275238 280803 277640 278129 275238 276922 275994 277751 277677 278291 279144 275994 276922 275238 276922 
30 258875 259143 258356 259715 257465 258735 258658 259507 259739 258364 257859 258053 258091 258658 259141 258658 260296 261401 259143 260256 259143 258966 257665 259005 
31 262616 260419 262394 262008 259918 261097 260181 260328 262968 261155 260894 261502 261738 260805 260472 260701 260439 260805 260704 262328 260062 260805 260805 261463 
32 262600 263721 264960 264737 264101 264981 264673 264174 264933 264371 266916 264347 263943 263556 265020 264060 263936 263576 265683 266183 263910 264408 264697 263169 
33 251459 250931 252153 252305 250826 251187 251669 251584 251193 250522 252160 252233 250811 250927 251571 251339 251179 250522 251650 252355 250522 250816 251101 250642 
34 272245 271305 272641 272639 271085 271305 273435 272451 271580 272728 272450 271473 271775 271262 272538 272890 271103 271429 270865 271473 271305 270643 271085 272407 
35 206428 207952 206579 207215 205364 206039 205740 203970 205442 205018 206777 206245 204709 204712 204886 205595 207499 204807 205881 206497 204885 204432 205253 205590 
36 284464 283678 285248 283678 285011 283678 285153 284607 284134 283765 285867 283722 284551 283765 283765 284881 285011 285065 285822 285838 284222 285365 283678 283765 
37 302028 302608 302205 302188 302028 302028 302188 302028 302445 302055 302477 302188 302055 302055 302055 302028 302028 302055 302314 302779 302028 302028 302205 302205 
38 210212 210212 210212 210643 211761 210212 210212 210212 211465 210700 210650 210212 210402 210212 210762 210629 211563 212700 210402 211034 210212 210402 210629 210212 
39 231388 231862 232857 232630 230737 231827 232026 232052 231847 231582 232646 233024 231862 230737 231859 231515 230992 234810 232746 233033 230992 231582 230737 231938 
40 230506 230728 232440 231006 230506 230782 230506 232488 231006 232328 230834 231745 232109 230728 230782 232644 232109 231522 231006 233917 231183 231109 230506 232502 
41 290732 292474 291631 295370 290040 290040 291062 293618 290154 293831 293463 292323 291135 289709 291299 290369 290850 292169 292102 293104 291724 290094 290732 292821 
42 285533 282640 286941 286884 282734 285617 282499 283879 284568 283049 284032 285277 282640 284873 283265 284535 284849 282119 285521 285016 284651 282895 283748 284120 
43 264500 264507 264353 263185 262702 263348 264167 263875 264292 263185 263574 263908 262702 263562 262702 264230 264350 264503 265244 264314 263562 263160 263562 263502 
44 246039 245568 247671 244517 245305 245626 245887 245552 245367 246321 246084 245508 245074 244517 245552 246209 246084 246536 244931 246210 245070 245552 246283 246061 
45 236838 237314 235162 236172 235392 234859 234774 236491 234389 235224 234311 235521 234311 235068 234860 236142 234502 234581 234933 236327 234405 234311 234405 234502 
46 223252 221764 222495 222689 222042 221161 221161 221161 222644 221161 223065 222024 221764 221795 221161 222714 222408 221764 222484 221900 222021 221161 221814 221764 
47 248191 247972 247799 248825 248581 248296 247940 248764 250522 249123 249353 248836 247432 246951 248606 249402 249206 248802 248851 251213 247610 248005 248614 248528 
48 262867 263697 263707 264418 261825 263576 263061 263002 263920 263126 262875 263426 263712 262945 262174 263461 263556 263118 263104 264286 262501 263575 263148 263324 
49 230608 232343 233074 231716 230566 230566 230566 230608 230698 231199 230608 231782 230947 230960 231393 230608 230859 230746 231468 231714 231342 231234 230608 231536 
50 265507 264828 264406 264654 264887 263824 263509 264038 264732 264562 263998 264820 263557 263149 264161 263674 263918 265524 264229 265370 264902 264731 264568 264620 
51 274964 273714 274068 276709 275954 276468 276058 273904 274650 274952 276596 274551 275596 273880 276384 273996 274436 274646 274357 274563 275301 273927 275638 274391 
52 240224 239783 242621 241941 239783 241695 239783 240430 240282 242150 240224 240430 240282 240282 239783 240282 240224 240809 239783 240430 239833 240224 241202 240430 
53 220639 221474 222001 220663 221058 220639 222379 221474 222438 221290 221051 222033 221509 220639 221113 220639 221927 222574 221146 221671 220810 220827 221379 221535 
54 232147 231493 233579 229978 230385 230385 230385 230385 230538 231667 230254 232656 230209 230385 230430 230535 230874 231192 232280 230700 234214 231147 230408 231044 
55 231297 231166 231541 232584 231371 232404 232342 230904 231325 231703 232168 232342 231610 230904 231865 230904 231610 231480 231506 232045 230819 231323 231064 231646 
56 277103 272471 271719 272025 270684 270610 271151 272327 273217 271465 271141 277116 271664 271109 268732 270991 272399 271109 272733 273441 275407 270602 271279 270839 
57 294430 296147 295630 294845 292091 292300 294573 294607 295646 294164 296149 296785 292764 293439 294317 292680 291205 296113 293968 296562 295203 295046 291764 293342 
58 254252 254554 255151 254765 253503 255573 254467 254429 255195 255023 255226 254149 254785 254847 255785 254813 254782 253503 255502 254893 254438 253503 255080 254581 
59 204148 205358 206572 206003 205063 206284 206284 205063 205063 205885 207227 205802 205358 204148 205480 205000 205063 205063 206032 205913 205480 206032 205885 205873 
60 240523 238457 239995 241870 239438 239112 238934 240086 240508 239999 242176 245024 239596 241816 239214 243119 238773 239176 240183 239692 239596 240184 238773 240986 
