x 5-50-2 5-50-5 5-50-8 5-50-10 5-100-2 5-100-5 5-100-8 5-100-10 8-50-2 8-50-5 8-50-8 8-50-10 8-100-2 8-100-5 8-100-8 8-100-10 10-50-2 10-50-5 10-50-8 10-50-10 10-100-2 10-100-5 10-100-8 10-100-10
1 27 42 68 86 51 97 122 147 40 76 83 94 76 126 163 185 47 75 110 114 81 157 243 267 
2 29 52 56 73 44 87 98 139 41 66 82 94 66 136 179 216 48 72 105 121 82 137 196 280 
3 21 51 65 79 38 86 120 136 38 59 82 90 73 118 209 187 44 73 115 131 88 150 232 258 
4 26 36 56 66 41 89 121 128 34 54 98 107 82 137 154 205 40 77 117 117 97 137 226 229 
5 23 44 63 54 47 72 98 127 30 58 85 97 65 122 155 232 37 68 102 133 88 142 194 233 
6 28 51 67 88 50 106 185 159 39 80 98 127 74 158 233 293 56 105 131 136 109 200 243 328 
7 30 71 71 81 53 86 174 169 50 70 119 115 85 166 196 237 47 97 134 140 109 169 246 243 
8 28 45 70 70 58 86 121 148 50 82 105 117 69 135 175 198 52 100 107 147 87 153 223 256 
9 27 49 63 105 56 92 170 158 45 65 101 101 92 124 208 276 68 89 121 122 97 184 249 261 
10 27 53 87 108 72 89 135 142 43 67 98 132 74 171 208 247 62 102 115 162 113 177 255 318 
11 29 54 66 69 65 97 159 154 43 74 90 124 78 132 237 206 50 82 110 147 99 183 260 279 
12 23 41 59 62 46 100 94 163 52 73 92 91 85 115 183 179 48 84 115 127 79 145 199 235 
13 29 66 66 82 54 120 145 209 47 86 118 118 86 151 204 249 60 108 121 146 99 193 251 333 
14 32 48 82 74 60 112 128 124 47 69 102 118 99 171 215 235 57 88 116 136 83 160 244 259 
15 22 52 63 68 41 122 126 170 36 79 99 104 72 121 196 217 39 77 112 130 79 143 239 254 
16 18 50 56 52 55 89 128 133 33 62 88 85 71 102 150 199 39 70 108 113 69 142 168 216 
17 23 28 40 44 26 53 81 99 26 49 57 87 48 85 119 161 29 62 73 86 56 149 219 157 
18 17 38 42 41 39 75 93 94 26 55 62 71 48 94 148 183 32 58 82 102 59 116 174 206 
19 16 31 42 53 44 67 78 97 31 50 72 79 55 98 135 170 35 66 78 90 54 125 165 187 
20 18 36 61 63 36 78 95 126 28 79 81 93 69 117 162 191 40 75 101 131 69 148 182 236 
21 27 42 51 62 45 68 106 108 34 61 79 94 59 96 143 206 34 67 89 113 76 144 178 225 
22 23 40 63 71 39 70 115 128 28 73 84 94 50 108 160 207 39 74 100 109 78 143 192 217 
23 27 33 54 63 42 75 129 148 28 56 77 95 54 124 155 181 35 66 103 127 78 122 175 206 
24 17 62 63 82 49 73 132 125 35 51 69 91 64 105 151 187 38 63 98 116 79 141 176 229 
25 27 48 57 64 48 110 91 117 35 84 95 108 67 119 212 207 47 84 100 120 88 134 213 257 
26 21 40 50 67 45 69 88 131 36 53 84 94 69 109 137 196 39 67 95 112 79 131 192 211 
27 28 42 54 57 50 86 98 120 37 61 96 92 66 112 170 182 38 71 106 112 78 131 209 225 
28 21 45 51 76 43 74 136 121 38 69 76 94 65 106 148 211 41 66 102 137 72 138 211 213 
29 21 31 56 52 63 72 79 107 30 55 68 77 55 115 129 185 41 65 94 98 70 144 178 203 
30 23 38 54 77 37 72 141 127 31 66 88 101 69 118 169 207 45 77 101 122 89 134 236 243 
31 16 31 44 53 34 68 88 83 27 55 71 84 47 89 120 135 33 54 73 91 60 106 158 184 
32 16 31 51 41 36 46 107 107 23 45 58 64 49 95 131 144 30 50 79 76 56 132 164 217 
33 15 31 58 46 34 64 77 97 27 44 59 61 50 91 121 135 31 77 87 93 56 125 139 180 
34 21 32 59 54 32 61 126 84 27 56 67 89 51 91 113 152 33 58 89 100 58 108 151 220 
35 23 30 41 58 36 61 99 92 26 53 71 86 50 118 131 161 36 54 97 90 66 120 178 188 
36 23 37 50 56 34 65 118 102 28 51 76 100 72 112 148 179 34 65 81 108 71 135 179 245 
37 22 32 48 58 33 73 89 110 32 55 67 93 57 97 147 191 38 70 89 103 74 127 187 229 
38 21 36 52 61 38 80 86 99 32 50 91 104 57 133 150 168 37 69 88 106 67 135 167 218 
39 27 35 52 54 43 100 101 115 35 54 81 96 73 108 154 181 44 66 91 121 75 135 170 225 
40 24 33 47 63 37 85 98 108 29 54 80 86 72 97 152 172 39 66 91 103 66 123 161 201 
41 30 40 55 65 56 94 98 168 32 55 83 122 65 110 153 219 49 68 99 123 69 146 192 218 
42 21 30 41 61 42 67 81 95 32 67 71 78 53 107 160 162 39 71 92 97 62 125 195 215 
43 25 36 53 56 45 79 84 95 34 53 82 87 59 100 147 155 37 77 97 120 69 123 195 215 
44 22 39 47 60 46 74 117 132 32 57 80 96 65 126 169 187 42 69 91 122 71 128 221 245 
45 16 40 44 54 38 86 93 110 32 51 82 83 51 106 160 178 34 72 91 111 65 120 185 213 
46 17 33 42 50 31 69 112 108 25 48 64 74 43 91 146 156 36 60 72 93 54 102 154 195 
47 17 39 48 49 35 74 98 163 24 47 66 77 60 88 136 162 31 55 95 87 62 110 153 165 
48 16 36 37 51 30 60 74 105 25 44 65 71 52 79 126 167 31 51 86 103 54 106 147 179 
49 21 33 52 62 34 70 101 87 29 50 87 93 62 101 156 157 36 65 105 106 66 123 156 205 
50 27 40 42 49 39 70 78 119 30 53 73 71 52 105 121 157 37 62 101 105 61 117 157 183 
51 19 29 45 60 36 62 91 104 37 45 60 78 62 91 144 171 36 76 78 103 81 119 153 183 
52 21 40 52 85 31 95 92 119 37 56 74 94 60 96 149 162 40 80 96 110 67 132 173 195 
53 23 27 58 56 41 73 93 124 23 46 72 69 54 91 125 134 38 60 80 77 65 106 150 173 
54 25 34 47 67 30 62 78 94 34 47 65 87 45 92 142 153 34 63 83 108 62 118 147 173 
55 19 48 47 63 41 68 101 113 34 53 74 80 56 99 126 152 33 62 82 96 60 121 186 191 
56 23 45 60 53 41 84 117 108 36 60 83 90 54 109 151 202 38 70 105 121 84 122 181 241 
57 17 33 47 56 49 106 87 107 33 56 98 82 52 108 158 206 34 83 86 108 72 118 181 217 
58 26 34 50 58 44 86 87 123 28 63 75 96 52 108 201 174 44 68 124 121 67 129 182 200 
59 15 39 53 49 43 82 93 87 31 51 66 86 52 110 208 217 38 64 85 112 92 117 201 231 
60 22 37 63 87 68 90 121 115 31 52 69 92 81 120 169 190 47 74 100 109 64 132 197 258 
