1 679529 686623 678061 686724 674519 687131 680892 672257 677966 
2 723798 716068 718216 733757 717672 719376 715544 722771 707125 
3 750449 765362 762400 767433 748939 758844 733150 742508 746304 
4 711536 703703 696309 715196 716724 704928 712257 709148 704429 
5 701748 702022 706734 692935 676791 701154 707134 692523 680568 
6 789217 785253 782028 771813 772794 775255 769774 765144 778115 
7 781482 777445 761882 773073 779096 749701 768284 760530 766431 
8 659364 670816 649536 661046 664129 653495 655198 653909 646916 
9 605243 619749 614181 598580 598034 602579 590139 606680 593881 
10 599483 607061 604678 595550 606536 593203 589589 587112 599977 
11 873970 862608 866683 845815 845059 867515 865304 852543 846038 
12 732703 727689 745825 711920 716312 707372 705324 713397 722877 
13 739488 757513 742713 756366 751823 746207 732424 738881 738593 
14 897838 913578 902654 900621 896926 902758 873768 887757 867491 
15 761833 758827 786751 733550 771432 764806 729446 737302 773834 
16 549144 536218 540890 549262 541560 548494 545167 538225 524128 
17 652010 655904 642580 648240 643925 642599 641880 641241 627208 
18 558077 546170 577926 556101 577991 564911 555524 551631 562556 
19 654209 648321 645865 629470 634332 641064 639988 632060 632910 
20 623405 628761 619097 620489 626881 616791 625601 623389 617175 
21 716750 713762 721073 686619 703314 688302 703311 696156 697142 
22 688145 699079 697928 684167 684564 688409 687603 683633 683980 
23 616222 627569 625793 615668 590105 614658 624142 614993 601785 
24 688930 692504 700383 696796 693383 674649 695496 693709 700807 
25 735921 737708 721188 715452 720152 727464 698961 702405 723310 
26 724455 723689 729293 718547 717352 721355 726220 700313 717671 
27 718396 731622 715085 725517 740957 731997 717132 731367 711791 
28 717249 719716 731606 714514 718128 709826 690474 720475 703841 
29 694467 694732 713128 701193 698879 690117 685722 681349 694543 
30 760234 727697 713800 743916 740270 741714 747580 741888 736893 
31 570197 575165 584234 576278 576014 566556 579686 573740 579150 
32 612526 619650 607148 614652 611415 607735 599455 613454 610388 
33 613635 608020 611936 599018 611982 596901 604055 608528 597064 
34 549402 544863 545473 536163 542657 543319 544918 541184 530947 
35 516692 506895 524468 509858 513656 518001 504717 515989 518001 
36 585549 582402 598127 586316 595617 580415 588154 589033 587774 
37 580868 564689 576508 574470 572469 566260 563256 563464 555384 
38 574078 574550 558694 536970 548446 566605 549445 559210 562357 
39 615152 592303 609217 595660 593054 586581 595136 588703 595421 
40 536894 525144 517737 543732 527904 521535 518835 527267 532309 
41 727781 741860 731585 727247 723971 719865 725682 709288 721110 
42 587306 578688 583871 581031 570051 570787 573116 571378 573614 
43 607518 608591 592417 616285 605477 599449 585351 591393 589782 
44 636731 640081 638353 619385 634730 639085 619111 645235 633652 
45 600655 600026 601092 600888 605155 582368 587424 578695 583368 
46 601159 597114 600130 595531 593440 592211 594819 579243 594519 
47 647652 629185 643299 632845 637231 637182 630486 625682 631892 
48 580557 577990 576048 563938 567612 574657 572387 573909 576511 
49 531593 533136 517484 532847 519326 527540 520650 520528 526354 
50 672702 671912 672617 663572 671093 667527 666831 663727 665974 
51 663253 658305 661759 653670 665213 660719 655136 647679 656142 
52 651804 636770 637566 633067 630565 647824 635185 634573 637717 
53 606942 593837 605659 590699 603238 600252 598093 591305 593818 
54 596788 581388 591553 596992 592103 591002 578675 574994 570520 
55 577360 566949 565026 567993 564497 559717 573747 566999 554017 
56 666907 672523 673588 663527 672206 663769 673272 642722 674796 
57 617882 617738 599951 613869 614532 607199 608705 590275 599461 
58 560853 565114 578215 553985 552140 569204 543841 534038 565489 
59 585824 601639 586306 605940 576208 586095 583137 590650 580087 
60 667772 664366 672702 676616 676805 660797 669348 673588 665156 
