1 824634 847212 864660 824530 762220 841985 856514 860393 789997 845627 862410 858061 765848 828870 857362 852479 798469 846375 849941 854379 768369 837947 846882 839305 
2 837636 909568 922903 921275 843304 898578 912653 923348 802091 905479 906773 937566 824054 898390 887387 916801 827461 898281 909826 917690 807480 894418 906890 903294 
3 895615 915456 923187 925921 835004 928472 929217 938573 865180 921286 929017 938186 842292 910246 915879 931727 856424 930090 940881 918022 847505 909089 910363 933303 
4 802372 902256 878785 907345 828884 877803 888685 886222 812693 895384 880782 884762 788198 872969 870255 876194 821551 868570 884207 889767 805193 861588 871493 883638 
5 801402 864975 861247 859624 779632 842170 855970 845159 804729 822505 857442 842519 782293 842672 850999 857835 782702 843497 859769 861454 776094 838088 828611 847371 
6 864756 967127 963502 975027 881218 925190 939547 962863 889591 940370 954821 967690 899192 953683 949918 953514 886342 948249 927170 958037 868582 930900 954532 954947 
7 884404 928603 942266 926305 855459 939989 931888 926498 896158 921299 931707 917512 877741 925572 935860 943077 873693 931661 929088 936277 865304 920979 934575 919055 
8 788388 822309 827253 835211 756376 820897 813976 830839 775221 804992 821497 835219 751198 810246 817839 828130 780735 835947 816856 832218 743585 815435 834354 814416 
9 721493 780698 810588 802779 721376 786636 796122 786178 717955 775437 783330 796282 708175 773621 792737 780540 727291 771013 787313 808204 721590 768900 776246 794625 
10 696564 773491 790260 780100 707023 759467 764806 755199 688199 754797 774612 782557 694859 762819 765164 775221 705103 765720 779481 763016 690405 758933 763536 737996 
11 970774 1.04269e+06 1.05769e+06 1.04786e+06 989249 1.02775e+06 1.03671e+06 1.03944e+06 996375 1.04277e+06 1.06467e+06 1.05387e+06 964583 1.03737e+06 1.06507e+06 1.04817e+06 986178 1.04396e+06 1.05652e+06 1.05878e+06 976112 1.03822e+06 1.03717e+06 1.06022e+06 
12 845836 909712 889154 927252 806039 893780 894403 905376 816926 890324 901506 913547 825174 858731 902271 905377 844130 893819 890923 895648 807738 876911 900511 878772 
13 872929 918762 912467 921236 827218 908592 922449 934911 872915 908131 924156 924286 841051 904682 924667 926516 846437 910580 928966 925045 853616 901938 902078 928308 
14 1.06124e+06 1.11025e+06 1.12358e+06 1.09488e+06 1.0155e+06 1.06809e+06 1.09022e+06 1.08843e+06 997425 1.07823e+06 1.09638e+06 1.11182e+06 1.03477e+06 1.08448e+06 1.09196e+06 1.11236e+06 1.04367e+06 1.07572e+06 1.09494e+06 1.09884e+06 1.02144e+06 1.07859e+06 1.07836e+06 1.09975e+06 
15 910971 933039 940380 956910 883205 926803 956612 952869 836612 932318 923915 958976 862929 926175 938666 941668 867087 945143 943223 948205 873261 916678 931354 946319 
16 607210 682956 661042 670247 623412 657359 657315 672481 608215 677326 654982 668217 623814 664023 648780 666520 615738 645170 674567 666291 617820 649547 656848 668654 
17 761025 764110 775761 753256 734277 755121 783319 798011 724983 772984 780916 778023 732971 757671 775919 775081 714653 778540 787017 787453 707788 753745 778237 776065 
18 649925 692098 705426 723268 654535 718176 714351 721253 656516 704155 701043 672368 654827 689797 714807 712991 650567 686978 683853 724515 644428 707827 701574 685574 
19 732331 764075 789591 788814 745407 775204 781887 788900 735111 780076 776130 778982 733103 763837 784396 770953 716916 769157 783279 776688 716022 770032 761650 757395 
20 747775 802162 776076 785998 723314 765730 766200 765421 721667 787097 775884 773206 692234 765728 761564 763752 705923 754444 780502 777420 707307 761531 761590 765095 
21 785050 867067 899377 839065 806506 889229 852626 876711 829528 877849 898650 892627 819721 854445 875529 893960 806157 889004 891602 890822 816703 881309 898705 905691 
22 828446 892522 839651 835866 795898 834585 852754 832835 803689 831412 869182 839651 777675 839651 854437 863464 823789 839651 858547 839651 793554 832025 850042 859127 
23 710402 755634 759352 760201 706527 770622 783197 757703 709747 767148 746010 767420 693142 753146 744931 749922 683005 760793 752966 778320 685803 735053 742103 748037 
24 805878 867347 850909 872578 817589 868541 857606 841286 796426 859456 868656 848359 804844 842012 858452 851988 798251 852419 854435 842509 799583 846573 849223 857933 
25 847357 917108 908949 891066 853418 878201 899029 908805 804674 902400 896506 918619 792369 869435 866213 867262 823019 885018 895408 912836 831306 878711 875385 865724 
26 837453 906353 886723 880906 836569 881386 874971 886723 819462 888007 878700 879889 821647 874080 886723 880906 818219 868502 877524 880906 827178 862205 881340 870495 
27 822708 923725 926431 898145 858029 927264 904523 915268 861222 920888 904849 920637 837996 909884 928484 923536 825658 930272 927904 943057 851932 903817 931265 933819 
28 834051 877780 899128 918583 836825 888629 872444 906031 829390 901583 902479 887420 833884 889336 891889 869022 821305 883189 883322 898847 828218 880667 880496 877378 
29 837421 883447 911682 886229 808170 886229 886229 867396 822991 847587 886229 898004 809967 868620 881838 884945 840669 875098 889861 886025 817290 876339 881268 886357 
30 878273 939393 942868 939206 862122 909314 935774 919341 836005 929954 927312 935048 856176 929050 928024 912311 858013 933678 912862 928362 843024 904950 918676 934614 
31 666800 698922 679189 703689 651752 696685 683010 699431 660660 690523 691188 688887 655174 681246 704702 683501 650851 689496 684916 683164 655397 663328 687712 675210 
32 690087 725565 720957 724202 704388 726494 715729 715729 705196 721729 715729 715729 689906 726395 739845 720957 699153 715729 744830 726191 672774 712348 718438 715729 
33 706599 719769 719031 714372 688096 715823 715726 719773 707280 724894 708870 729820 687728 725525 717824 710253 717096 716749 739247 739052 671511 718214 727870 715422 
34 635572 660495 670249 665498 624864 650425 665460 630513 628731 646435 663459 653056 625082 629075 659014 648402 634072 630877 634032 657410 610215 635037 649502 644208 
35 598795 622953 627790 642833 580407 644020 623340 627271 576254 624404 627742 616654 586827 600914 625493 617829 582196 596439 628775 612566 579605 611234 619285 607319 
36 674586 720002 705315 741645 686910 706501 704196 711303 676684 705948 707721 718620 678728 709964 713238 702624 683309 710131 708031 707608 670370 707805 721048 709071 
37 638798 694409 699894 686629 636195 679820 663229 662608 660897 682445 675808 677481 628880 654083 666276 681147 633312 672827 675369 681591 645644 673861 677757 672203 
38 646941 684108 697124 680206 644483 678110 678634 678558 639709 678900 660869 692948 614991 682366 673329 665288 641923 660345 688243 694891 638687 659843 678349 685075 
39 700378 767484 763012 767643 679554 746493 755056 755965 705740 750250 763570 739026 715610 759849 752151 752943 696810 753247 748909 754631 704146 738397 746738 755469 
40 604825 653942 649319 658242 598662 646278 652718 636284 590275 630460 650783 643940 601381 640926 640274 644491 607081 635155 659616 650067 602763 647826 638266 632650 
41 823670 888994 872975 891771 807199 869918 881160 875976 818987 874253 876397 882248 825581 859932 878233 876532 823679 888638 880413 878690 799390 854958 873692 874853 
42 679045 748383 743183 704592 673695 722433 731000 749333 682094 714780 734254 728483 665482 708964 746204 738829 665406 719926 733528 743502 672167 724232 733644 749459 
43 676664 745426 775098 760784 697271 762364 740352 772972 710778 756654 779226 764974 683567 743341 759811 766746 689771 746518 757228 768540 669506 755502 755423 760500 
44 689155 766445 761242 781549 687407 772766 767324 773119 726321 772737 787634 758936 723474 780632 765575 765364 717086 778827 792547 766401 720232 764829 784706 750111 
45 716278 720800 763380 754634 697233 722256 741527 750334 712781 741940 754616 756503 690413 725346 755060 736299 721123 746859 729916 755060 675354 732339 729780 735292 
46 681632 667462 719620 683894 667982 696173 708311 683857 676962 693972 692586 700970 652735 687969 682680 692401 667361 684578 669755 695939 659385 663702 700680 674039 
47 713162 754761 754918 750645 702627 749329 722035 754136 699962 733643 746883 742720 712085 719236 738506 733317 722991 729954 746256 745768 699787 724978 726328 745198 
48 650494 666645 702154 697589 653631 675735 673602 682904 633468 669956 671163 682197 642417 654607 668067 669126 639782 669084 684898 678152 647397 659544 661673 677035 
49 608698 630705 642203 632457 593733 619686 596223 632160 599243 623361 626637 623967 592536 624358 610649 625777 587744 591682 636882 620239 576070 600506 618555 610476 
50 745603 777479 769714 784731 754970 765917 772327 781712 747172 777040 781459 778423 752287 779890 777838 778238 748249 757801 777439 784731 744490 759404 782824 776361 
51 741435 782843 798935 785057 741953 750217 785992 798327 747231 767373 776247 782342 742464 778551 778672 764069 759080 772576 792090 786809 722910 764446 763440 787587 
52 740929 757007 761476 757143 728691 733819 762218 757235 730554 756962 759308 750055 728365 745982 742862 758415 709432 732697 736487 734871 701810 734214 734466 743822 
53 686088 716520 730065 743840 689070 712275 698910 726449 682391 708184 718258 734984 699417 724852 708086 712695 689619 725419 721134 727481 691779 710686 716342 723027 
54 659524 713015 720764 726066 671220 700429 698664 716443 674326 703222 716578 705580 676640 671534 703742 697666 652686 702471 681651 701024 645390 701217 704103 712519 
55 665349 664194 677868 671724 643640 676049 650578 680168 649529 683860 682452 688058 636232 668007 667053 679891 657023 652035 676345 679759 647051 665091 668773 678755 
56 739949 807867 804072 794471 738802 786962 804778 803940 761261 798029 808194 794186 730158 795158 786962 786962 725618 786962 786962 786962 745699 804778 786962 803940 
57 693050 720309 753034 720618 705984 721463 719809 721500 699659 719809 720618 720618 669418 721176 719809 722868 693925 720309 720309 719809 689689 722868 720618 720618 
58 668939 699336 715044 707708 651522 706245 701524 719501 677428 707384 707886 717454 662702 703459 701585 712130 668701 706098 699496 708347 658762 681208 690270 694359 
59 667957 726832 731722 726409 661899 708549 726020 723504 679934 723298 727850 726020 672928 721508 723094 724759 672376 700659 714655 721731 668186 706076 726020 722307 
60 772897 792086 827972 813409 756022 792003 821324 803939 755878 811412 815177 823523 761825 797367 820107 807411 761675 803493 818225 801384 766136 784497 810199 803842 
