12238.1
11476.8
13295.8
13691
17813.4
12707.1
9572.5
9831.8
13540
9455
11684.3
12347.8
10349.9
8073.2
12305.4
10799.7
9826.8
13461.4
10148.2
10990.6
9187.2
9050.5
12053.1
9686.9
11670
12961.7
13733.5
8401
11890.7
12718.9
16342
11968.9
15456.1
11018.4
10776.6
13511.8
16568.6
16912.6
12901.3
14711.8
18247.1
13945.9
13002.2
13183.2
8499.7
12377.1
12254.7
13330.6
9643.8
11859
11801.7
17482
14475.2
18235.5
10222.2
17244.1
13478.1
8744.7
14204
12238.8
10149.3
10010.9
12393.7
16803.9
18831.4
13538.1
19938.3
12415.4
11244.1
13405.1
16283.9
10890.9
11094.1
13707.6
10288.1
15177.2
10688.1
13607.2
12224.9
18748.8
9736.2
9823.8
11968.6
10231.5
12870.3
15118.6
13446.2
15187.8
12597
15996.9
11616.4
10994.2
12169.5
12460.7
14208.2
12034.3
10933.3
11956
8070.3
11766.1
11861.4
13437.7
14134.6
15874.4
12896
16510.8
12429.5
11205.3
14040.4
15338
12983.4
12427.5
12469.3
11113
7811.8
13995.5
11344.1
11475.8
14483.3
15184
12379.7
12623.3
10786.6
6870.5
12911.4
17520.5
14792.7
10412.8
18423.7
15725.9
14227.2
12453.9
10616.5
12424.2
19393.9
16914
12609.3
13731.6
15909.9
11631.3
11147.5
15287.7
10741.2
10671.7
13242.8
13459.5
13234.7
14758.7
10427.9
8478.9
10406.1
14429.8
14973.2
15078.8
12843.8
12764.1
7386.9
16115.2
16201.6
17401.5
11388.2
14405.6
15016.1
13753.7
10971.8
12230.4
18445
11397.9
16447.7
17714.9
14225.6
13105.8
15524.6
13742.2
11620.1
14103.6
13460.9
14380.5
16379.2
13252
14740.7
14218.1
14882.3
16398.2
12951.9
18269.9
12678.3
16353.3
12597.4
15556.4
10195.1
14587.8
11383.7
13985.4
11902.7
10785.6
14455.4
13805.2
15071.8
15053.7
15354.5
14350.4
14937.1
18081.7
13717.6
15062.8
15675.3
11912.9
14281
15814.2
12378.9
11881.2
9024
11965.6
11781.4
13672.9
10833.6
16829.1
15139.8
10523
15032.4
8861
14425.2
13335.1
14027.1
12561.9
11209.6
11429.1
11258.8
11800.1
15087.2
13138.3
17265.4
12792
16479.2
14663.9
11971.3
11112.1
18626
13551.4
16001.2
13209.3
13752.8
15903
10924.2
12773.9
16041.7
13338.3
11956.9
14596.6
17997.5
15216.2
14151
17055.6
10272.3
13847.9
16446.3
16610.1
15985.7
13730.8
12120.2
13534.5
15755.1
14403.2
15607.8
13862.9
14802.6
13809.8
15941.1
13375.3
10742.7
12461.4
14917.9
12702.8
16834.9
12188.4
13198.1
16138.4
15178.9
14061.8
11797.3
13237
13294.9
7898.5
16879.6
10503.2
13650.9
14708.9
15689.5
12757.6
15341.9
16224.1
16179
19435.2
20435.3
17572.2
13506.3
11121.1
12828.1
13865.9
