1 1.18312e+06 1.18596e+06 1.18893e+06 1.18788e+06 1.1923e+06 1.19491e+06 1.1969e+06 1.18903e+06 1.19388e+06 1.18875e+06 1.19329e+06 1.19699e+06 1.18538e+06 1.18321e+06 1.1854e+06 1.19621e+06 1.18932e+06 1.185e+06 1.20114e+06 1.19708e+06 1.20088e+06 1.2002e+06 1.18191e+06 1.1913e+06 
2 994598 993379 984619 989037 985665 975740 982043 982163 975590 972750 982739 994882 976836 972013 987815 972124 987614 988341 983042 988149 971323 976761 983079 978940 
3 1.14978e+06 1.14489e+06 1.14647e+06 1.15227e+06 1.14544e+06 1.1437e+06 1.14179e+06 1.15408e+06 1.16011e+06 1.14405e+06 1.14404e+06 1.15371e+06 1.14548e+06 1.13774e+06 1.14027e+06 1.1465e+06 1.14844e+06 1.14194e+06 1.14508e+06 1.14723e+06 1.13943e+06 1.14809e+06 1.14229e+06 1.14812e+06 
4 958279 939411 948717 947909 937704 942497 942090 942779 945270 943141 938614 939924 932644 941557 947212 939851 944313 936999 941109 943774 949971 938364 947482 939160 
5 1.05995e+06 1.06049e+06 1.06237e+06 1.04883e+06 1.04782e+06 1.04681e+06 1.05568e+06 1.06261e+06 1.05617e+06 1.05829e+06 1.05295e+06 1.04335e+06 1.04148e+06 1.04946e+06 1.06073e+06 1.05753e+06 1.06138e+06 1.04512e+06 1.05481e+06 1.05714e+06 1.04411e+06 1.05169e+06 1.05657e+06 1.05333e+06 
6 1.13573e+06 1.13816e+06 1.13148e+06 1.12681e+06 1.12558e+06 1.1296e+06 1.13394e+06 1.13061e+06 1.14014e+06 1.13129e+06 1.12405e+06 1.1394e+06 1.13964e+06 1.13495e+06 1.13759e+06 1.13905e+06 1.15565e+06 1.13915e+06 1.13696e+06 1.13954e+06 1.13295e+06 1.13939e+06 1.13414e+06 1.12744e+06 
7 1.1345e+06 1.12212e+06 1.12833e+06 1.12299e+06 1.13111e+06 1.12452e+06 1.11216e+06 1.12238e+06 1.13302e+06 1.13237e+06 1.12212e+06 1.1303e+06 1.12713e+06 1.11783e+06 1.12321e+06 1.12592e+06 1.1352e+06 1.12279e+06 1.12372e+06 1.12389e+06 1.13073e+06 1.11389e+06 1.12485e+06 1.12638e+06 
8 1.20659e+06 1.21972e+06 1.21179e+06 1.21198e+06 1.21315e+06 1.22658e+06 1.2219e+06 1.218e+06 1.2266e+06 1.21342e+06 1.21561e+06 1.21897e+06 1.23268e+06 1.21447e+06 1.21871e+06 1.20963e+06 1.21366e+06 1.2077e+06 1.21219e+06 1.21232e+06 1.24319e+06 1.20614e+06 1.22631e+06 1.21409e+06 
9 1.20946e+06 1.20905e+06 1.20614e+06 1.21392e+06 1.22096e+06 1.20899e+06 1.21433e+06 1.21404e+06 1.21699e+06 1.21224e+06 1.21168e+06 1.21335e+06 1.20752e+06 1.21358e+06 1.21493e+06 1.21219e+06 1.21339e+06 1.21596e+06 1.21692e+06 1.21743e+06 1.21203e+06 1.21391e+06 1.21063e+06 1.21335e+06 
10 1.19165e+06 1.19091e+06 1.19379e+06 1.17587e+06 1.18632e+06 1.18969e+06 1.17887e+06 1.19161e+06 1.19894e+06 1.19177e+06 1.17156e+06 1.19587e+06 1.1705e+06 1.183e+06 1.18892e+06 1.18374e+06 1.18555e+06 1.17869e+06 1.19252e+06 1.1967e+06 1.18487e+06 1.17747e+06 1.18065e+06 1.19563e+06 
11 1.00248e+06 1.00514e+06 1.00815e+06 1.00837e+06 1.00705e+06 1.00497e+06 998556 1.0009e+06 1.01247e+06 1.00011e+06 1.00687e+06 1.00582e+06 1.00789e+06 1.00216e+06 1.00269e+06 1.00096e+06 1.00205e+06 1.0083e+06 1.00569e+06 1.00694e+06 1.00483e+06 999172 1.00583e+06 1.00076e+06 
12 1.08617e+06 1.08266e+06 1.08042e+06 1.08607e+06 1.07523e+06 1.08329e+06 1.08726e+06 1.09095e+06 1.09912e+06 1.07735e+06 1.08989e+06 1.08138e+06 1.09053e+06 1.08292e+06 1.08461e+06 1.09382e+06 1.09912e+06 1.09295e+06 1.09513e+06 1.08956e+06 1.07447e+06 1.08605e+06 1.08559e+06 1.07626e+06 
13 1.20776e+06 1.19696e+06 1.20435e+06 1.21357e+06 1.20181e+06 1.20541e+06 1.20153e+06 1.20415e+06 1.22648e+06 1.19723e+06 1.2018e+06 1.20243e+06 1.19506e+06 1.21406e+06 1.199e+06 1.20372e+06 1.2085e+06 1.20362e+06 1.21171e+06 1.20812e+06 1.19773e+06 1.19759e+06 1.19594e+06 1.20134e+06 
14 1.07471e+06 1.07153e+06 1.08568e+06 1.07431e+06 1.07123e+06 1.07319e+06 1.0751e+06 1.07434e+06 1.07242e+06 1.0726e+06 1.07518e+06 1.08206e+06 1.07266e+06 1.06962e+06 1.06608e+06 1.07382e+06 1.10099e+06 1.07417e+06 1.07136e+06 1.07368e+06 1.07755e+06 1.07547e+06 1.07183e+06 1.07439e+06 
15 945805 950224 950696 958298 945489 950404 950790 946161 937051 953557 948036 942127 953064 942253 936534 946460 963838 933052 941983 945277 953828 946518 948086 946798 
16 975060 970758 963383 963521 957907 959292 963279 964486 962003 964134 960582 957558 964097 961481 961193 970071 973713 959890 967869 971670 961782 964164 962701 963365 
17 1.06238e+06 1.04696e+06 1.07438e+06 1.07765e+06 1.04808e+06 1.03605e+06 1.05852e+06 1.0707e+06 1.06305e+06 1.06396e+06 1.06164e+06 1.0681e+06 1.0577e+06 1.05681e+06 1.06386e+06 1.06524e+06 1.06908e+06 1.0444e+06 1.05696e+06 1.06447e+06 1.05896e+06 1.0606e+06 1.05079e+06 1.06761e+06 
18 878360 887613 891343 869739 879238 866277 889812 888990 884264 874835 886170 896249 885067 884043 881916 878246 875499 880775 891654 881876 872846 867064 883153 871661 
19 1.08978e+06 1.07692e+06 1.08883e+06 1.08481e+06 1.08365e+06 1.07234e+06 1.07227e+06 1.08296e+06 1.08126e+06 1.07868e+06 1.08462e+06 1.07916e+06 1.08136e+06 1.07986e+06 1.07935e+06 1.08122e+06 1.08494e+06 1.07357e+06 1.07413e+06 1.08565e+06 1.07257e+06 1.07431e+06 1.07394e+06 1.08638e+06 
20 1.14859e+06 1.13369e+06 1.13254e+06 1.14395e+06 1.13997e+06 1.13306e+06 1.14188e+06 1.13778e+06 1.13605e+06 1.12964e+06 1.13545e+06 1.13712e+06 1.1417e+06 1.13653e+06 1.13166e+06 1.14121e+06 1.13122e+06 1.13696e+06 1.14208e+06 1.13869e+06 1.13388e+06 1.1326e+06 1.13629e+06 1.13751e+06 
21 831625 832538 837960 836769 831661 826803 835080 833852 830244 833200 840749 837190 833693 829240 833223 840186 841724 831582 839360 828879 835376 827092 830948 834823 
22 1.02313e+06 1.00487e+06 1.02057e+06 1.0286e+06 1.0228e+06 1.00358e+06 1.00782e+06 1.00422e+06 1.01739e+06 1.01689e+06 1.02023e+06 1.01415e+06 1.01759e+06 1.00797e+06 1.00845e+06 1.0133e+06 1.0195e+06 1.02158e+06 1.02177e+06 1.02263e+06 1.0202e+06 1.00809e+06 1.01211e+06 1.02178e+06 
23 970712 969584 969849 973129 971711 964410 970185 973842 977570 968949 972173 977589 966868 966172 971186 974540 977418 968901 976647 973916 967164 970895 970198 974715 
24 893322 891521 893988 895618 891306 896560 894233 896248 901564 897277 894584 892096 886762 896201 893816 896758 895388 891894 895607 895280 892318 892069 896114 901886 
25 1.00796e+06 999923 1.00025e+06 996965 997472 992991 992943 993434 1.00713e+06 997156 990870 997904 996921 994353 994468 993774 990539 998533 991102 991509 991226 992749 997275 995633 
26 1.0541e+06 1.04583e+06 1.05305e+06 1.05341e+06 1.04524e+06 1.04622e+06 1.04987e+06 1.05361e+06 1.04175e+06 1.04522e+06 1.04676e+06 1.05765e+06 1.0595e+06 1.04734e+06 1.05645e+06 1.06107e+06 1.04669e+06 1.0548e+06 1.0533e+06 1.05113e+06 1.04317e+06 1.0456e+06 1.04823e+06 1.05258e+06 
27 962373 963351 944154 941267 947459 954474 950512 951791 961103 940936 943028 959938 944627 932074 946823 938589 949898 941251 949600 952199 943513 941806 936609 953820 
28 1.12255e+06 1.11513e+06 1.11769e+06 1.11302e+06 1.11151e+06 1.10744e+06 1.11743e+06 1.10691e+06 1.11386e+06 1.11384e+06 1.10989e+06 1.11716e+06 1.11284e+06 1.10929e+06 1.11074e+06 1.11336e+06 1.12162e+06 1.11157e+06 1.10635e+06 1.12136e+06 1.10921e+06 1.10579e+06 1.11069e+06 1.11594e+06 
29 943408 957415 947189 955506 952307 939755 959660 941173 961322 951932 961484 944536 945214 942125 941038 955745 966524 956275 938925 939825 953216 943701 944101 940674 
30 1.04856e+06 1.04166e+06 1.03349e+06 1.04454e+06 1.03679e+06 1.0341e+06 1.03659e+06 1.03027e+06 1.03236e+06 1.03009e+06 1.03051e+06 1.03821e+06 1.03396e+06 1.03266e+06 1.03237e+06 1.03186e+06 1.03732e+06 1.03576e+06 1.03468e+06 1.04262e+06 1.04056e+06 1.03014e+06 1.03601e+06 1.03602e+06 
31 829777 838555 837788 838577 836400 829005 837177 841073 834966 839468 836740 844089 840389 832439 837610 838063 848134 837952 836582 843202 830901 836709 832342 842593 
32 899541 893638 896794 894288 896256 898178 896902 903529 911043 895654 901809 905088 894722 892439 900322 893337 894330 893614 896148 902912 905087 889414 894731 893815 
33 932114 934208 929417 935401 934828 928807 928821 932222 955433 937367 945675 931160 932483 934537 929621 938026 943664 932883 932175 945550 935718 932011 929310 929508 
34 930003 931035 929601 943925 916771 918246 926734 934466 921856 932950 926656 935606 917569 923157 914033 933685 930568 928373 929021 914427 918881 913448 929567 922521 
35 1.03886e+06 1.03917e+06 1.03501e+06 1.03716e+06 1.03639e+06 1.03328e+06 1.03601e+06 1.04001e+06 1.03994e+06 1.0359e+06 1.03806e+06 1.04159e+06 1.03377e+06 1.03617e+06 1.03941e+06 1.03659e+06 1.03699e+06 1.02948e+06 1.03639e+06 1.0377e+06 1.03371e+06 1.03703e+06 1.04066e+06 1.04444e+06 
36 958140 961575 961476 961100 958035 960717 959284 960599 960242 962627 962107 959784 961378 956780 956542 958398 955637 967305 960109 964760 963811 957389 960824 960659 
37 1.03412e+06 1.02978e+06 1.0395e+06 1.04113e+06 1.02875e+06 1.0335e+06 1.02727e+06 1.03329e+06 1.03245e+06 1.03647e+06 1.03798e+06 1.04627e+06 1.04638e+06 1.03838e+06 1.03333e+06 1.03865e+06 1.04124e+06 1.02676e+06 1.04071e+06 1.03817e+06 1.03637e+06 1.02952e+06 1.03798e+06 1.03806e+06 
38 1.1332e+06 1.13427e+06 1.12999e+06 1.13388e+06 1.12479e+06 1.12239e+06 1.1223e+06 1.12222e+06 1.13427e+06 1.12111e+06 1.13321e+06 1.12096e+06 1.12595e+06 1.12832e+06 1.11956e+06 1.13151e+06 1.13574e+06 1.12616e+06 1.12987e+06 1.12446e+06 1.12763e+06 1.12767e+06 1.12153e+06 1.1248e+06 
39 967998 966750 970784 975831 961284 950441 961268 966312 966252 961071 968955 977415 970131 952669 961078 962640 955217 956089 960901 959747 963976 959189 967976 960678 
40 874973 875907 862189 867637 879603 860798 855147 864411 868552 869924 870404 877329 861701 862968 867374 860698 876035 862141 861690 864007 854816 866113 856491 861967 
41 976468 982256 980126 973121 976615 974087 976406 974839 974409 976135 975639 977714 977703 974322 972837 980309 969753 976383 982406 980416 967183 971696 970693 979196 
42 996169 1.0047e+06 1.01252e+06 1.01888e+06 1.00174e+06 1.00322e+06 1.00686e+06 1.01387e+06 1.0117e+06 1.00362e+06 1.01195e+06 1.00563e+06 1.00123e+06 1.00562e+06 1.00987e+06 1.00915e+06 1.00272e+06 1.00434e+06 1.00188e+06 1.01325e+06 993114 1.00273e+06 1.00376e+06 1.00561e+06 
43 1.01163e+06 1.01599e+06 1.02138e+06 1.03129e+06 1.01672e+06 1.02109e+06 1.02646e+06 1.02103e+06 1.01716e+06 1.02662e+06 1.02409e+06 1.02973e+06 1.02331e+06 1.0192e+06 1.02256e+06 1.02495e+06 1.01806e+06 1.02421e+06 1.02369e+06 1.02304e+06 1.02642e+06 1.01459e+06 1.02437e+06 1.02817e+06 
44 938364 940767 934184 943459 935520 931695 936203 945692 936618 935409 944295 949859 935045 945066 942778 936798 940069 942187 934733 941784 937986 934701 938052 937420 
45 1.0254e+06 1.03227e+06 1.02731e+06 1.02854e+06 1.03447e+06 1.02379e+06 1.02271e+06 1.03361e+06 1.03709e+06 1.03129e+06 1.03248e+06 1.03256e+06 1.02697e+06 1.02824e+06 1.03012e+06 1.03255e+06 1.02529e+06 1.02821e+06 1.02773e+06 1.02606e+06 1.03145e+06 1.02536e+06 1.03052e+06 1.03311e+06 
46 935123 929693 932899 933264 931178 929662 930672 934664 926782 929717 934474 929145 930380 932658 931927 932622 937034 928108 932124 936513 926235 927977 930319 925933 
47 828313 829499 830445 823439 823022 826618 823485 826134 826628 824103 826943 832956 825246 824909 825459 828570 825017 825448 829235 828476 817438 821784 823812 831280 
48 1.01491e+06 1.02038e+06 1.01661e+06 1.0198e+06 1.0126e+06 1.01531e+06 1.0153e+06 1.0206e+06 1.01485e+06 1.01548e+06 1.02232e+06 1.02219e+06 1.0136e+06 1.01956e+06 1.01896e+06 1.02229e+06 1.0138e+06 1.01487e+06 1.02116e+06 1.02081e+06 1.01711e+06 1.01361e+06 1.01982e+06 1.01815e+06 
49 899511 901600 896382 901770 897149 894220 900228 904661 902337 900192 899551 906564 889288 902250 898298 888211 902622 900161 904096 906110 895443 890734 902272 887956 
50 894265 886715 881283 874958 866607 871767 876212 868993 883646 880448 892997 887309 878937 880325 868457 871194 866478 880043 872760 873296 888520 865590 871055 875721 
51 924325 909526 925591 914254 918198 913705 909581 916330 906471 913936 916732 922743 910159 911342 914980 922263 922584 912363 913580 921467 905082 910777 917245 918120 
52 889012 891317 892096 891902 886120 886178 887353 893715 890915 896456 885372 891979 884048 885016 887714 895765 896330 890512 895284 889452 886555 885108 888073 889790 
53 959917 969992 964692 963205 956770 966586 965051 965437 962009 964298 965478 965931 964274 967730 965542 959224 961376 969476 964222 971739 958833 964752 966159 962985 
54 920403 924981 927354 930221 924002 925347 927755 929298 932213 926812 924654 933368 931415 924275 927769 927093 927276 925656 926530 932690 926244 921511 923408 929680 
55 939411 946615 944458 954506 947421 946462 948264 950268 953272 943616 947346 948841 948330 942972 944643 948049 942510 948938 950719 947650 943643 945338 950592 950659 
56 885282 877838 880026 883486 877336 872785 879679 884904 876681 879013 882164 881618 872545 881416 878962 878751 876584 881742 879123 878022 878218 877084 873651 878385 
57 775686 780464 781380 780124 780411 773987 775946 779690 782083 777052 777270 779274 775821 774762 774824 777546 772704 777651 776918 779593 774367 774895 777147 775971 
58 914550 915042 916861 909916 911886 913111 911569 914437 915916 909398 912075 917207 915284 911790 914986 913422 919965 909309 912357 914843 909635 914893 912793 914364 
59 910472 922758 916718 918424 915252 912194 918470 909443 913703 907723 915010 927541 925216 909927 920987 911914 920977 910321 915657 912336 914591 909848 922637 924304 
60 951157 937908 939523 941025 938163 939726 942074 939943 947404 941367 940869 941616 937789 940655 943576 944647 954162 938095 940571 939726 943552 939029 941732 941326 
