1 1.18912e+06 1.19581e+06 1.19767e+06 1.20083e+06 1.18472e+06 1.18445e+06 1.19307e+06 1.18222e+06 1.1938e+06 1.19274e+06 1.1859e+06 1.18795e+06 1.18611e+06 1.18193e+06 1.19069e+06 1.18966e+06 1.18259e+06 1.1831e+06 1.19903e+06 1.19067e+06 1.18928e+06 1.18995e+06 1.18834e+06 1.18711e+06 
2 975422 979000 987428 985180 974143 977323 985481 982559 986541 976792 991660 993030 990655 982073 983986 985761 974086 987325 976802 986941 986996 980311 982326 979479 
3 1.15434e+06 1.14909e+06 1.15646e+06 1.15706e+06 1.13667e+06 1.13862e+06 1.14169e+06 1.14044e+06 1.1426e+06 1.15028e+06 1.14238e+06 1.1502e+06 1.13392e+06 1.14269e+06 1.14227e+06 1.149e+06 1.15255e+06 1.1496e+06 1.14455e+06 1.14624e+06 1.14865e+06 1.14661e+06 1.14298e+06 1.14885e+06 
4 931576 939387 947582 948524 933361 951538 928468 939464 948450 929782 940969 954031 943946 931127 937148 941636 954391 950347 945648 949188 933060 937591 935214 944866 
5 1.05321e+06 1.06355e+06 1.05457e+06 1.0653e+06 1.03792e+06 1.05874e+06 1.05762e+06 1.05924e+06 1.04407e+06 1.04909e+06 1.05843e+06 1.06268e+06 1.0372e+06 1.05896e+06 1.05128e+06 1.04916e+06 1.04746e+06 1.04963e+06 1.05396e+06 1.05785e+06 1.04848e+06 1.04831e+06 1.0559e+06 1.05434e+06 
6 1.13332e+06 1.13144e+06 1.13011e+06 1.13166e+06 1.141e+06 1.13692e+06 1.12891e+06 1.13545e+06 1.13166e+06 1.13686e+06 1.14075e+06 1.13479e+06 1.12851e+06 1.12508e+06 1.13001e+06 1.13196e+06 1.13389e+06 1.14176e+06 1.13736e+06 1.13578e+06 1.13973e+06 1.12851e+06 1.12469e+06 1.12961e+06 
7 1.1237e+06 1.11846e+06 1.12251e+06 1.12535e+06 1.1224e+06 1.11796e+06 1.1238e+06 1.12777e+06 1.12315e+06 1.12411e+06 1.11454e+06 1.1282e+06 1.12339e+06 1.12466e+06 1.11733e+06 1.12471e+06 1.13093e+06 1.12419e+06 1.12522e+06 1.13001e+06 1.12255e+06 1.12482e+06 1.12201e+06 1.12532e+06 
8 1.21271e+06 1.23452e+06 1.21575e+06 1.21366e+06 1.21172e+06 1.20866e+06 1.20951e+06 1.21456e+06 1.21186e+06 1.23161e+06 1.23393e+06 1.21794e+06 1.224e+06 1.20921e+06 1.21649e+06 1.21393e+06 1.23791e+06 1.21077e+06 1.22571e+06 1.23045e+06 1.20596e+06 1.21818e+06 1.21595e+06 1.21372e+06 
9 1.21141e+06 1.21849e+06 1.2295e+06 1.21848e+06 1.2159e+06 1.2165e+06 1.21259e+06 1.21274e+06 1.21185e+06 1.21663e+06 1.21177e+06 1.21408e+06 1.22006e+06 1.21525e+06 1.21273e+06 1.20822e+06 1.22138e+06 1.21724e+06 1.21826e+06 1.21421e+06 1.21176e+06 1.21356e+06 1.21236e+06 1.21634e+06 
10 1.18357e+06 1.18425e+06 1.17939e+06 1.1901e+06 1.18489e+06 1.18495e+06 1.18096e+06 1.1897e+06 1.19716e+06 1.20531e+06 1.18558e+06 1.20097e+06 1.17706e+06 1.18099e+06 1.1843e+06 1.19061e+06 1.18766e+06 1.18616e+06 1.19502e+06 1.19259e+06 1.17815e+06 1.1766e+06 1.18667e+06 1.19073e+06 
11 1.00683e+06 1.00716e+06 1.00005e+06 995389 1.00435e+06 1.00182e+06 1.0012e+06 1.0057e+06 1.00484e+06 1.0074e+06 1.00474e+06 1.00682e+06 999073 996631 999052 1.00602e+06 1.01332e+06 1.00577e+06 997262 1.00564e+06 1.00083e+06 1.0011e+06 1.00377e+06 1.0034e+06 
12 1.07658e+06 1.09055e+06 1.09664e+06 1.09369e+06 1.08432e+06 1.09567e+06 1.08907e+06 1.08106e+06 1.10644e+06 1.08789e+06 1.08883e+06 1.0903e+06 1.08527e+06 1.08449e+06 1.08752e+06 1.09528e+06 1.09126e+06 1.08847e+06 1.09287e+06 1.09708e+06 1.08586e+06 1.07483e+06 1.08387e+06 1.08117e+06 
13 1.22715e+06 1.21763e+06 1.20145e+06 1.20345e+06 1.21325e+06 1.19479e+06 1.20563e+06 1.20638e+06 1.21616e+06 1.20097e+06 1.20378e+06 1.20744e+06 1.20184e+06 1.19514e+06 1.20008e+06 1.20342e+06 1.21614e+06 1.21072e+06 1.20221e+06 1.20122e+06 1.20721e+06 1.19578e+06 1.20758e+06 1.20599e+06 
14 1.08764e+06 1.06995e+06 1.07783e+06 1.08128e+06 1.07565e+06 1.06788e+06 1.07362e+06 1.07889e+06 1.09102e+06 1.07449e+06 1.09049e+06 1.07824e+06 1.08791e+06 1.0728e+06 1.07774e+06 1.07305e+06 1.07683e+06 1.07829e+06 1.0756e+06 1.08045e+06 1.06691e+06 1.07047e+06 1.07619e+06 1.07786e+06 
15 954720 956341 953249 944301 949364 941657 946210 943344 947629 950914 946519 949935 936413 938839 944051 944149 950560 952373 952743 941473 944708 944160 943857 934065 
16 988208 960937 961896 969390 960794 963345 967171 966757 961784 974180 978354 972879 958715 967350 962589 969951 962205 958401 966056 969869 965729 967353 964359 965800 
17 1.06029e+06 1.06808e+06 1.07236e+06 1.04803e+06 1.05689e+06 1.03217e+06 1.057e+06 1.07103e+06 1.0679e+06 1.05969e+06 1.03568e+06 1.0669e+06 1.03183e+06 1.0581e+06 1.05644e+06 1.06239e+06 1.06586e+06 1.04232e+06 1.07313e+06 1.06419e+06 1.03898e+06 1.05902e+06 1.06224e+06 1.06002e+06 
18 884072 869644 882857 880128 872953 885093 883145 892682 867510 871466 884973 892189 871881 875373 880652 872196 884079 885655 887834 875163 875395 872646 869580 887369 
19 1.08589e+06 1.08362e+06 1.07805e+06 1.08354e+06 1.06708e+06 1.06499e+06 1.07766e+06 1.0803e+06 1.08021e+06 1.08411e+06 1.07493e+06 1.08176e+06 1.06708e+06 1.08464e+06 1.08278e+06 1.07696e+06 1.07946e+06 1.08178e+06 1.07764e+06 1.07975e+06 1.07944e+06 1.07138e+06 1.07541e+06 1.0769e+06 
20 1.15181e+06 1.13266e+06 1.13934e+06 1.13777e+06 1.13049e+06 1.1309e+06 1.13645e+06 1.13876e+06 1.14533e+06 1.13896e+06 1.1393e+06 1.13929e+06 1.13028e+06 1.13046e+06 1.13485e+06 1.13665e+06 1.13661e+06 1.13368e+06 1.13102e+06 1.14051e+06 1.13556e+06 1.1335e+06 1.13117e+06 1.13448e+06 
21 834442 837097 833199 841296 826925 824704 833394 838407 832400 834913 838386 835609 833823 830364 832017 838164 835383 832874 830765 829109 834711 831952 833538 840601 
22 1.02258e+06 1.0238e+06 1.01458e+06 1.01282e+06 1.0267e+06 1.01724e+06 1.01632e+06 1.01234e+06 1.02126e+06 1.02407e+06 1.01823e+06 1.0174e+06 1.02037e+06 1.0064e+06 1.01029e+06 1.01717e+06 1.02793e+06 1.02211e+06 1.00992e+06 1.01952e+06 1.01843e+06 1.01269e+06 1.01192e+06 1.01208e+06 
23 974290 968714 975201 970858 966890 965335 960788 971954 977724 973225 973137 967517 970438 971266 968696 977709 970924 975644 973427 973754 967778 970527 974479 968456 
24 901619 894209 897100 905130 887776 889534 900301 895894 892033 896051 896215 905729 891016 887271 894311 895285 892964 889814 897959 896331 899260 894395 891904 893704 
25 994374 994862 999076 999560 990428 990546 996056 996208 995952 993090 994500 996270 993715 993941 989926 991521 1.00918e+06 1.00056e+06 1.00273e+06 995312 995576 993774 992393 995778 
26 1.05299e+06 1.06109e+06 1.05367e+06 1.05629e+06 1.04968e+06 1.04347e+06 1.05878e+06 1.0544e+06 1.05297e+06 1.04696e+06 1.05448e+06 1.05067e+06 1.04889e+06 1.04953e+06 1.05841e+06 1.05503e+06 1.06199e+06 1.04418e+06 1.06088e+06 1.0603e+06 1.04763e+06 1.04267e+06 1.0397e+06 1.04556e+06 
27 936645 944348 950202 952509 952812 931621 944486 947050 949336 939010 949649 946193 940379 950284 940200 940762 957438 939435 942909 953703 946324 939887 943083 942993 
28 1.13334e+06 1.11389e+06 1.11159e+06 1.10894e+06 1.10663e+06 1.11735e+06 1.11594e+06 1.10535e+06 1.12382e+06 1.11895e+06 1.10979e+06 1.11256e+06 1.11744e+06 1.11078e+06 1.11546e+06 1.11783e+06 1.11167e+06 1.11097e+06 1.11621e+06 1.12533e+06 1.11401e+06 1.11201e+06 1.1061e+06 1.11674e+06 
29 951408 942772 965592 946350 958708 941673 959709 963013 959837 950906 943988 956869 957156 946440 950818 963006 943754 940305 954422 959956 937557 951495 947277 941699 
30 1.04003e+06 1.04726e+06 1.03822e+06 1.03398e+06 1.03128e+06 1.02982e+06 1.03425e+06 1.03656e+06 1.03246e+06 1.04013e+06 1.04101e+06 1.03547e+06 1.03609e+06 1.03108e+06 1.0334e+06 1.034e+06 1.0335e+06 1.04529e+06 1.03186e+06 1.03234e+06 1.02639e+06 1.03139e+06 1.02855e+06 1.03592e+06 
31 846527 844895 835862 840502 829515 830598 830182 837350 838074 831325 842682 835336 837191 834676 832585 838691 833734 832831 838484 837210 829214 832617 831569 833738 
32 899762 892260 891627 911113 904687 894817 903432 898220 898521 889678 902642 902699 892141 897952 897322 908427 901148 909872 901701 907013 889282 892020 893149 902313 
33 946215 936576 941021 935991 936759 935383 937137 932185 942768 938354 930137 932406 943111 933254 936631 938740 927095 933521 940525 940681 936676 929227 931907 929484 
34 933706 920075 926882 939686 922099 923541 913989 933732 910104 918730 927631 940950 914709 924312 932530 931926 922280 919379 922059 929328 917719 910886 920260 930707 
35 1.03627e+06 1.03151e+06 1.03533e+06 1.03935e+06 1.03703e+06 1.03115e+06 1.03757e+06 1.03772e+06 1.03525e+06 1.03347e+06 1.04482e+06 1.04409e+06 1.03626e+06 1.03526e+06 1.03513e+06 1.04107e+06 1.04033e+06 1.03961e+06 1.043e+06 1.04406e+06 1.02886e+06 1.03849e+06 1.03565e+06 1.04215e+06 
36 957173 957788 960842 961768 960675 958662 958926 960068 965061 962914 957591 966654 961218 954875 963436 961025 956563 958827 959893 964101 959324 957782 957784 959789 
37 1.03613e+06 1.03374e+06 1.03611e+06 1.04416e+06 1.02915e+06 1.02855e+06 1.03814e+06 1.03698e+06 1.03964e+06 1.03696e+06 1.03557e+06 1.04005e+06 1.0283e+06 1.03358e+06 1.03207e+06 1.03908e+06 1.03043e+06 1.03922e+06 1.03281e+06 1.04509e+06 1.03038e+06 1.02983e+06 1.03848e+06 1.03986e+06 
38 1.13355e+06 1.12571e+06 1.13483e+06 1.12502e+06 1.12505e+06 1.1268e+06 1.12528e+06 1.13056e+06 1.13053e+06 1.12325e+06 1.12791e+06 1.13484e+06 1.1272e+06 1.12362e+06 1.12896e+06 1.12855e+06 1.12541e+06 1.11989e+06 1.12979e+06 1.12585e+06 1.1322e+06 1.1201e+06 1.11487e+06 1.12868e+06 
39 962636 966143 966876 972596 964656 952811 964680 964820 973630 960613 950175 959370 959310 960948 963169 966908 963605 957714 968428 973048 960773 956149 963207 965030 
40 862136 876508 865281 860931 881918 871017 871738 868637 866250 871376 870425 868186 870227 855802 847287 866974 863085 867220 862632 878795 866172 858204 868695 861756 
41 979057 971598 972999 968223 977500 977931 977813 976240 975130 977453 977916 978190 975479 973341 972769 970953 975227 976933 978822 974205 980222 971843 971988 976382 
42 1.00411e+06 1.00194e+06 1.00045e+06 1.01393e+06 996669 1.00005e+06 1.01274e+06 1.009e+06 999544 1.00779e+06 1.00876e+06 1.00941e+06 998091 1.00361e+06 1.00324e+06 1.00611e+06 1.00889e+06 1.00552e+06 1.00863e+06 1.00427e+06 999031 1.00381e+06 1.00452e+06 1.01449e+06 
43 1.02878e+06 1.026e+06 1.01552e+06 1.02344e+06 1.01884e+06 1.02427e+06 1.02109e+06 1.02059e+06 1.02997e+06 1.03027e+06 1.02482e+06 1.02602e+06 1.02219e+06 1.01275e+06 1.02519e+06 1.02011e+06 1.03026e+06 1.01872e+06 1.02619e+06 1.02652e+06 1.01906e+06 1.01165e+06 1.02529e+06 1.0283e+06 
44 939891 934982 937081 944664 939821 941238 939497 940935 944046 938008 942477 945556 938243 930941 935686 935136 945463 948534 943128 939811 937950 937868 932754 940376 
45 1.03186e+06 1.02491e+06 1.03212e+06 1.02739e+06 1.02825e+06 1.02524e+06 1.02789e+06 1.03512e+06 1.03536e+06 1.02579e+06 1.02607e+06 1.02591e+06 1.02586e+06 1.02772e+06 1.03113e+06 1.03504e+06 1.02965e+06 1.02186e+06 1.02723e+06 1.03127e+06 1.0247e+06 1.02349e+06 1.03096e+06 1.03062e+06 
46 934055 927823 934843 932747 923924 926463 931319 934519 929127 931636 930896 933164 926814 927187 932924 929139 933129 926169 927472 936518 931474 929533 933856 931870 
47 826508 820165 830164 830795 824595 828438 825294 831264 829572 823724 827755 828053 824391 820731 825627 831410 827344 825738 824905 830285 820519 821017 821901 826140 
48 1.01574e+06 1.01843e+06 1.0178e+06 1.0182e+06 1.01273e+06 1.01653e+06 1.02096e+06 1.02286e+06 1.01246e+06 1.01836e+06 1.01969e+06 1.02342e+06 1.0119e+06 1.02237e+06 1.0179e+06 1.02372e+06 1.01795e+06 1.01477e+06 1.01819e+06 1.01298e+06 1.01456e+06 1.01574e+06 1.01405e+06 1.01717e+06 
49 908104 889423 896487 900843 895032 891012 894970 902204 898117 897285 901299 906454 897699 894429 892560 901298 906959 900926 887763 901366 897784 896491 887358 894515 
50 872375 886751 868757 896086 866924 868183 868348 874868 872209 886464 892455 872384 869635 870022 865609 873703 870635 867413 872118 869939 871852 867629 868433 875536 
51 913905 909624 907634 912499 917286 909999 918133 911684 919450 915370 918546 920328 909190 914142 911407 921032 912803 914048 920313 925369 911417 911677 913561 915216 
52 895418 883486 885660 894035 883574 888931 885630 893337 905619 885297 892008 888608 887582 887166 889607 893795 897136 887724 889199 892001 894629 885158 884424 889890 
53 959290 969199 962789 974620 964794 956295 960588 969177 962803 964374 961684 965640 961591 959728 962784 965423 964798 958675 963889 967883 956012 964880 964678 962931 
54 921501 918862 930617 921121 929018 926592 931278 926747 927088 925687 925650 924118 922744 925916 928038 926642 928016 933668 929429 930697 927609 922707 929874 927020 
55 946963 946136 946546 947567 945210 943370 948199 951436 949975 947834 951475 947575 954530 947200 943397 949809 945515 944967 944946 950054 948254 947493 950497 950720 
56 887127 875667 879535 878185 876689 880361 880377 877645 877831 875127 877574 882810 875316 872170 879315 880706 877535 881518 876345 880802 870804 874705 879626 879556 
57 776974 777959 775587 777877 778218 777494 775374 775802 781680 774759 780821 774586 777854 777384 777470 779053 778153 782638 777592 777261 775631 775642 774992 780646 
58 916174 910682 913459 916060 909067 912316 915418 909536 911902 911369 912578 916753 911811 910705 912330 913196 930804 919601 916940 914692 913941 912131 914688 915284 
59 914239 915123 927844 910989 917360 911983 916215 915818 912959 913054 913894 922183 916064 917690 920597 921457 912372 920444 909216 920909 911905 910706 914819 923340 
60 938860 937727 938187 944318 956356 937259 940834 940510 946734 940722 939434 940938 943639 940606 939796 942159 942460 939174 936431 945797 951516 938482 940708 943986 
