1 1.19889e+06 1.19671e+06 1.1898e+06 1.20105e+06 1.19427e+06 1.18917e+06 1.19003e+06 1.19111e+06 1.19077e+06 1.20005e+06 1.19991e+06 1.19006e+06 1.19017e+06 1.19111e+06 1.18953e+06 1.19793e+06 1.19054e+06 1.19136e+06 1.1931e+06 1.18795e+06 1.18864e+06 1.1872e+06 1.18862e+06 1.19031e+06 
2 979194 990476 982871 989449 986012 984579 983204 986814 976389 989064 982170 988197 975875 976601 979546 976835 972684 983184 982232 984676 972678 968748 985190 973082 
3 1.15078e+06 1.13714e+06 1.15412e+06 1.14925e+06 1.14627e+06 1.13616e+06 1.14726e+06 1.14782e+06 1.14989e+06 1.14508e+06 1.14689e+06 1.15399e+06 1.13902e+06 1.14656e+06 1.13987e+06 1.15246e+06 1.15583e+06 1.15099e+06 1.15028e+06 1.15098e+06 1.14678e+06 1.14552e+06 1.14447e+06 1.15687e+06 
4 952585 956228 935381 934801 931843 942808 938483 942079 933168 942220 934168 939466 932291 938401 932378 944188 942275 928645 933298 947072 927538 938361 941390 947715 
5 1.04742e+06 1.04566e+06 1.0561e+06 1.06164e+06 1.0513e+06 1.05614e+06 1.05056e+06 1.06159e+06 1.04991e+06 1.05516e+06 1.05595e+06 1.04823e+06 1.04495e+06 1.06321e+06 1.05824e+06 1.0524e+06 1.05226e+06 1.05616e+06 1.05516e+06 1.05397e+06 1.0558e+06 1.04706e+06 1.04353e+06 1.04557e+06 
6 1.13685e+06 1.12494e+06 1.13437e+06 1.13731e+06 1.12975e+06 1.13031e+06 1.13523e+06 1.12919e+06 1.12549e+06 1.13427e+06 1.13093e+06 1.1394e+06 1.14317e+06 1.13413e+06 1.12728e+06 1.13475e+06 1.13342e+06 1.13472e+06 1.12493e+06 1.1366e+06 1.12737e+06 1.13358e+06 1.12548e+06 1.13455e+06 
7 1.13934e+06 1.1267e+06 1.11426e+06 1.12535e+06 1.12422e+06 1.1121e+06 1.11991e+06 1.13073e+06 1.1299e+06 1.12891e+06 1.12468e+06 1.12535e+06 1.12542e+06 1.12165e+06 1.12146e+06 1.12442e+06 1.12674e+06 1.12534e+06 1.12143e+06 1.11857e+06 1.12385e+06 1.12763e+06 1.12391e+06 1.12827e+06 
8 1.20929e+06 1.23853e+06 1.21683e+06 1.21413e+06 1.24636e+06 1.21162e+06 1.21516e+06 1.21609e+06 1.23495e+06 1.21812e+06 1.21546e+06 1.23991e+06 1.21764e+06 1.21478e+06 1.21546e+06 1.21614e+06 1.27483e+06 1.22638e+06 1.2058e+06 1.23082e+06 1.24452e+06 1.20368e+06 1.23009e+06 1.21163e+06 
9 1.21484e+06 1.21311e+06 1.21313e+06 1.21547e+06 1.23343e+06 1.20507e+06 1.21204e+06 1.2144e+06 1.21651e+06 1.20785e+06 1.2182e+06 1.22285e+06 1.21208e+06 1.21151e+06 1.21961e+06 1.21896e+06 1.20878e+06 1.22432e+06 1.21091e+06 1.21875e+06 1.21853e+06 1.21214e+06 1.2087e+06 1.21547e+06 
10 1.19279e+06 1.18533e+06 1.17539e+06 1.19418e+06 1.17756e+06 1.1732e+06 1.18634e+06 1.18465e+06 1.20314e+06 1.18074e+06 1.18293e+06 1.18597e+06 1.18487e+06 1.17916e+06 1.18391e+06 1.17354e+06 1.185e+06 1.19352e+06 1.18383e+06 1.1825e+06 1.18569e+06 1.16995e+06 1.1823e+06 1.18913e+06 
11 1.01147e+06 1.00145e+06 1.00568e+06 1.00276e+06 996543 1.00411e+06 1.00154e+06 1.00372e+06 998567 1.00641e+06 1.00542e+06 1.00153e+06 1.0015e+06 1.00019e+06 1.00354e+06 1.00548e+06 1.00334e+06 1.00538e+06 999915 1.00669e+06 1.01378e+06 995762 1.00038e+06 1.00445e+06 
12 1.09079e+06 1.08923e+06 1.09225e+06 1.0977e+06 1.07936e+06 1.09244e+06 1.09841e+06 1.08021e+06 1.09251e+06 1.08356e+06 1.0989e+06 1.09298e+06 1.09041e+06 1.09021e+06 1.07912e+06 1.08561e+06 1.0784e+06 1.08523e+06 1.08224e+06 1.09904e+06 1.093e+06 1.07688e+06 1.08555e+06 1.09144e+06 
13 1.20673e+06 1.20352e+06 1.20777e+06 1.20607e+06 1.20703e+06 1.19514e+06 1.20569e+06 1.19586e+06 1.21833e+06 1.19248e+06 1.20174e+06 1.20363e+06 1.20165e+06 1.19711e+06 1.20178e+06 1.19794e+06 1.19667e+06 1.20243e+06 1.20408e+06 1.19943e+06 1.20183e+06 1.19862e+06 1.20898e+06 1.20881e+06 
14 1.08401e+06 1.08807e+06 1.06972e+06 1.07654e+06 1.06905e+06 1.0845e+06 1.07044e+06 1.072e+06 1.08426e+06 1.07775e+06 1.07108e+06 1.0807e+06 1.08912e+06 1.07069e+06 1.07519e+06 1.0748e+06 1.06899e+06 1.0789e+06 1.0763e+06 1.07943e+06 1.07502e+06 1.06927e+06 1.07322e+06 1.06939e+06 
15 951832 949253 940657 945040 958657 934465 949847 946498 939527 946914 951813 942689 947759 953460 955839 948076 953114 942272 943837 946595 951843 941547 947763 943250 
16 979897 956775 960435 963728 967643 947158 962395 967586 969840 970281 967839 963316 970456 970194 963506 969560 971010 961345 961055 975996 961560 966127 969503 966863 
17 1.07369e+06 1.06244e+06 1.06656e+06 1.07691e+06 1.05768e+06 1.059e+06 1.0714e+06 1.06842e+06 1.05801e+06 1.05874e+06 1.06812e+06 1.04549e+06 1.05173e+06 1.04959e+06 1.06843e+06 1.04859e+06 1.04211e+06 1.05367e+06 1.05871e+06 1.06905e+06 1.04394e+06 1.06105e+06 1.0622e+06 1.06456e+06 
18 883105 880813 887368 877895 880636 881347 871881 874165 892567 887135 878370 876682 880280 881966 882131 879127 879180 876134 877553 890938 879636 877000 867640 886739 
19 1.0744e+06 1.07837e+06 1.0792e+06 1.07673e+06 1.07176e+06 1.0737e+06 1.07842e+06 1.08412e+06 1.07403e+06 1.0837e+06 1.07898e+06 1.07832e+06 1.08461e+06 1.07826e+06 1.07668e+06 1.07897e+06 1.09302e+06 1.07635e+06 1.0742e+06 1.07952e+06 1.07503e+06 1.0739e+06 1.08192e+06 1.07652e+06 
20 1.137e+06 1.13012e+06 1.13652e+06 1.14404e+06 1.13412e+06 1.1328e+06 1.13684e+06 1.13623e+06 1.13866e+06 1.13566e+06 1.13611e+06 1.13635e+06 1.12825e+06 1.13278e+06 1.13703e+06 1.14491e+06 1.13486e+06 1.13654e+06 1.13893e+06 1.13863e+06 1.13571e+06 1.1327e+06 1.13354e+06 1.13438e+06 
21 834235 829690 835983 836245 834662 831916 835910 828111 827236 827001 834034 839407 827077 833036 832755 831140 833213 832568 836486 840036 841370 832727 833996 835307 
22 1.03089e+06 1.02116e+06 1.01006e+06 1.02553e+06 1.00721e+06 1.00843e+06 1.00859e+06 1.0143e+06 1.02521e+06 1.01765e+06 1.01673e+06 1.01749e+06 1.0198e+06 1.02396e+06 1.02081e+06 1.01536e+06 1.027e+06 1.0136e+06 1.00691e+06 1.02208e+06 1.00361e+06 1.01205e+06 1.01407e+06 1.01903e+06 
23 972500 964302 972912 969733 975760 973113 973604 973879 977251 974079 979101 972479 967373 968298 972734 975005 974224 968638 970164 971216 970302 967500 970149 967200 
24 895113 892101 892773 898739 896387 897294 895894 897903 897224 889860 895976 897592 890979 887788 894543 896371 907947 896837 899012 899766 892809 895520 897063 895214 
25 992104 996088 994774 991890 994359 990302 991734 995324 1.00526e+06 990319 993610 994832 993708 994397 992889 994825 1.00504e+06 994753 992463 997329 992036 994605 998960 993866 
26 1.06223e+06 1.04616e+06 1.04771e+06 1.0543e+06 1.05464e+06 1.04277e+06 1.05009e+06 1.04902e+06 1.04662e+06 1.04231e+06 1.05928e+06 1.06543e+06 1.04423e+06 1.04529e+06 1.0477e+06 1.04462e+06 1.05214e+06 1.05381e+06 1.05829e+06 1.05858e+06 1.0531e+06 1.05109e+06 1.05195e+06 1.05027e+06 
27 953797 957942 942767 958611 940807 935286 939744 951129 947758 934664 952977 943973 944102 946119 947364 939337 956529 954274 945057 945591 937222 935793 931936 926550 
28 1.11914e+06 1.1131e+06 1.12335e+06 1.10721e+06 1.1121e+06 1.11612e+06 1.11262e+06 1.11161e+06 1.11216e+06 1.10315e+06 1.11284e+06 1.10222e+06 1.11348e+06 1.10555e+06 1.11544e+06 1.10917e+06 1.11961e+06 1.10483e+06 1.11139e+06 1.11974e+06 1.11638e+06 1.10842e+06 1.11554e+06 1.11503e+06 
29 953956 937595 969635 966936 959725 945482 944702 951847 950509 943908 956111 963210 942955 947789 940013 959132 942109 958079 965478 942443 959417 940467 956252 938408 
30 1.04958e+06 1.04e+06 1.03709e+06 1.04465e+06 1.03616e+06 1.02779e+06 1.0281e+06 1.03831e+06 1.0313e+06 1.03141e+06 1.03637e+06 1.03479e+06 1.03119e+06 1.03178e+06 1.02985e+06 1.03633e+06 1.03177e+06 1.03418e+06 1.03957e+06 1.03215e+06 1.03477e+06 1.03318e+06 1.03413e+06 1.02886e+06 
31 839882 834220 839893 839798 831079 833392 834636 842115 835872 836051 844935 845306 833646 828188 838452 834305 832150 830046 841330 833950 833819 830715 839365 833006 
32 903912 899092 900013 909734 899908 891352 906679 906791 911768 912657 890387 908019 889698 901293 902036 893592 904983 901399 905730 900048 896046 901084 896445 897027 
33 947596 941867 933669 932772 938183 935978 938766 937908 947317 939566 928355 940330 944076 927161 934642 936231 952384 933420 929943 938647 936190 931122 927574 933181 
34 925937 920448 921012 929637 907606 908611 919697 927159 922687 913219 934472 934319 924176 910668 929681 927893 930096 926988 932041 932517 923218 916346 929450 914580 
35 1.03462e+06 1.03361e+06 1.03828e+06 1.04084e+06 1.03837e+06 1.03711e+06 1.03874e+06 1.03869e+06 1.04465e+06 1.03585e+06 1.03737e+06 1.0423e+06 1.0377e+06 1.03462e+06 1.03758e+06 1.03621e+06 1.03798e+06 1.03548e+06 1.03856e+06 1.04029e+06 1.03728e+06 1.03192e+06 1.03403e+06 1.03246e+06 
36 959880 958830 963370 960148 963460 958995 963511 961412 959636 963575 956782 962326 963578 961541 959164 958273 959177 959496 959263 962499 954858 955362 954465 958182 
37 1.03263e+06 1.03386e+06 1.0386e+06 1.04018e+06 1.03004e+06 1.03304e+06 1.03635e+06 1.03943e+06 1.03993e+06 1.03251e+06 1.03034e+06 1.05394e+06 1.03041e+06 1.03534e+06 1.03661e+06 1.03721e+06 1.03083e+06 1.03079e+06 1.03394e+06 1.04117e+06 1.0352e+06 1.03191e+06 1.03278e+06 1.04193e+06 
38 1.12669e+06 1.12903e+06 1.11906e+06 1.12927e+06 1.12581e+06 1.12291e+06 1.12446e+06 1.12429e+06 1.12441e+06 1.12944e+06 1.12588e+06 1.12814e+06 1.12547e+06 1.11754e+06 1.12205e+06 1.13025e+06 1.12665e+06 1.12222e+06 1.13012e+06 1.12412e+06 1.12393e+06 1.12197e+06 1.12856e+06 1.13002e+06 
39 969928 960950 975806 967968 963432 964865 967611 972210 977650 957467 973292 954218 959960 955981 952679 964287 972595 966562 961330 966363 973310 956763 969888 961038 
40 870241 865907 874671 874579 872392 861246 855189 867814 880760 871483 866302 858250 867275 859808 860766 855521 877987 859289 863271 875121 868339 858675 864761 869593 
41 980185 975462 978172 972508 971843 972342 966338 975074 984072 979163 978230 974095 973412 978229 976303 973834 977950 967148 968092 977178 982356 973871 976527 980321 
42 1.01231e+06 994668 1.01767e+06 1.01173e+06 1.00663e+06 1.00793e+06 998029 1.00191e+06 997465 1.01318e+06 1.01252e+06 1.00655e+06 998084 1.00835e+06 1.00381e+06 1.00631e+06 1.00499e+06 1.00328e+06 1.00425e+06 1.01385e+06 998139 994554 999251 1.00798e+06 
43 1.02341e+06 1.02314e+06 1.02491e+06 1.02223e+06 1.01979e+06 1.02463e+06 1.02958e+06 1.02181e+06 1.01988e+06 1.0207e+06 1.02539e+06 1.03001e+06 1.02591e+06 1.02019e+06 1.0238e+06 1.02981e+06 1.01751e+06 1.02435e+06 1.02648e+06 1.02738e+06 1.01107e+06 1.01567e+06 1.02616e+06 1.0223e+06 
44 939962 932553 935794 942572 938829 931268 937681 937021 936169 939473 937983 943711 933165 935336 935426 937304 938185 935094 935031 930456 929646 935312 934559 938447 
45 1.03547e+06 1.02891e+06 1.03085e+06 1.02473e+06 1.02685e+06 1.02977e+06 1.03115e+06 1.03124e+06 1.03506e+06 1.02661e+06 1.03319e+06 1.02747e+06 1.03248e+06 1.03289e+06 1.02726e+06 1.03329e+06 1.03224e+06 1.03015e+06 1.03355e+06 1.0289e+06 1.02961e+06 1.02124e+06 1.03308e+06 1.03542e+06 
46 934687 927424 930036 938534 932920 927010 931150 933430 929330 931135 933007 929062 932688 928395 929237 931864 931933 932088 934771 933401 925323 926224 929023 933579 
47 825850 827553 828213 834171 822017 819052 828524 829284 832277 824449 830770 829513 820393 826323 829041 834042 829624 829487 824636 831531 822436 825965 826351 823933 
48 1.01906e+06 1.01917e+06 1.02366e+06 1.02402e+06 1.01374e+06 1.02074e+06 1.01667e+06 1.02036e+06 1.01639e+06 1.02047e+06 1.0125e+06 1.01566e+06 1.02786e+06 1.01647e+06 1.01731e+06 1.01948e+06 1.01842e+06 1.01687e+06 1.02245e+06 1.0215e+06 1.01083e+06 1.01847e+06 1.01836e+06 1.01783e+06 
49 897811 894674 900303 903018 897561 889854 900051 902968 901650 901195 907866 905493 895788 897465 903600 900680 909265 896582 900801 903144 895303 899391 896178 891090 
50 896541 865466 898006 889446 871892 869324 871118 867346 896552 877064 874853 874052 873218 871588 879235 873324 863896 867487 871524 894033 866859 869339 867719 869298 
51 915181 915670 907268 916855 911067 906687 922097 917021 920805 911838 906875 921142 913277 911158 913496 914042 914790 920056 923641 913630 918143 903987 914456 916984 
52 889172 888825 898287 895764 885551 888785 883375 891505 884616 891905 894620 893698 888681 884209 887671 891197 883739 884386 892447 896012 889990 886713 887325 891846 
53 977156 966690 966158 967176 959473 958221 962325 966319 969907 968075 964353 960269 967508 961211 964469 968124 960065 962967 960495 961631 963290 955381 960280 966243 
54 931787 925367 926171 933312 922546 922851 927354 932307 922336 919639 927276 927885 927295 922628 925536 930947 919027 922720 928488 934277 930758 925384 920614 929891 
55 950377 940624 955828 945049 949417 948446 949391 947269 946997 949115 947682 947643 947461 945031 946687 947787 942660 951640 947423 950179 945139 943849 947099 949068 
56 881239 877869 874726 878645 878119 876205 876266 877803 881858 880562 881392 884987 874761 879493 876365 880280 881275 882041 874831 888009 871720 876688 879078 882701 
57 784783 774420 776171 781870 774904 776134 778884 780010 777251 775096 781328 778980 776154 772780 775701 778050 778993 773899 776866 782692 776227 775866 777201 775810 
58 916673 913243 910909 912569 909853 910990 914460 916340 922371 911090 915687 918968 910015 911695 909199 912120 906916 921009 924869 913348 917039 909821 918913 917980 
59 917280 913061 930134 911830 913232 909907 926963 907045 916711 911215 913701 911007 909428 909853 911932 918479 909774 925793 914004 915386 915066 913006 909532 917509 
60 942691 943464 937665 943370 949064 940132 940999 942415 952266 938844 941803 938466 939959 939675 938065 939621 947294 937789 941770 936029 946811 942651 937561 942200 
