1 1.19945e+06 1.19428e+06 1.1832e+06 1.19476e+06 1.19769e+06 1.19099e+06 1.19345e+06 1.1968e+06 1.19603e+06 1.19457e+06 1.18147e+06 1.19139e+06 1.18862e+06 1.19058e+06 1.1895e+06 1.1948e+06 1.19496e+06 1.18036e+06 1.1939e+06 1.20607e+06 1.19043e+06 1.19378e+06 1.19637e+06 1.19673e+06 
2 984200 979272 992806 992033 986611 978085 984167 982253 976169 987862 983970 987270 980491 975158 987932 984410 984532 981552 985357 995881 974690 973554 986714 977475 
3 1.15287e+06 1.14967e+06 1.14732e+06 1.14852e+06 1.14577e+06 1.1492e+06 1.15213e+06 1.14926e+06 1.15965e+06 1.14482e+06 1.14097e+06 1.15487e+06 1.13515e+06 1.14818e+06 1.14574e+06 1.14668e+06 1.14707e+06 1.14312e+06 1.1513e+06 1.14809e+06 1.14792e+06 1.14352e+06 1.14307e+06 1.14835e+06 
4 938353 945302 955504 951308 924744 942098 941571 937683 950548 932564 945029 942268 941562 935515 939883 936760 952575 939419 946399 933968 933556 918033 946903 940830 
5 1.04103e+06 1.04786e+06 1.06401e+06 1.06056e+06 1.03656e+06 1.05338e+06 1.05776e+06 1.06123e+06 1.05859e+06 1.04771e+06 1.05541e+06 1.06261e+06 1.05354e+06 1.05346e+06 1.0564e+06 1.05671e+06 1.05299e+06 1.05646e+06 1.05843e+06 1.06214e+06 1.05093e+06 1.05312e+06 1.05863e+06 1.05458e+06 
6 1.1288e+06 1.13664e+06 1.13889e+06 1.12781e+06 1.12773e+06 1.13313e+06 1.12528e+06 1.12586e+06 1.15275e+06 1.13091e+06 1.13359e+06 1.13345e+06 1.1354e+06 1.12757e+06 1.12652e+06 1.13173e+06 1.13995e+06 1.13271e+06 1.13223e+06 1.14148e+06 1.14399e+06 1.13049e+06 1.13443e+06 1.12791e+06 
7 1.12851e+06 1.12046e+06 1.12093e+06 1.12942e+06 1.11299e+06 1.11269e+06 1.12586e+06 1.1254e+06 1.13112e+06 1.12076e+06 1.12174e+06 1.12378e+06 1.12412e+06 1.12547e+06 1.12341e+06 1.11942e+06 1.13922e+06 1.12512e+06 1.12657e+06 1.1279e+06 1.12798e+06 1.12252e+06 1.11464e+06 1.12152e+06 
8 1.23064e+06 1.20767e+06 1.21241e+06 1.22307e+06 1.2313e+06 1.21966e+06 1.21015e+06 1.20865e+06 1.20662e+06 1.21282e+06 1.20581e+06 1.21593e+06 1.21825e+06 1.20711e+06 1.21254e+06 1.21076e+06 1.24162e+06 1.22014e+06 1.21836e+06 1.21129e+06 1.21431e+06 1.21019e+06 1.21035e+06 1.21138e+06 
9 1.20534e+06 1.20371e+06 1.21212e+06 1.21525e+06 1.20875e+06 1.21039e+06 1.21948e+06 1.22051e+06 1.21174e+06 1.20724e+06 1.2235e+06 1.21575e+06 1.20587e+06 1.21888e+06 1.21709e+06 1.21713e+06 1.2124e+06 1.21219e+06 1.21275e+06 1.21386e+06 1.21383e+06 1.20902e+06 1.22006e+06 1.21089e+06 
10 1.18808e+06 1.18684e+06 1.18411e+06 1.18238e+06 1.19337e+06 1.17998e+06 1.18122e+06 1.19065e+06 1.18701e+06 1.17626e+06 1.18349e+06 1.18298e+06 1.17656e+06 1.18054e+06 1.18224e+06 1.18631e+06 1.17903e+06 1.18612e+06 1.18648e+06 1.18008e+06 1.187e+06 1.18009e+06 1.18143e+06 1.18963e+06 
11 1.00849e+06 998992 1.00602e+06 1.00489e+06 1.00209e+06 1.00516e+06 1.00385e+06 1.00452e+06 1.00693e+06 996102 1.00407e+06 1.00355e+06 1.00307e+06 999204 996102 1.00045e+06 1.00213e+06 1.00329e+06 1.0038e+06 1.00618e+06 1.00338e+06 1.00032e+06 1.00124e+06 1.00389e+06 
12 1.0981e+06 1.08189e+06 1.07305e+06 1.10295e+06 1.09482e+06 1.07674e+06 1.09304e+06 1.08352e+06 1.08672e+06 1.08899e+06 1.0944e+06 1.09154e+06 1.08601e+06 1.09214e+06 1.07972e+06 1.07493e+06 1.09684e+06 1.09153e+06 1.09338e+06 1.10336e+06 1.07927e+06 1.09211e+06 1.08969e+06 1.09048e+06 
13 1.20883e+06 1.21557e+06 1.2013e+06 1.20899e+06 1.20221e+06 1.20529e+06 1.19601e+06 1.20551e+06 1.20928e+06 1.21113e+06 1.21326e+06 1.20809e+06 1.19506e+06 1.19674e+06 1.20093e+06 1.20598e+06 1.21123e+06 1.21094e+06 1.20383e+06 1.21139e+06 1.19895e+06 1.2064e+06 1.20462e+06 1.19248e+06 
14 1.09358e+06 1.07147e+06 1.074e+06 1.06785e+06 1.0864e+06 1.06769e+06 1.0761e+06 1.06362e+06 1.08772e+06 1.07471e+06 1.07228e+06 1.07857e+06 1.0741e+06 1.06703e+06 1.08216e+06 1.08325e+06 1.06945e+06 1.07778e+06 1.07881e+06 1.08693e+06 1.08251e+06 1.07875e+06 1.07291e+06 1.0699e+06 
15 933052 952554 959577 952179 957475 946163 939039 945056 936928 950654 941791 947811 943646 936693 951460 940803 942691 950370 941462 953382 955950 939258 947700 949931 
16 979596 968289 971308 970678 972486 964197 959412 964039 984303 968660 972140 960694 971924 953220 961352 975235 981048 956894 958645 968096 964623 965043 964598 968707 
17 1.04892e+06 1.06381e+06 1.06794e+06 1.07314e+06 1.05073e+06 1.06105e+06 1.04369e+06 1.07149e+06 1.0613e+06 1.06735e+06 1.06913e+06 1.06874e+06 1.03409e+06 1.0545e+06 1.06079e+06 1.06381e+06 1.03316e+06 1.05677e+06 1.06388e+06 1.07746e+06 1.05157e+06 1.02964e+06 1.05968e+06 1.06623e+06 
18 890559 878387 882752 886720 884149 873226 868183 872706 880887 883098 874472 884126 864714 880048 868766 885460 880334 882209 885069 884146 878725 880549 882560 869358 
19 1.08907e+06 1.07778e+06 1.08727e+06 1.08248e+06 1.07457e+06 1.07022e+06 1.07882e+06 1.07694e+06 1.08812e+06 1.08198e+06 1.07686e+06 1.07911e+06 1.07768e+06 1.07577e+06 1.07656e+06 1.07466e+06 1.07683e+06 1.08226e+06 1.08665e+06 1.08575e+06 1.08306e+06 1.07752e+06 1.07279e+06 1.07971e+06 
20 1.14363e+06 1.14384e+06 1.13971e+06 1.13275e+06 1.13188e+06 1.13265e+06 1.13818e+06 1.14025e+06 1.13705e+06 1.1333e+06 1.13696e+06 1.1429e+06 1.13671e+06 1.13197e+06 1.13644e+06 1.13978e+06 1.13388e+06 1.13213e+06 1.1395e+06 1.13821e+06 1.13134e+06 1.13251e+06 1.13411e+06 1.13975e+06 
21 835157 834789 835898 844050 838536 832696 829894 828210 834298 837859 832137 835576 826117 828755 834198 832324 830580 830473 831737 833226 826787 828925 831260 830784 
22 1.01503e+06 1.01654e+06 1.0216e+06 1.00826e+06 1.01331e+06 1.02263e+06 1.01062e+06 1.01817e+06 1.02826e+06 1.01595e+06 1.01934e+06 1.02229e+06 1.01989e+06 1.01862e+06 1.01757e+06 1.01636e+06 1.02122e+06 1.00889e+06 1.01928e+06 1.02335e+06 1.01309e+06 1.01551e+06 1.01482e+06 1.00987e+06 
23 967577 971735 973779 974150 968511 969705 975985 972698 979469 965630 974048 977470 970251 969768 971841 976707 972203 970537 973138 971109 968743 970992 971517 970893 
24 900402 895211 893377 892649 896418 889468 893639 898403 898030 897143 889366 890854 887379 891171 892888 893455 894184 897227 885892 900327 887892 891315 895176 891850 
25 996153 998364 994729 992783 997227 990727 992827 990463 1.00431e+06 989602 996711 1.00002e+06 993010 990008 991590 991450 998330 994524 998106 997013 997183 994773 993640 991470 
26 1.04947e+06 1.06055e+06 1.05419e+06 1.05217e+06 1.04682e+06 1.05165e+06 1.06228e+06 1.05267e+06 1.04368e+06 1.04947e+06 1.05654e+06 1.05531e+06 1.0413e+06 1.04115e+06 1.05061e+06 1.05534e+06 1.05195e+06 1.05609e+06 1.051e+06 1.05351e+06 1.04656e+06 1.04635e+06 1.05117e+06 1.04714e+06 
27 961187 944748 956144 956413 939339 953690 950395 949444 933342 937765 942709 941149 940630 943183 937599 951873 946134 940881 940293 932679 949293 944950 935564 939528 
28 1.13072e+06 1.11555e+06 1.11043e+06 1.11595e+06 1.11644e+06 1.10867e+06 1.10746e+06 1.11331e+06 1.11205e+06 1.11799e+06 1.10981e+06 1.1147e+06 1.11244e+06 1.11059e+06 1.10432e+06 1.1124e+06 1.10144e+06 1.11042e+06 1.10698e+06 1.1188e+06 1.10112e+06 1.11374e+06 1.11297e+06 1.10988e+06 
29 956604 946556 956480 955729 937813 953499 957933 941432 970539 954104 944344 966448 940901 953168 963974 941494 967487 954867 965643 959794 968173 960255 955960 960786 
30 1.04853e+06 1.0332e+06 1.03553e+06 1.03588e+06 1.04058e+06 1.03424e+06 1.03184e+06 1.03961e+06 1.04066e+06 1.03731e+06 1.03269e+06 1.03718e+06 1.03918e+06 1.03813e+06 1.02933e+06 1.03441e+06 1.03701e+06 1.04251e+06 1.03514e+06 1.03383e+06 1.02854e+06 1.0361e+06 1.0299e+06 1.03172e+06 
31 837933 845865 839062 841165 834110 834824 837245 831275 841008 835114 842326 841481 832696 828942 832984 839086 841100 831923 836810 840012 833248 835767 837635 839107 
32 915351 904014 906501 897771 888160 902901 903762 906080 902902 893377 909143 898512 898725 887617 891688 904078 899255 901950 900218 912154 900172 888609 904255 889073 
33 931017 940074 934557 932125 930827 928558 928307 931092 937423 943035 929573 936882 930627 930807 931268 934219 954586 930641 931145 928439 943252 930165 928129 940045 
34 920358 931154 917337 940167 924814 925179 927127 912528 926341 919479 935245 933521 918919 910962 930265 925757 924538 930239 928040 920094 915448 925155 916970 926092 
35 1.03218e+06 1.03933e+06 1.03856e+06 1.04067e+06 1.03694e+06 1.0383e+06 1.03964e+06 1.03592e+06 1.04107e+06 1.03328e+06 1.0381e+06 1.03988e+06 1.04151e+06 1.03545e+06 1.03594e+06 1.03565e+06 1.03397e+06 1.03797e+06 1.03905e+06 1.04184e+06 1.02961e+06 1.03427e+06 1.03859e+06 1.03859e+06 
36 956588 958122 955073 963119 960071 961757 962992 964469 966409 965098 963681 959596 957119 957558 957084 960846 962039 958938 959873 960829 956868 955309 961325 958517 
37 1.03801e+06 1.02499e+06 1.05568e+06 1.04719e+06 1.03134e+06 1.0329e+06 1.03922e+06 1.03526e+06 1.03853e+06 1.03223e+06 1.03836e+06 1.02966e+06 1.04435e+06 1.03144e+06 1.03258e+06 1.04778e+06 1.03885e+06 1.04233e+06 1.03737e+06 1.03799e+06 1.02886e+06 1.03346e+06 1.0303e+06 1.03882e+06 
38 1.12276e+06 1.115e+06 1.13231e+06 1.12898e+06 1.13557e+06 1.12034e+06 1.12967e+06 1.12599e+06 1.13043e+06 1.1217e+06 1.13213e+06 1.13092e+06 1.13101e+06 1.12349e+06 1.11971e+06 1.13001e+06 1.1258e+06 1.12718e+06 1.12215e+06 1.13635e+06 1.12572e+06 1.12705e+06 1.12468e+06 1.12947e+06 
39 961831 966180 969908 963710 956711 954725 962891 973178 963301 971243 970678 971806 959974 958513 961144 963269 960026 966476 968768 969283 952707 959289 960233 957819 
40 864369 869995 867041 871503 856579 862288 870795 860936 875753 860648 867453 864575 860163 863095 868539 871564 867895 849254 873686 865045 861354 854127 856855 864616 
41 980118 972259 977886 984183 980848 970749 969863 974510 982850 970953 977246 977418 987303 974248 974309 972366 977832 972643 974239 976686 975777 965874 972897 971024 
42 1.00418e+06 1.00932e+06 1.0102e+06 1.00532e+06 1.00411e+06 1.00564e+06 1.00752e+06 1.01703e+06 997982 993077 1.01197e+06 1.01108e+06 1.00434e+06 1.00555e+06 1.00359e+06 1.01822e+06 1.00557e+06 998773 1.0155e+06 1.00329e+06 1.01122e+06 1.00549e+06 1.00536e+06 1.00371e+06 
43 1.02521e+06 1.02149e+06 1.01712e+06 1.03133e+06 1.02118e+06 1.02494e+06 1.02075e+06 1.02451e+06 1.0232e+06 1.02251e+06 1.01969e+06 1.02066e+06 1.02018e+06 1.02388e+06 1.02093e+06 1.02307e+06 1.03042e+06 1.02881e+06 1.02475e+06 1.02666e+06 1.01418e+06 1.02492e+06 1.02492e+06 1.02052e+06 
44 939743 943154 943529 944123 938354 938010 935824 940876 938348 939665 934733 945200 936346 943590 934829 942172 936049 926677 938875 940245 935420 938754 937790 940898 
45 1.03012e+06 1.03057e+06 1.02876e+06 1.03156e+06 1.03216e+06 1.02376e+06 1.02792e+06 1.02883e+06 1.0289e+06 1.02494e+06 1.02739e+06 1.02547e+06 1.02466e+06 1.02412e+06 1.02498e+06 1.03422e+06 1.03467e+06 1.02464e+06 1.03027e+06 1.02663e+06 1.0303e+06 1.0204e+06 1.02421e+06 1.03028e+06 
46 936788 928592 931102 933773 927587 937851 930781 934276 934550 930140 933931 932403 925045 928655 931212 931303 930351 930643 936583 926852 926138 925768 930405 930944 
47 828195 822499 827915 830688 822904 822626 827489 825852 830024 822482 826185 832350 819901 824894 827099 828372 825294 823138 830158 829242 824832 822817 826685 826931 
48 1.01575e+06 1.01482e+06 1.019e+06 1.02441e+06 1.01538e+06 1.01923e+06 1.01446e+06 1.02399e+06 1.01437e+06 1.01241e+06 1.02369e+06 1.02113e+06 1.01315e+06 1.0172e+06 1.01517e+06 1.01947e+06 1.01239e+06 1.01912e+06 1.0183e+06 1.02028e+06 1.01655e+06 1.01756e+06 1.01433e+06 1.01931e+06 
49 898275 897824 891768 905476 889976 898155 897010 903111 908237 901898 901525 907237 897771 897472 896574 902177 901500 898468 903924 895340 897281 894771 901511 895274 
50 889421 884283 897735 876951 866997 867105 869577 868850 870187 872479 884437 895241 890818 865087 873899 872522 883474 869544 888431 895206 865408 872908 870610 889421 
51 907919 917518 914097 916033 914712 915415 917607 911371 914502 915830 914016 924890 902530 911064 914470 916734 921659 917192 913358 925080 905862 912798 920734 915282 
52 892433 884644 892261 891064 889111 885978 889001 888671 900780 887309 886831 894244 889661 895094 885336 888451 889946 886272 889603 891204 890846 891757 889000 898318 
53 960209 957770 966818 967955 962334 958076 967931 970796 970290 963095 967214 968302 956395 957068 960301 961892 964349 965527 960214 965948 963882 965370 963755 964777 
54 926093 929946 928084 934207 926623 923634 925526 927140 936039 923896 928992 926461 929848 922421 928496 929268 926034 933413 924812 930681 921103 925776 928905 928437 
55 943308 949113 945087 945096 941800 946329 944759 948137 943842 945052 950997 954146 945146 943151 947894 947500 941545 944879 947852 949771 944880 945993 947797 947898 
56 879498 872372 876588 874484 879644 874195 877464 880194 881752 879630 878618 880268 878484 877996 878993 882986 880092 881230 870947 877404 880298 874608 877618 883192 
57 775161 780798 779954 774371 777609 775167 775749 777034 783648 773961 776977 780676 772789 776927 775823 776531 780141 782074 781331 775930 776003 774637 778643 777002 
58 913450 910396 911941 919550 922683 912866 912935 913894 922612 912724 917327 917053 911793 910408 917370 915701 918202 914868 912667 919191 910257 909823 913949 910118 
59 925492 916940 930400 921096 910285 908975 908057 912650 913324 912244 926626 913268 913812 909223 909120 906011 910507 917589 910843 919073 920513 910835 910538 914549 
60 949813 942522 939556 942862 937728 937568 942201 944033 949558 941661 938476 940386 938673 939948 940554 941274 942254 940055 941882 945765 938844 940058 937190 944132 
