1 1.19689e+06 1.19025e+06 1.20005e+06 1.20344e+06 1.19322e+06 1.19438e+06 1.19176e+06 1.19874e+06 1.19237e+06 1.1926e+06 1.20189e+06 1.18663e+06 1.18205e+06 1.1801e+06 1.19652e+06 1.1932e+06 1.20225e+06 1.19048e+06 1.18672e+06 1.19162e+06 1.1971e+06 1.19084e+06 1.18695e+06 1.18662e+06 
2 974905 983875 986352 974088 975571 978910 979731 988187 987149 982435 989517 987264 976863 976949 981462 988291 975361 988414 990292 985655 972159 979810 980667 979795 
3 1.14734e+06 1.15012e+06 1.15584e+06 1.14966e+06 1.14999e+06 1.14353e+06 1.15448e+06 1.14313e+06 1.14692e+06 1.15531e+06 1.15673e+06 1.15342e+06 1.15115e+06 1.13976e+06 1.13834e+06 1.1439e+06 1.15038e+06 1.14269e+06 1.14144e+06 1.14706e+06 1.14028e+06 1.14094e+06 1.14455e+06 1.15431e+06 
4 947887 939077 953276 938029 935909 947616 942117 940296 946755 945213 944247 946136 929495 936387 937565 949149 946625 935206 940131 938292 943192 936273 935533 941364 
5 1.052e+06 1.06108e+06 1.05935e+06 1.05479e+06 1.04849e+06 1.04936e+06 1.06045e+06 1.0481e+06 1.04987e+06 1.04454e+06 1.06003e+06 1.06537e+06 1.05061e+06 1.04584e+06 1.06104e+06 1.0583e+06 1.05405e+06 1.04942e+06 1.04805e+06 1.05949e+06 1.05807e+06 1.04586e+06 1.05509e+06 1.05314e+06 
6 1.14367e+06 1.13102e+06 1.1351e+06 1.12855e+06 1.13514e+06 1.13038e+06 1.12997e+06 1.12705e+06 1.15073e+06 1.13959e+06 1.13262e+06 1.14018e+06 1.131e+06 1.13208e+06 1.13534e+06 1.13021e+06 1.12903e+06 1.13268e+06 1.13137e+06 1.1389e+06 1.13191e+06 1.1238e+06 1.13032e+06 1.13208e+06 
7 1.14399e+06 1.12438e+06 1.11724e+06 1.12383e+06 1.12327e+06 1.12706e+06 1.11722e+06 1.12334e+06 1.13929e+06 1.12289e+06 1.1229e+06 1.11907e+06 1.12118e+06 1.12218e+06 1.12288e+06 1.11869e+06 1.13953e+06 1.12498e+06 1.12025e+06 1.12405e+06 1.13779e+06 1.12465e+06 1.11302e+06 1.12096e+06 
8 1.21115e+06 1.21284e+06 1.20881e+06 1.21755e+06 1.21499e+06 1.2103e+06 1.21584e+06 1.21137e+06 1.21952e+06 1.22456e+06 1.2243e+06 1.20464e+06 1.22269e+06 1.20546e+06 1.20624e+06 1.20788e+06 1.22683e+06 1.21154e+06 1.21364e+06 1.21794e+06 1.20547e+06 1.20176e+06 1.21031e+06 1.22165e+06 
9 1.22247e+06 1.21932e+06 1.21866e+06 1.20955e+06 1.20186e+06 1.21566e+06 1.21715e+06 1.20945e+06 1.22582e+06 1.2144e+06 1.21809e+06 1.21957e+06 1.2176e+06 1.20567e+06 1.21742e+06 1.21288e+06 1.21498e+06 1.21566e+06 1.22009e+06 1.21827e+06 1.21916e+06 1.20864e+06 1.21492e+06 1.21014e+06 
10 1.19275e+06 1.18505e+06 1.19113e+06 1.19259e+06 1.19352e+06 1.17832e+06 1.18393e+06 1.19375e+06 1.18882e+06 1.19512e+06 1.18234e+06 1.19565e+06 1.18519e+06 1.18627e+06 1.18524e+06 1.18516e+06 1.1954e+06 1.18945e+06 1.19563e+06 1.18956e+06 1.18463e+06 1.17574e+06 1.17898e+06 1.18655e+06 
11 1.00245e+06 1.00519e+06 998658 1.00473e+06 1.01196e+06 999642 999872 1.00077e+06 1.00705e+06 999300 1.00556e+06 1.01117e+06 1.00802e+06 1.00065e+06 1.0056e+06 1.00306e+06 1.00087e+06 1.00663e+06 1.00948e+06 1.00704e+06 1.00735e+06 1.0034e+06 1.00492e+06 1.00951e+06 
12 1.09256e+06 1.0897e+06 1.08226e+06 1.0955e+06 1.08519e+06 1.08332e+06 1.09419e+06 1.08238e+06 1.09803e+06 1.08079e+06 1.09175e+06 1.08709e+06 1.09021e+06 1.09e+06 1.09752e+06 1.08779e+06 1.08708e+06 1.08036e+06 1.08088e+06 1.09571e+06 1.08383e+06 1.0834e+06 1.09272e+06 1.08913e+06 
13 1.20721e+06 1.20198e+06 1.20236e+06 1.19702e+06 1.20675e+06 1.19901e+06 1.20447e+06 1.20097e+06 1.22486e+06 1.20006e+06 1.20189e+06 1.20189e+06 1.19784e+06 1.20982e+06 1.19894e+06 1.20383e+06 1.21575e+06 1.20168e+06 1.20517e+06 1.2136e+06 1.20973e+06 1.19832e+06 1.20623e+06 1.20117e+06 
14 1.07867e+06 1.07069e+06 1.07039e+06 1.07929e+06 1.09166e+06 1.06777e+06 1.07006e+06 1.0813e+06 1.08123e+06 1.07089e+06 1.07889e+06 1.08504e+06 1.07012e+06 1.06451e+06 1.06769e+06 1.07583e+06 1.07318e+06 1.07636e+06 1.07126e+06 1.0781e+06 1.07573e+06 1.07681e+06 1.07553e+06 1.07264e+06 
15 958627 949865 957813 948583 937206 940186 948023 947341 945142 942426 950015 945630 951964 940471 948145 947412 960673 938164 952335 944934 954635 952091 947781 943442 
16 966586 964512 965288 960438 969594 964239 963488 965184 961576 974795 971101 962766 961270 958188 962652 965373 983347 961706 962641 971024 957842 956620 968013 971873 
17 1.06131e+06 1.06468e+06 1.0613e+06 1.07504e+06 1.06656e+06 1.05804e+06 1.05549e+06 1.06412e+06 1.03767e+06 1.06086e+06 1.0621e+06 1.06703e+06 1.0625e+06 1.05084e+06 1.06467e+06 1.05973e+06 1.05882e+06 1.05633e+06 1.06242e+06 1.06124e+06 1.04243e+06 1.06046e+06 1.04892e+06 1.06388e+06 
18 874300 890556 893830 893077 880909 884408 886629 885671 890609 879724 870946 872598 869552 882370 883397 870842 884690 885671 877070 890127 880754 866859 881960 867843 
19 1.08635e+06 1.08146e+06 1.07772e+06 1.08005e+06 1.08896e+06 1.0736e+06 1.0778e+06 1.07835e+06 1.07585e+06 1.07658e+06 1.082e+06 1.08196e+06 1.07504e+06 1.07659e+06 1.07561e+06 1.07912e+06 1.08822e+06 1.08388e+06 1.08222e+06 1.0789e+06 1.07347e+06 1.07452e+06 1.06899e+06 1.08401e+06 
20 1.14169e+06 1.13148e+06 1.14882e+06 1.13559e+06 1.13758e+06 1.13465e+06 1.13144e+06 1.13664e+06 1.14179e+06 1.14533e+06 1.13787e+06 1.13855e+06 1.14491e+06 1.13489e+06 1.13572e+06 1.13721e+06 1.13698e+06 1.13783e+06 1.13193e+06 1.13557e+06 1.13104e+06 1.13139e+06 1.13389e+06 1.13782e+06 
21 834166 831316 828746 844338 831946 826671 836500 837427 835437 832320 828741 832757 833811 827833 837671 830680 828743 834821 836585 833922 836300 832633 828525 835171 
22 1.02169e+06 1.0196e+06 1.02232e+06 1.0295e+06 1.0163e+06 1.0168e+06 1.02287e+06 1.01392e+06 1.0203e+06 1.01198e+06 1.02452e+06 1.01668e+06 1.02469e+06 1.01451e+06 1.01658e+06 1.01746e+06 1.03177e+06 1.02237e+06 1.01798e+06 1.02788e+06 1.01702e+06 1.01914e+06 1.0172e+06 1.01537e+06 
23 977205 970863 974854 969703 969960 967396 974714 967251 974463 974001 971667 975129 969376 965028 969612 970589 984282 976665 965684 974324 965741 967043 972078 970045 
24 892580 893307 889398 893155 901423 895183 892962 893679 906211 898013 892536 895224 895702 893716 895253 890359 893585 900107 892202 895612 894655 890178 896995 896083 
25 998636 998500 995306 996325 991188 997659 992016 991338 1.01045e+06 994438 994576 999811 991472 994137 993155 994312 992843 996254 992882 993017 990611 997109 998800 990768 
26 1.06039e+06 1.05248e+06 1.04481e+06 1.05778e+06 1.05442e+06 1.04907e+06 1.04869e+06 1.06077e+06 1.04349e+06 1.05799e+06 1.05639e+06 1.06284e+06 1.04304e+06 1.05207e+06 1.05901e+06 1.05866e+06 1.05962e+06 1.04639e+06 1.05836e+06 1.06132e+06 1.03774e+06 1.05142e+06 1.05087e+06 1.05332e+06 
27 951284 935073 956547 949355 949544 944728 942665 941500 946441 950665 930375 946748 952566 944580 929698 928618 964804 952698 950795 947446 947317 924781 940844 932312 
28 1.11244e+06 1.10265e+06 1.10639e+06 1.12436e+06 1.10702e+06 1.1162e+06 1.10971e+06 1.11044e+06 1.10775e+06 1.1145e+06 1.12523e+06 1.11632e+06 1.10565e+06 1.11035e+06 1.11589e+06 1.1146e+06 1.1165e+06 1.10751e+06 1.11124e+06 1.12381e+06 1.11066e+06 1.10971e+06 1.1131e+06 1.11453e+06 
29 954241 957125 958752 962513 949164 950757 945863 946115 939547 957748 964396 950011 949322 956046 941862 941040 967225 960338 964514 959969 952737 939880 940894 941426 
30 1.02862e+06 1.04013e+06 1.03377e+06 1.03334e+06 1.03411e+06 1.03647e+06 1.03596e+06 1.03365e+06 1.04424e+06 1.04083e+06 1.03422e+06 1.03628e+06 1.03563e+06 1.0379e+06 1.03069e+06 1.04043e+06 1.05553e+06 1.02798e+06 1.03424e+06 1.0393e+06 1.03364e+06 1.04442e+06 1.03964e+06 1.03706e+06 
31 842681 835985 839302 841960 835946 842528 836001 840315 847122 837502 844956 838573 827370 833397 838375 834993 839840 831191 836617 843536 833147 836404 834212 831326 
32 912610 908880 899798 909666 892445 885511 903950 903538 895410 897121 917384 904344 893174 889479 893641 909389 905213 906639 905199 901990 905081 894297 904415 904666 
33 943387 943634 941303 940443 929846 928837 933660 930224 945782 931894 929931 929163 945405 935481 930127 940121 926501 938214 930389 947861 939831 940107 935213 930826 
34 929726 931832 941942 936422 923298 922833 930275 919278 926057 937051 932740 927284 924216 922560 920776 912912 928610 929775 932281 930939 933631 923748 929554 923304 
35 1.04632e+06 1.03901e+06 1.04151e+06 1.04192e+06 1.03321e+06 1.03409e+06 1.03854e+06 1.04211e+06 1.03196e+06 1.03677e+06 1.03615e+06 1.04526e+06 1.03338e+06 1.03232e+06 1.03946e+06 1.03704e+06 1.03975e+06 1.03744e+06 1.03733e+06 1.03606e+06 1.03885e+06 1.03775e+06 1.04156e+06 1.03646e+06 
36 971098 960918 960251 963017 953147 960133 956830 959021 961258 957256 954909 967653 958619 963767 959546 962777 964586 960346 962484 960865 962745 958427 959631 959084 
37 1.04001e+06 1.03334e+06 1.03882e+06 1.024e+06 1.0113e+06 1.02882e+06 1.03917e+06 1.04462e+06 1.03831e+06 1.03802e+06 1.04568e+06 1.041e+06 1.03025e+06 1.03335e+06 1.03896e+06 1.03809e+06 1.03414e+06 1.03364e+06 1.03372e+06 1.04468e+06 1.03506e+06 1.0315e+06 1.03394e+06 1.04102e+06 
38 1.12832e+06 1.12907e+06 1.12627e+06 1.12579e+06 1.12814e+06 1.12175e+06 1.12577e+06 1.12308e+06 1.13238e+06 1.13243e+06 1.12707e+06 1.13317e+06 1.12617e+06 1.11844e+06 1.1269e+06 1.12984e+06 1.12616e+06 1.12781e+06 1.12618e+06 1.1297e+06 1.12354e+06 1.12013e+06 1.12764e+06 1.12348e+06 
39 965312 963422 958837 962560 953204 956737 952035 954681 973224 961042 964849 961588 967847 959110 962245 959571 958314 960474 959780 965915 959394 960592 961445 955303 
40 866823 863524 868457 872785 857508 854565 871272 865380 873827 862202 869295 867189 875131 865525 865764 872880 869092 862260 860934 879327 867758 855433 870583 867151 
41 982570 977280 971237 980233 978796 976959 976363 973600 974809 981444 972459 983464 975623 974612 973173 970520 981029 977541 978142 978467 969753 979786 979078 976925 
42 1.01428e+06 1.00784e+06 1.00759e+06 1.0143e+06 1.00301e+06 1.00374e+06 1.01324e+06 1.01128e+06 1.01505e+06 1.00413e+06 1.01635e+06 1.01561e+06 1.00142e+06 998253 1.00638e+06 1.01104e+06 1.01199e+06 1.00448e+06 1.0101e+06 1.01841e+06 1.00168e+06 1.00507e+06 994394 1.00916e+06 
43 1.02727e+06 1.02339e+06 1.02113e+06 1.03006e+06 1.02153e+06 1.01242e+06 1.0268e+06 1.02071e+06 1.02908e+06 1.02563e+06 1.02427e+06 1.02499e+06 1.01934e+06 1.02114e+06 1.01693e+06 1.0282e+06 1.02415e+06 1.0212e+06 1.02852e+06 1.02507e+06 1.02402e+06 1.01703e+06 1.02212e+06 1.02993e+06 
44 954183 941836 932479 947996 936191 934049 937287 929128 943474 938290 939357 939015 937896 940466 932377 941741 938018 938828 937768 932924 934752 935600 938154 931998 
45 1.03913e+06 1.02559e+06 1.03285e+06 1.03016e+06 1.02389e+06 1.02533e+06 1.02851e+06 1.02886e+06 1.03373e+06 1.03429e+06 1.02617e+06 1.03093e+06 1.02991e+06 1.02667e+06 1.02942e+06 1.03253e+06 1.03724e+06 1.03127e+06 1.03816e+06 1.03501e+06 1.02676e+06 1.0272e+06 1.03372e+06 1.02701e+06 
46 929984 933247 933161 935002 929139 930662 930523 931891 931343 930797 935601 930486 926614 929425 928038 928993 936148 932362 933780 928838 925816 931001 927791 925028 
47 825134 822899 828253 827095 823120 824737 824535 826832 825184 824907 831177 830332 822692 823589 828674 829541 829400 822428 827871 829436 825365 824408 819945 825736 
48 1.01704e+06 1.01261e+06 1.02358e+06 1.02115e+06 1.01218e+06 1.01612e+06 1.02118e+06 1.02093e+06 1.01438e+06 1.01827e+06 1.01951e+06 1.02442e+06 1.01461e+06 1.01769e+06 1.01868e+06 1.0212e+06 1.01351e+06 1.00855e+06 1.02071e+06 1.01956e+06 1.01399e+06 1.01424e+06 1.01793e+06 1.0181e+06 
49 906971 902669 899198 901583 900618 900889 900172 893933 894396 897198 902903 894796 901637 896538 901443 901472 898629 892694 900400 902024 896746 895349 891637 901260 
50 903387 888098 870905 870912 865805 864693 889488 874262 867027 869427 896222 875147 863002 868016 870131 892686 863017 893605 878524 892319 883590 865534 871084 874160 
51 913592 913084 907642 916979 910754 919474 917332 918656 915671 902427 913178 906871 909444 920330 917010 922490 915227 907598 914551 920907 915056 912160 905923 912845 
52 886408 888908 893583 894203 888017 885980 887792 887758 895947 889854 887675 890659 894362 889336 890015 889232 896826 890861 892148 892974 883521 884820 891489 891138 
53 969763 965948 960306 963252 964832 964457 960640 959094 963406 956402 958755 964668 958973 961385 965087 966907 962544 957403 967833 966065 969000 957797 960090 965401 
54 929419 918964 925921 928803 919858 921728 924683 931051 921583 931746 925819 928812 922276 923341 925244 927142 926775 921176 931881 930184 917171 922899 926767 926942 
55 945257 949305 952867 951526 941194 946243 949584 952739 941505 946489 947332 947098 943368 941599 941964 948183 947064 939897 948778 945753 939382 946278 948976 945620 
56 875890 879279 881325 884464 870628 873820 874271 881493 870959 871839 884150 883785 881215 873151 873800 879917 883355 881428 875839 881669 883975 872654 875343 880610 
57 778633 779669 776774 776013 774792 773071 776093 777282 779120 779616 775610 781671 782195 774267 778355 777342 786307 775351 775351 780003 772832 778521 778991 778788 
58 926236 915508 914928 918238 920541 916447 915964 914381 922284 908170 919285 917448 912441 912944 913211 917221 919168 917600 915692 916377 913288 911220 914288 918168 
59 915347 909922 910768 912944 914517 920681 921440 909504 918997 922911 910730 915306 910132 910497 910439 912688 908998 921447 923856 917191 909660 915097 916346 908735 
60 943748 934493 943327 939975 939547 942059 938529 941900 942259 938681 937989 945662 944996 940603 944339 942314 949543 943738 941912 945559 938287 935284 942297 943979 
