388168 3
431476 3
438398 5
468515 2
371029 5
393075 5
447760 4
441798 3
367295 4
422274 6
432013 2
398023 6
357430 5
467393 7
460954 9
412087 7
453802 3
463582 4
476400 5
411407 4
567158 2
427659 5
472308 3
436026 4
424581 6
487174 2
406397 4
381927 4
408944 5
407040 5
407318 6
474951 2
448031 4
409111 8
379100 3
447683 5
402682 5
416157 9
405434 6
473899 2
471346 4
456113 7
389830 5
485163 3
581021 5
417256 8
373036 2
365648 4
327552 3
367785 4
366531 3
372173 2
378494 7
364172 3
378594 5
361737 6
480571 7
385162 2
379725 6
291867 4
406849 3
495646 3
411836 7
388163 7
367185 4
384084 5
397170 8
357528 9
349370 5
380496 4
389996 6
513757 7
395249 3
344909 11
405609 5
393930 5
406906 4
489385 4
373210 5
407328 6
379780 7
435158 9
449909 3
436978 5
477017 12
374942 8
344813 4
449334 3
353770 6
434082 6
333120 3
424310 14
378758 4
348456 4
363502 4
363199 6
379741 5
332693 4
405004 7
404566 3
417045 6
364138 5
329435 5
364799 4
378623 4
348258 7
371443 3
390377 2
368900 7
371400 8
388359 5
478689 2
380588 5
458447 3
409475 6
436314 6
362874 7
361568 4
344831 9
486186 4
360701 6
477140 5
348298 5
374364 6
446105 5
364254 7
360853 7
393964 5
400187 4
340480 7
387648 11
392290 3
405207 4
382811 5
335658 4
411546 3
344964 8
412947 4
400556 7
338184 8
311451 5
372961 4
320448 6
356432 8
417599 5
375690 6
410232 3
336225 8
330508 9
351026 4
352285 7
332140 8
344771 8
351498 4
399466 9
380072 4
370832 5
325065 3
355980 8
362561 3
362690 4
408250 8
400889 6
449151 15
374248 4
382449 4
410251 7
391385 7
400393 6
384680 10
395621 8
396222 5
433422 1
334496 4
431418 7
341153 12
321256 12
351242 5
382266 4
334304 4
