11320.4 1
10155 0
10637.1 0
11778.4 0
8423.9 0
6724 1
9986.9 0
12393.6 0
11801.2 0
8630.9 1
6805.2 0
11676.2 0
10105 0
11559 0
12570 1
7675.2 0
7825.4 0
6780.5 0
6620.1 1
5444.4 0
12969 0
9216.2 0
8667.9 0
11283.8 1
8778.4 0
10591.3 0
10550.9 0
9661 0
8605.3 1
9192.1 0
13601 0
9430.6 0
7371.5 1
10561.9 0
10350.4 0
8347.6 0
11258.6 0
7619.4 1
7817.2 0
6318.2 0
8494.3 0
9625.8 1
9346.3 0
7261.7 0
9837.4 0
7634.4 0
11687.7 1
6140.7 0
9684 0
6983.9 0
9333.3 1
9771.7 0
7661.7 0
10780.7 0
7837.2 1
10185.9 0
10351.8 0
13221.4 0
10980.9 0
12951.5 1
10780.6 0
12674.4 0
11428.3 0
9501.7 0
12601.9 1
9468.5 0
10183.7 0
10750.9 0
12543.7 1
5805 0
10483.2 0
9865.2 0
9073.3 0
10483.4 1
6667.8 0
13647.1 0
6655 0
8247.8 0
9892.7 1
10822.2 0
10080.6 0
7244.6 0
10860.9 1
9139.1 0
10268.6 0
6426.1 0
9939 1
7411.2 0
10805.5 0
9701 0
7991.1 0
10131.2 1
11216.1 0
8929.8 0
13579.5 0
10047.5 1
8975 0
9577.2 0
7889.4 0
10429.7 1
10331.3 0
9320.1 0
11745.1 0
8624 1
10138 0
12479.5 0
10963.2 0
13520.6 1
8195.3 0
9233.8 0
11836.4 0
9623.5 0
14433.1 1
11032.9 0
8675.2 0
9923.8 0
7953.3 1
13554.3 0
9195.5 0
11754.1 0
8019.5 0
11431.8 1
7024.2 0
10839.2 0
7667 0
10144.8 1
11396.8 0
11915.9 0
12455.2 0
9030.6 0
12631.4 1
10412.1 0
9345.1 0
10750.5 0
13635.3 1
7999.7 0
9797 0
11537.5 0
6022.8 1
8905.5 0
11633 0
8999.5 0
9698.3 1
9007.3 0
10200.5 0
8678 0
7727 1
7724.3 0
8791.3 0
11461.9 0
10046.3 1
9639 0
8144.1 0
12516.6 1
8649.3 0
15050.6 0
15231.7 0
9950.7 0
10129.3 1
10893.3 0
8774 0
11516.5 0
9532.2 1
9989.1 0
8511.6 0
9586 0
8240.5 1
12630.8 0
9771.9 0
12216.3 0
14288.2 1
7869.4 0
10387.7 0
9743.6 0
8833.6 0
11648.1 1
11118.6 0
9721.5 0
12524.3 0
8843.7 1
9101.1 0
13756.5 0
12757.9 1
10768.3 0
12697.3 0
11909.7 0
11753.1 0
10438.3 1
10398.3 0
11600.4 0
9590.1 0
12018.2 1
11393.4 0
9401.2 0
9999 0
8156.9 1
7547.3 0
10760.3 0
9072.1 0
10350.9 1
11899.3 0
15051.7 0
13233.2 0
13759.9 0
10458.5 1
13843.2 0
10164.3 0
8137.6 0
11725.2 1
12343.8 0
11267.7 0
11270.7 0
12888.5 1
8147 0
9158.9 0
13116.2 0
15292.9 1
13500.6 0
11165.4 0
9474.8 0
10806.7 1
10007.5 0
9148.7 0
7554.2 0
8098.4 0
13328.1 1
12379.5 0
11555.4 0
11787.8 0
12968.6 1
12137.4 0
15913 0
12056.1 0
13082.3 1
9798.6 0
13168.2 0
9359.3 0
11221.7 1
12275.8 0
13480.1 0
10337.7 0
12634.9 1
10163.6 0
10394.3 0
9010.9 0
9087.6 1
11612.5 0
10146.6 0
12163.5 0
10078.6 1
15815.7 0
12648.4 0
10062.9 0
13635.4 0
14476 1
8964.7 0
12058.2 0
8900.5 0
7616.1 1
13060.3 0
13643.7 0
7876.3 0
11241.4 1
11078.2 0
7366.2 0
11514 0
10700 1
13911.4 0
9916.2 0
11530.4 0
8199.1 1
8504.3 0
11950.2 0
13439.2 0
10872.9 1
15382.5 0
10181 0
10767.3 0
19531.2 1
12016.3 0
14742.9 0
9588.7 0
11586.5 1
14490.7 0
9216.6 0
10639 0
12580.9 1
11678 0
10587.6 0
13886.6 0
16037.7 0
10144.1 1
11748.8 0
10852.3 0
8684.6 0
13217.9 1
12381.6 0
9097.8 0
11225.7 0
10239.7 1
