102365 1
118407 1
77204.4 1
94103 1
69212.5 0
89582 1
76998.8 1
90113.8 1
78202 1
91630.4 1
117326 1
56014.5 1
82781.6 1
65599.8 1
40051.7 1
129344 1
78629.5 1
53378.9 1
63698 1
58778.1 1
107403 1
76601.7 1
85477.3 1
41582.3 1
48799.7 2
69908.5 2
64804 1
97629 2
82657.8 0
82503.2 2
79285.7 1
61149.6 1
118670 0
97729.1 2
97865 1
68103.6 1
59776.9 1
67135.9 1
55402.7 0
51629.6 1
63959.4 2
57648.1 1
69648 2
41142.8 1
77741.6 0
76726.6 2
91419.9 1
93389.2 1
97992.4 1
102605 1
57352.7 1
61927.2 1
116952 1
100342 1
40951.3 2
128039 1
48828.2 1
102759 1
72838.7 1
128406 0
83333.5 1
56565.3 1
70178.5 1
73661.3 1
64490.7 1
61224.7 1
139553 1
99304.4 1
132154 1
54704.3 1
53028.9 1
77638.7 2
60268.5 1
76535 1
115503 2
58003.9 0
51047.6 2
62130.8 0
94983.1 2
68320.1 1
94274.9 0
59621 1
107975 1
108592 1
56874.6 1
60992.3 1
101148 1
90894 1
44812.5 3
92459.3 1
76333.9 1
126096 1
78742.7 1
65787.4 1
78645.9 1
81538.1 1
75229.9 1
90052.5 1
128181 0
70742.7 2
53862.6 1
90346.7 1
87361.7 1
123806 1
93497 1
83213 1
66769.2 2
65113.8 1
83833.2 2
115120 0
117975 1
56255.3 2
56775.1 1
131518 1
103463 1
50599.2 1
77997.8 1
45881.2 1
90493.4 1
79667.1 1
87223.5 1
61875.5 2
59113.7 2
69284.5 1
70781.1 1
61684.2 1
67756.1 1
79423.7 0
61133 1
153004 1
117660 2
57219.1 1
61404.8 1
61251.8 1
90326.7 2
60769.1 1
68224.8 1
68153.8 0
76551.2 1
78675.7 2
154200 1
91445.5 2
63206.5 1
76594.2 1
87629.9 1
49958 1
50314.4 1
50152.5 1
82354.9 1
54594.2 1
101014 1
74237.3 1
76853.2 1
69398.5 2
67372.2 2
70282.6 1
62085.4 1
58156.4 2
56023.8 0
58883.6 1
68956.5 1
71020.3 1
88727.4 2
91300 1
69444.9 1
89105.3 0
62635 2
94378.9 1
64707.2 2
76558.9 1
90851 1
33476.8 2
65038.5 1
79728.7 1
65643.8 1
78543.2 1
86922.2 2
84104 1
70039.5 0
54393.6 1
57849.9 1
65671.6 1
70964.2 1
54748.7 1
45682.6 1
60781.5 2
51089.6 0
61627.1 1
60525.9 1
63082.9 2
105441 1
57184.3 1
110906 2
52818 2
50849.9 1
43778.6 1
59138.5 1
77465.3 2
63847.4 2
66166.4 2
53229.8 1
80088.3 1
67498.4 1
80827.9 1
72093 1
114181 1
93647.6 1
74870.2 1
48290.6 2
86502.9 1
77046.7 1
59349.9 0
69567.3 2
95723.7 1
57548.7 1
62775.3 1
55537 1
57929.6 1
65590.4 1
45323.8 1
59198.9 1
55637.9 1
45216.3 2
60278 1
58317.7 1
72608.4 1
63463.8 1
88069.9 1
82157.6 1
59844 1
58611.9 2
67832.9 0
62650.6 1
51411.1 2
73793.2 0
73091 2
139691 1
77913.4 1
84788.1 2
59124.4 1
59234.9 0
70850.8 2
97688.8 1
50907.8 1
58764.9 1
59162.7 2
63939 1
50823.7 1
55978.6 2
56692.5 2
56088.9 2
59573.5 1
77847.3 2
76493.1 2
74675.1 1
49616.7 1
98073.8 1
70156.3 1
73919.5 3
63457.3 1
87294.3 2
52761.5 2
81425 1
144953 2
79071.8 1
42048.8 1
53915.1 2
94008.6 1
57289 2
71264.7 0
64263.1 2
58840.1 2
49913.9 1
108772 2
56716.6 1
63588.3 2
70348.5 2
81118.3 1
62615.9 1
73609.6 1
54779.6 1
68473.6 1
57045.5 1
65851.9 1
64428.7 1
48446.2 1
56327.4 1
76508.5 1
84736.5 2
73193 0
67126.3 2
77518.9 1
68218.4 1
56446 2
71691.8 1
95454.6 1
56595.1 1
57454.6 1
50165.2 1
55758.1 1
