1.63284e+06 14
1.49176e+06 16
2.07137e+06 14
1.84187e+06 19
1.92252e+06 5
1.9013e+06 5
1.73804e+06 14
1.8111e+06 9
1.84402e+06 12
1.86195e+06 9
1.78296e+06 15
1.85993e+06 8
1.77217e+06 12
1.93459e+06 8
1.7749e+06 17
1.50546e+06 20
1.75628e+06 12
1.85944e+06 9
1.79093e+06 6
1.83953e+06 7
1.71369e+06 15
1.84948e+06 12
1.62212e+06 25
1.89258e+06 15
1.85338e+06 16
1.73427e+06 12
1.81836e+06 11
1.68908e+06 17
1.90076e+06 12
1.7569e+06 7
1.86155e+06 12
2.00482e+06 13
2.03991e+06 6
1.95792e+06 12
2.01859e+06 4
1.79479e+06 18
1.8224e+06 10
2.07603e+06 10
1.91931e+06 8
1.9463e+06 14
1.85404e+06 14
1.73619e+06 8
1.84944e+06 17
1.67568e+06 21
1.90381e+06 6
1.47702e+06 18
1.45539e+06 15
1.52194e+06 13
1.47756e+06 12
1.5424e+06 17
1.54402e+06 13
1.58526e+06 18
1.65479e+06 14
1.52149e+06 8
1.58333e+06 13
1.48968e+06 10
1.49901e+06 9
1.44028e+06 7
1.69723e+06 11
1.70078e+06 12
1.6774e+06 7
1.57792e+06 16
1.62064e+06 16
1.68842e+06 7
1.77172e+06 7
1.70896e+06 10
1.82025e+06 15
1.73586e+06 10
1.65106e+06 12
1.67221e+06 14
1.61016e+06 13
1.69494e+06 16
1.60821e+06 23
1.66337e+06 16
1.5986e+06 17
1.72288e+06 7
1.54921e+06 14
1.49438e+06 24
1.7242e+06 13
1.79483e+06 9
1.56549e+06 9
1.59746e+06 22
1.82984e+06 7
1.73808e+06 9
1.57981e+06 11
1.5294e+06 10
1.48999e+06 14
1.56831e+06 10
1.66037e+06 11
1.78896e+06 14
1.44117e+06 12
1.45347e+06 18
1.59587e+06 8
1.54035e+06 26
1.38003e+06 22
1.5458e+06 14
1.40725e+06 11
1.38948e+06 11
1.602e+06 21
1.59315e+06 7
1.46165e+06 13
1.58878e+06 11
1.49633e+06 10
1.42646e+06 18
1.37816e+06 23
1.4105e+06 9
1.65651e+06 17
1.67838e+06 5
1.44268e+06 12
1.53598e+06 14
1.68929e+06 12
1.70969e+06 16
1.53302e+06 10
1.43006e+06 19
1.44848e+06 11
1.51861e+06 12
1.48804e+06 15
1.3608e+06 17
1.60604e+06 12
1.49138e+06 15
1.52405e+06 9
1.6022e+06 16
1.44507e+06 17
1.68087e+06 13
1.58936e+06 15
1.65608e+06 5
1.66543e+06 5
1.53733e+06 9
1.69305e+06 10
1.60527e+06 7
1.78301e+06 10
1.43957e+06 21
1.55419e+06 16
1.52775e+06 9
1.64369e+06 10
1.28104e+06 20
1.22183e+06 24
1.37888e+06 15
1.46061e+06 12
1.33261e+06 24
1.5743e+06 15
1.23646e+06 25
1.40588e+06 28
1.53887e+06 11
1.42349e+06 16
1.50906e+06 11
1.51978e+06 12
1.32409e+06 11
1.42735e+06 9
1.55201e+06 10
1.64075e+06 13
1.38531e+06 15
1.28555e+06 7
1.53354e+06 10
1.39466e+06 20
1.52788e+06 8
1.48554e+06 12
1.47051e+06 7
1.44045e+06 20
1.36968e+06 17
1.45588e+06 22
1.53744e+06 10
1.54464e+06 10
1.46371e+06 10
1.44825e+06 20
1.60231e+06 20
1.48824e+06 20
1.55822e+06 12
1.41268e+06 18
1.41206e+06 16
1.5545e+06 17
1.60038e+06 6
1.55375e+06 21
1.68448e+06 9
1.56148e+06 13
1.53707e+06 17
1.28859e+06 17
1.65257e+06 7
1.45193e+06 13
1.51155e+06 18
