2.1171e+06 20 1.76803e+06 0
1.97314e+06 0 1.79175e+06 0
2.49096e+06 71 1.99657e+06 14
2.31581e+06 39 1.95216e+06 0
2.36048e+06 45 1.75994e+06 18
2.11373e+06 0 1.77447e+06 0
2.15832e+06 57 1.74525e+06 0
2.0725e+06 0 1.79581e+06 35
2.36256e+06 0 1.99528e+06 10
2.14878e+06 0 1.83039e+06 41
2.23057e+06 0 1.8671e+06 0
2.26093e+06 0 1.92781e+06 0
2.10978e+06 13 1.74325e+06 0
2.16713e+06 4 1.96707e+06 79
2.25055e+06 0 1.82767e+06 0
2.0244e+06 0 1.63447e+06 0
2.1938e+06 0 1.86596e+06 0
2.32791e+06 0 1.88037e+06 0
2.08489e+06 0 1.79373e+06 0
2.22304e+06 0 2.06541e+06 26
2.08134e+06 0 1.71454e+06 0
2.31553e+06 0 1.90397e+06 57
2.13931e+06 0 1.9163e+06 0
2.30933e+06 0 1.98744e+06 34
2.39456e+06 0 1.94007e+06 0
2.18227e+06 0 1.90575e+06 0
2.24862e+06 0 1.91889e+06 0
2.22982e+06 0 1.87662e+06 0
2.44753e+06 134 2.1887e+06 221
2.09119e+06 0 1.7247e+06 0
2.30852e+06 0 1.92221e+06 0
2.49904e+06 0 2.16577e+06 0
2.36945e+06 0 1.94693e+06 0
2.38811e+06 0 2.15755e+06 0
2.3905e+06 56 2.02993e+06 0
2.3223e+06 0 1.9577e+06 0
2.25224e+06 0 2.06209e+06 0
2.53013e+06 0 2.22468e+06 0
2.29909e+06 0 1.9061e+06 0
2.47523e+06 0 1.94613e+06 0
2.33014e+06 0 1.87492e+06 0
2.13334e+06 0 1.6506e+06 0
2.30261e+06 0 1.93295e+06 0
2.21941e+06 0 1.94034e+06 0
2.35358e+06 0 1.89499e+06 0
1.90846e+06 37 1.64321e+06 0
1.85483e+06 0 1.63002e+06 0
1.89318e+06 0 1.77858e+06 93
1.81347e+06 0 1.59384e+06 0
1.96155e+06 46 1.70768e+06 0
1.91731e+06 0 1.60692e+06 0
1.98476e+06 0 1.74296e+06 0
2.03745e+06 0 1.97783e+06 0
1.84812e+06 0 1.61153e+06 34
1.95359e+06 0 1.85282e+06 180
1.7383e+06 7 1.5353e+06 0
1.90145e+06 0 1.60273e+06 1
1.74147e+06 0 1.40622e+06 0
2.03973e+06 141 1.76612e+06 0
1.9343e+06 0 1.64224e+06 0
2.08713e+06 39 1.84739e+06 0
1.93704e+06 0 1.6293e+06 7
2.06596e+06 0 1.72375e+06 0
1.96939e+06 0 1.65672e+06 0
2.00633e+06 0 1.68276e+06 0
2.09668e+06 13 1.80496e+06 0
2.02811e+06 0 1.82614e+06 0
2.06698e+06 0 1.79234e+06 37
1.91635e+06 57 1.72433e+06 0
2.04297e+06 0 1.80922e+06 0
1.94312e+06 35 1.77502e+06 46
2.06203e+06 0 1.79712e+06 0
2.0735e+06 0 1.83141e+06 0
2.12086e+06 0 1.86181e+06 0
1.93855e+06 0 1.7085e+06 0
2.076e+06 0 1.7871e+06 0
1.89449e+06 0 1.58296e+06 0
1.93195e+06 0 1.68471e+06 1
2.23256e+06 97 1.83806e+06 0
2.08269e+06 0 1.83722e+06 0
1.93641e+06 0 1.69699e+06 90
2.04192e+06 0 1.77864e+06 0
2.123e+06 0 1.9024e+06 63
2.005e+06 0 1.9108e+06 4
1.93271e+06 0 1.58173e+06 0
1.87782e+06 30 1.62028e+06 0
1.82896e+06 0 1.56386e+06 0
1.88406e+06 0 1.5593e+06 0
1.97596e+06 0 1.75514e+06 0
2.03178e+06 0 1.65411e+06 0
1.65047e+06 32 1.42563e+06 0
1.74869e+06 0 1.72652e+06 65
1.88352e+06 0 1.63795e+06 0
1.80771e+06 62 1.5608e+06 2
1.85846e+06 101 1.57736e+06 4
1.83835e+06 0 1.59101e+06 0
1.76062e+06 99 1.48894e+06 3
1.74909e+06 119 1.50055e+06 0
1.87927e+06 16 1.71445e+06 60
1.89608e+06 0 1.75787e+06 115
1.65158e+06 67 1.44873e+06 0
1.89141e+06 32 1.64683e+06 0
1.75779e+06 0 1.47761e+06 0
1.76898e+06 58 1.59749e+06 46
1.67256e+06 2 1.39404e+06 0
1.74776e+06 14 1.50169e+06 27
1.99891e+06 0 1.67436e+06 0
1.83306e+06 0 1.67012e+06 6
1.80576e+06 16 1.55492e+06 0
1.85382e+06 14 1.67277e+06 25
1.99292e+06 0 2.11003e+06 226
2.04571e+06 0 1.80527e+06 0
1.78784e+06 0 1.52489e+06 0
1.81606e+06 0 1.54085e+06 0
1.79393e+06 0 1.63865e+06 0
1.74899e+06 0 1.695e+06 0
1.81131e+06 0 1.68991e+06 0
1.71524e+06 53 1.57918e+06 62
1.79033e+06 0 1.72201e+06 74
1.83195e+06 5 1.65934e+06 0
1.82262e+06 0 1.6867e+06 76
1.92194e+06 0 1.74768e+06 60
1.73278e+06 0 1.59857e+06 0
2.05635e+06 40 1.75762e+06 0
1.93272e+06 0 1.63649e+06 0
1.91546e+06 13 1.86434e+06 0
1.98018e+06 117 1.55424e+06 0
1.84077e+06 0 1.58373e+06 0
2.06398e+06 66 1.89204e+06 93
1.85076e+06 0 1.65308e+06 0
2.09907e+06 0 1.95213e+06 0
1.81794e+06 0 1.65606e+06 0
1.87755e+06 0 1.73467e+06 107
1.78416e+06 0 1.54172e+06 0
1.87041e+06 0 1.66647e+06 11
1.63971e+06 42 1.43556e+06 0
1.51093e+06 0 1.348e+06 35
1.6809e+06 0 1.57287e+06 0
1.83605e+06 110 1.6344e+06 19
1.78415e+06 45 1.53563e+06 0
1.74911e+06 0 1.54845e+06 0
1.52667e+06 4 1.34793e+06 61
1.68407e+06 0 1.4836e+06 0
1.74701e+06 0 1.47823e+06 18
1.7429e+06 30 1.50572e+06 0
1.81457e+06 55 1.55595e+06 0
1.76794e+06 0 1.60447e+06 11
1.62746e+06 54 1.45174e+06 27
1.68726e+06 55 1.51111e+06 15
1.68091e+06 0 1.53734e+06 0
1.98999e+06 190 1.7147e+06 0
1.81972e+06 110 1.54324e+06 0
1.5944e+06 0 1.51278e+06 0
1.84769e+06 0 1.64933e+06 0
1.7746e+06 0 1.61743e+06 0
1.76891e+06 0 1.59317e+06 10
1.80591e+06 0 1.60717e+06 0
1.83609e+06 60 1.6162e+06 7
1.79574e+06 114 1.50219e+06 6
1.68533e+06 21 1.48437e+06 77
1.85362e+06 23 1.67607e+06 129
1.82658e+06 0 1.64165e+06 0
1.7832e+06 0 1.66159e+06 0
1.82154e+06 207 1.51565e+06 83
1.70667e+06 0 1.53545e+06 0
1.93726e+06 0 1.75569e+06 0
1.85179e+06 2 1.65238e+06 0
1.78766e+06 0 1.5953e+06 0
1.78997e+06 53 1.6776e+06 101
1.68434e+06 0 1.60682e+06 24
1.91742e+06 37 1.69958e+06 78
1.82299e+06 0 1.71844e+06 0
1.81893e+06 0 1.6848e+06 0
1.9263e+06 0 1.80035e+06 0
1.76633e+06 0 1.59696e+06 0
1.79873e+06 91 1.52041e+06 0
1.67116e+06 0 1.45747e+06 0
1.96023e+06 12 1.6723e+06 0
1.77921e+06 14 1.55034e+06 0
1.86761e+06 39 1.65537e+06 14
