2.05273e+06 4 1.56778e+06 0
1.98107e+06 0 1.67426e+06 70
2.38067e+06 48 1.82609e+06 0
2.33592e+06 0 1.80031e+06 0
2.34244e+06 0 1.83707e+06 0
2.07182e+06 10 1.74721e+06 109
2.19925e+06 0 1.65858e+06 45
2.25398e+06 91 1.58389e+06 0
2.37122e+06 0 1.99739e+06 154
2.17928e+06 0 1.65366e+06 0
2.28172e+06 0 1.89791e+06 0
2.29723e+06 0 1.84818e+06 73
2.09148e+06 0 1.58466e+06 0
2.22246e+06 0 1.55395e+06 0
2.37236e+06 74 1.82595e+06 0
2.07048e+06 0 1.59375e+06 0
2.29657e+06 0 1.8637e+06 0
2.35835e+06 53 1.901e+06 0
2.11417e+06 0 1.78808e+06 74
2.28743e+06 0 1.73305e+06 0
2.10597e+06 0 1.606e+06 0
2.31395e+06 32 1.89355e+06 0
2.17637e+06 0 1.56383e+06 0
2.33026e+06 0 2.01236e+06 221
2.35046e+06 0 1.817e+06 0
2.19992e+06 0 1.53918e+06 0
2.28411e+06 0 1.60961e+06 0
2.17861e+06 0 1.613e+06 0
2.42759e+06 0 1.87506e+06 45
2.08145e+06 0 1.67197e+06 0
2.35123e+06 0 1.9317e+06 0
2.45661e+06 0 2.00133e+06 0
2.37679e+06 0 1.85907e+06 0
2.32507e+06 0 1.97318e+06 143
2.32857e+06 41 1.76877e+06 0
2.37572e+06 0 1.77938e+06 0
2.3137e+06 0 1.74862e+06 0
2.54978e+06 0 2.09204e+06 0
2.23235e+06 0 1.77664e+06 0
2.45177e+06 0 2.12108e+06 213
2.32788e+06 0 1.86408e+06 0
2.11376e+06 0 1.62203e+06 85
2.29027e+06 0 1.96951e+06 0
2.26233e+06 0 1.79077e+06 0
2.25986e+06 0 1.78283e+06 92
1.87264e+06 11 1.54798e+06 3
1.85528e+06 13 1.41424e+06 0
1.92575e+06 18 1.56278e+06 165
1.75982e+06 0 1.37336e+06 0
1.97109e+06 48 1.57768e+06 31
1.91016e+06 38 1.45922e+06 30
1.93843e+06 0 1.53551e+06 0
2.09042e+06 83 1.68105e+06 0
1.77563e+06 0 1.56832e+06 93
1.95246e+06 0 1.52548e+06 90
1.83247e+06 97 1.47745e+06 143
1.89032e+06 0 1.7236e+06 247
1.7086e+06 0 1.28945e+06 0
1.92376e+06 0 1.59647e+06 110
1.95331e+06 0 1.51017e+06 0
1.93514e+06 0 1.57084e+06 18
1.91779e+06 0 1.47767e+06 0
2.09035e+06 0 1.62008e+06 0
1.9341e+06 0 1.59086e+06 0
2.15014e+06 143 1.61483e+06 0
2.06301e+06 11 1.69451e+06 0
2.07791e+06 38 1.55031e+06 0
2.21654e+06 111 1.56438e+06 0
1.88214e+06 0 1.44515e+06 0
2.01734e+06 0 1.66444e+06 0
1.91385e+06 0 1.5398e+06 51
2.13519e+06 0 1.67915e+06 0
2.10374e+06 56 1.53089e+06 0
2.05904e+06 0 1.78741e+06 73
1.92627e+06 0 1.51811e+06 0
2.06912e+06 0 1.65304e+06 19
1.90433e+06 0 1.58278e+06 167
1.99009e+06 40 1.49041e+06 0
2.09775e+06 0 1.7236e+06 0
2.06774e+06 0 1.6743e+06 27
1.92079e+06 0 1.42738e+06 0
2.0754e+06 0 1.625e+06 0
2.13402e+06 0 1.75561e+06 0
2.03012e+06 0 1.7616e+06 0
1.94632e+06 0 1.56656e+06 0
1.91327e+06 115 1.56901e+06 0
1.87485e+06 8 1.49297e+06 0
1.89545e+06 0 1.54471e+06 0
1.97965e+06 0 1.65308e+06 0
2.00332e+06 0 1.63522e+06 0
1.70712e+06 90 1.34175e+06 77
1.69419e+06 17 1.4927e+06 98
1.88128e+06 0 1.43009e+06 19
1.73091e+06 36 1.34193e+06 68
1.7866e+06 0 1.30972e+06 20
1.80591e+06 0 1.38564e+06 0
1.64673e+06 0 1.38145e+06 74
1.59873e+06 0 1.32847e+06 24
1.91835e+06 56 1.58509e+06 80
2.06688e+06 144 1.3882e+06 5
1.61582e+06 0 1.2253e+06 0
1.82925e+06 0 1.43852e+06 14
1.75542e+06 0 1.53784e+06 106
1.76222e+06 0 1.4171e+06 17
1.68311e+06 0 1.26697e+06 0
1.71748e+06 0 1.51125e+06 73
2.0175e+06 0 1.65692e+06 0
1.84925e+06 0 1.3882e+06 0
1.79671e+06 0 1.47873e+06 14
1.8209e+06 0 1.53824e+06 86
2.01844e+06 0 1.61867e+06 0
2.12214e+06 99 1.61477e+06 0
1.8036e+06 9 1.40993e+06 0
1.83649e+06 0 1.53882e+06 0
1.7884e+06 0 1.53861e+06 0
1.784e+06 0 1.45567e+06 0
1.82375e+06 0 1.4829e+06 0
1.69979e+06 0 1.37461e+06 62
1.80612e+06 0 1.52092e+06 0
1.81325e+06 0 1.41444e+06 0
1.828e+06 0 1.41249e+06 0
1.9675e+06 0 1.60363e+06 0
1.80904e+06 26 1.53177e+06 0
2.01334e+06 0 1.59292e+06 0
1.95084e+06 0 1.55836e+06 28
1.94237e+06 0 1.59268e+06 0
1.88454e+06 5 1.48826e+06 0
1.82154e+06 0 1.41057e+06 0
1.996e+06 0 1.63257e+06 0
1.87748e+06 0 1.45386e+06 0
2.07965e+06 0 1.74796e+06 0
1.8187e+06 0 1.48076e+06 62
1.86358e+06 0 1.46384e+06 0
1.76727e+06 0 1.33367e+06 0
1.83236e+06 0 1.53188e+06 0
1.57624e+06 0 1.35101e+06 0
1.51849e+06 0 1.22311e+06 44
1.71129e+06 34 1.41145e+06 0
1.79901e+06 84 1.47856e+06 104
1.75932e+06 0 1.38571e+06 22
1.80997e+06 39 1.36272e+06 31
1.59946e+06 84 1.18419e+06 0
1.72084e+06 31 1.40867e+06 31
1.85386e+06 104 1.43163e+06 72
1.72687e+06 48 1.37664e+06 0
1.78079e+06 0 1.41599e+06 65
1.72735e+06 10 1.41549e+06 43
1.6286e+06 33 1.40547e+06 214
1.64252e+06 1 1.30901e+06 1
1.70148e+06 9 1.40257e+06 15
1.81054e+06 0 1.49279e+06 0
1.75553e+06 35 1.38383e+06 20
1.56394e+06 0 1.29705e+06 0
1.85389e+06 0 1.43533e+06 0
1.81892e+06 0 1.41202e+06 11
1.83472e+06 8 1.55898e+06 0
1.89648e+06 102 1.45687e+06 0
1.82717e+06 41 1.41093e+06 53
1.67905e+06 29 1.36951e+06 21
1.66263e+06 0 1.29475e+06 0
1.83822e+06 0 1.46923e+06 36
1.81897e+06 12 1.49091e+06 62
1.75444e+06 0 1.58303e+06 56
1.6258e+06 0 1.35049e+06 0
1.74728e+06 2 1.4378e+06 45
1.9155e+06 0 1.5899e+06 0
1.88128e+06 41 1.48603e+06 0
1.83602e+06 0 1.53378e+06 0
1.72657e+06 0 1.50934e+06 74
1.7013e+06 31 1.51991e+06 101
1.80455e+06 0 1.52589e+06 0
1.94599e+06 112 1.5935e+06 63
1.83681e+06 0 1.44223e+06 0
1.89788e+06 0 1.57231e+06 0
1.80398e+06 48 1.43041e+06 0
1.75026e+06 25 1.35952e+06 0
1.67192e+06 0 1.39355e+06 39
1.98092e+06 0 1.5353e+06 0
1.79844e+06 10 1.43349e+06 0
1.85314e+06 0 1.47112e+06 0
