12069 6 13861.6 27
12461.2 20 10212.8 0
10749.9 0 10937.1 3
12657.5 0 13346.7 19
8973.2 17 6723.9 0
8674.6 22 6140.1 0
10860 0 9986.9 0
12741 22 12484 17
11558.5 16 12481.7 22
9057 10 7665.7 0
5576.6 1 6196.2 4
11915.8 36 11196.2 34
10558.5 0 9727.2 0
9695.5 13 13850.7 60
11726.1 18 12173.5 28
8231.8 0 7675.2 0
9199.9 0 7957.6 0
7084 0 6727.7 0
7947.7 0 6740.7 0
7606.9 16 5444.4 0
8849.2 0 9257.2 8
14222.8 44 10792.5 19
9315.1 0 8667.9 0
11098.4 0 10881.6 0
9798.2 0 8918 0
8804.2 7 7903.6 6
10634.6 0 10432.7 0
7894.3 0 7240.3 0
13740.3 48 14532.3 57
9272.7 0 9131.5 0
11349.4 2 10604.4 0
9769.5 0 9156.9 0
8924.9 0 7333.5 0
10964.3 0 10561.9 0
10845.5 0 10350.4 0
8614.5 0 8182.6 0
11599.2 0 11258.6 0
8532 0 7619.4 0
8165.7 0 7612.1 0
6460.7 0 6318.2 0
8724.4 0 8494.3 0
9855.4 0 9605.2 0
10130.5 0 11246.3 19
10652.2 35 7126.5 0
9261 0 8815.5 0
8766.2 0 7622.6 0
8151.7 0 7914.3 2
6249.1 0 6140.7 0
10164.4 0 9510.7 0
7114.7 0 6925.3 0
11302.8 0 10133.8 0
12221.7 19 9771.7 0
8468.8 0 7467.1 0
12435.8 0 11334 0
8940.4 0 7719 0
10185.9 0 10185.9 0
10947.7 0 10346.4 0
21517.2 100 13221.4 17
11622.5 0 10980.9 0
13103.2 0 13116.1 0
10165.8 2 10533 2
13069.8 7 12274 0
11796.4 0 11017.5 0
10694.8 0 9975.2 0
12520.3 0 12113.7 0
10181 0 9255.3 0
10245.5 0 9607.8 0
10791.2 0 10362.8 0
12585.9 0 11923.6 0
7308.8 0 5805 0
11677.5 0 10327.8 0
10057.6 0 9581.6 0
7415.8 0 8701.1 24
11464.5 0 12983.4 25
6825.1 0 6623.4 0
13959.3 23 12247.1 11
7583 0 7294 2
8517.8 0 8097.1 0
9859.3 0 9146.8 3
11455.2 3 11323.4 6
8995.8 0 10008.6 4
8638.3 12 7245.9 0
11392.8 0 10860.9 0
9756.1 2 10530 10
10412.8 0 14896.1 43
6372 0 6548.8 3
10529.2 0 9853 0
8218.5 0 7199.7 0
11205.9 0 10406.1 0
12395.9 24 8923.1 0
7728.8 0 7568.6 0
10075.1 0 10024.8 0
11480.7 29 11316.1 29
9820.6 16 6885.5 0
13583.6 0 14230.6 13
9576.3 0 9169.7 0
9710.3 0 8610.8 0
9183.7 0 9871.7 0
8373.9 0 7651.4 0
12652 25 12768 26
10718.2 0 10072.3 0
9895.3 0 9296.3 0
12740.9 0 11783.6 0
8869 0 8624 0
9780.5 0 10138 0
13052.2 0 13182.4 0
11942.6 0 11675.8 0
14578.9 0 13520.6 0
8637.3 0 8475.3 0
9233.8 0 9123.4 0
12201.7 27 12436.4 33
9975.7 0 9957.8 0
16188.5 0 14433.1 0
12059.3 0 12190.4 0
9518.6 0 11556.2 26
9839.9 0 9563.9 0
8652.2 0 7998.4 0
13783.9 0 13554.3 0
9950.1 0 9439.2 0
12041 0 11435.8 0
8826.4 0 7803.5 0
14521 32 11131.8 9
8265.4 0 7024.2 0
12932.4 22 10039.2 5
8075.8 0 7802.8 0
11460.3 0 9487.6 0
12366.8 0 11334.8 0
12462.8 0 13100 0
14022.9 0 12335.2 0
11763.4 0 9803.7 0
11900.5 0 11675.9 0
11667.2 7 11229.3 0
9345.1 0 9345.1 0
11723.1 0 10399.5 0
14257.2 0 13359 0
8351.9 0 7865.8 0
9005.5 0 9005.5 0
12932.5 9 10615.5 0
5925.2 7 6428 12
8905.5 0 9493.6 0
11507.8 0 11096.3 0
10090.1 0 9103.5 0
9990.7 0 9606.6 0
10727 6 9007.3 0
11552.5 0 10200.5 0
9961.6 0 9693.9 0
8277.9 0 7172.6 0
8483.2 0 7685.5 0
8920.9 0 8783.6 0
11630.8 0 11583.2 0
10623.8 0 10272.8 0
10083.7 0 9327.6 0
8616.4 0 8607.2 0
15977.6 35 13754.3 13
9010 0 9325.7 0
15328.3 0 14563.9 0
13113.3 15 10655.4 0
10411.3 0 10526.9 3
10521.3 0 12382.9 27
11189.4 0 10882.8 0
9205.2 1 8774 1
12198.9 0 12280.1 6
9597.3 0 9473.8 0
11106.9 0 9967 0
8786.9 0 8418 0
9498 0 9506 0
11770.7 32 8356.5 1
12862.9 0 12726.8 0
9550.7 0 9697.6 0
15211.8 27 14582.7 9
14452.2 0 14288.2 0
8042.6 0 7869.4 0
10574.2 0 10387.7 0
12680.4 17 12386.2 27
9280.3 0 8163.8 0
11612.8 11 10683 0
9806.3 0 10969 15
10468 0 9486.7 0
13447.7 0 12524.3 0
9007.6 0 8755.3 0
9791.1 0 9283.6 0
14032.9 0 13572.5 0
13047.6 0 12209.9 0
11539.2 0 10768.3 0
11056.6 0 11629.4 14
12552.6 0 11909.7 0
11673 0 11217.5 0
11244 0 9721 0
11717.9 0 11730.2 0
10207.9 0 9832.6 0
9948.6 0 9172.6 0
12883.6 0 11785.4 0
11442.1 0 11222.3 0
9941 0 9756.9 0
10732.7 0 9999 0
7793.1 0 7322.1 0
8737.7 2 7587.3 0
11532.1 0 11514.8 0
9219.7 0 9372.1 0
11041.7 0 10433.7 0
13027 0 12655.6 0
16842.7 0 15515.8 0
13581.3 0 13449.2 0
13961.2 0 13759.9 0
13524.7 23 10148.2 0
14101.1 0 13422.8 0
10863.5 0 10724.7 0
8819.5 0 8137.6 0
11430.1 0 11124.3 0
12553.2 0 12553.2 0
11984.3 12 10221.5 0
11965.2 0 10458.8 0
12888.5 0 12106.5 0
10255.4 18 10355.4 19
10430.8 0 9700.4 0
12048 0 11552.6 0
16082.4 0 16254.2 0
13565.1 0 14059.9 0
11351.7 0 11699 0
10977.2 0 10468.6 0
11004.7 0 10869.2 0
10473.7 0 10980.8 9
9833.1 0 9827.3 0
7685.2 0 7562.2 0
8462.4 0 8462.4 0
14083.8 4 13376.1 0
14353.5 18 13646.8 20
12248.7 0 11555.4 0
15382.7 39 11795.8 0
14773 17 12944.6 0
13210 7 12080.4 0
16374.9 33 16874.9 38
13028.5 11 10906.4 0
13568.6 0 13793.2 0
10141.9 0 9119.4 0
13426.9 0 12974.6 0
9869.1 0 9367.3 0
11668.7 15 10494.2 0
10137.7 0 10064.5 0
16707.2 26 13544.1 0
11437.2 0 10863.8 0
9647.3 0 8465 0
10945.3 0 10881.5 0
9759.7 0 9451.9 0
10181.7 0 9353.1 0
10178.7 0 9103.6 0
11977.6 0 10800.7 0
10911.6 0 10604.1 0
12195.5 0 12203.5 0
9624.9 0 9841.3 0
14544.9 0 15907.3 14
13351.2 13 12176.4 7
10580.7 0 10144.3 0
13637.1 0 13140.5 0
16627.5 25 14932 10
9408.5 0 8307.2 0
16971.6 40 13030.7 0
9415.8 0 8820.5 0
8454.3 6 7616 6
12462.9 0 11791.5 0
13825.1 0 13312.7 0
7925.5 0 7786.8 1
12960.8 5 12345.8 0
11999.6 0 11361.4 0
7521.4 0 7991 0
11831.4 0 11879.4 0
11229.2 0 11604.3 0
14520.9 0 14260.6 0
10197.7 0 9805.3 0
13120.2 12 11817.6 0
8216.7 0 8821.2 0
8964.1 0 8892.1 0
12509.4 0 13049.1 0
13742.5 0 13310.4 0
12378.2 0 11743.2 0
14713.1 0 14214 0
10863.3 0 10655.4 0
11562.5 0 11637 0
16224.8 0 16038 0
12441.4 0 12061.4 0
13757.8 7 13330.9 0
12830.1 17 9422.1 0
11473.6 0 13966 22
11404.2 0 12268.8 18
9642.5 0 10252.4 0
11418.4 8 10195.6 0
12995.4 0 11941.7 0
12831.5 0 11242 0
11188.2 0 10404.4 0
12247.5 0 11984.1 0
15341 0 15615.6 6
11740.1 11 10440.1 0
11633 0 10981.6 0
10866.8 0 10478.4 0
8696.4 0 8011.5 0
11031.8 0 12001.8 13
12946.5 0 13088 0
10693.6 0 10385.9 0
10782 0 10608.6 0
11489.8 0 11359.9 0
