61396 2 0
55878.6 0 1
74880.4 43 0
52371.9 0 0
98205.6 81 1
62891.4 23 0
44650.9 0 1
92757.7 72 0
57849.8 0 1
64639.9 28 0
59688.6 0 0
64694.7 16 1
65364.2 29 0
71863.2 39 1
54512.9 29 0
60369.4 13 1
52241 0 0
48384.4 0 0
36286 2 1
58563 0 0
54379.1 2 1
93299.5 94 0
54368.6 0 1
41355.8 0 0
54310.5 0 0
66107.5 50 1
60812.7 0 0
62004.3 0 0
77785 0 1
53165.1 0 0
50506 0 0
59011.8 5 1
60176 0 0
70162.8 0 0
59597.9 0 1
53608.9 0 0
58468.8 0 0
47262.4 0 1
50865.5 0 0
49727.8 0 0
60739 0 1
55224.4 0 0
55012.1 0 0
41999.7 0 1
70792.5 0 0
78574.4 52 0
58972.3 0 1
59871.8 9 0
120977 144 1
69160.9 0 0
52089.8 0 0
58087.1 0 0
56012.6 7 1
72552.3 26 0
40738.9 6 1
57601.6 0 1
52051.7 0 0
77392.9 30 0
78508.2 0 0
58671.3 0 1
59256 0 0
51680.8 0 0
48057.7 0 1
65833.7 0 0
60992.6 0 0
44821.4 0 1
68545.1 0 0
50423.2 0 0
52199.7 0 1
39978 0 0
52152.1 0 0
58282.6 0 1
65371.5 0 0
51076.2 0 0
58970.2 0 1
47948.7 0 0
67765.4 42 1
77384.6 69 0
55593.5 0 0
49924.6 0 1
87110.6 42 1
57831.5 0 0
87799.6 55 1
62154.2 35 0
52110.8 6 1
62440.5 18 0
71769.5 34 1
55251.5 0 0
44143.6 0 1
46759.5 0 0
63293.3 26 1
60265.1 30 0
63902.6 0 0
54419.7 9 1
77482.1 46 1
65188.5 18 0
54617.4 6 1
51557.1 0 0
66799.1 41 0
51877.7 9 1
49859.8 0 1
66397.8 24 0
41625 0 1
81097.4 46 0
52124.5 15 0
65715.7 26 1
40581.5 0 1
49775.8 0 0
72090 0 0
53774.4 9 1
97728.1 89 0
46686.6 0 1
55124.2 0 0
67083.3 0 0
80965.1 38 1
54112.1 0 1
79157.9 55 0
48512.1 13 1
75070.7 0 0
51899.7 0 0
89201.4 43 1
55630.4 0 0
52527.6 19 1
64961.3 0 0
69579.3 0 1
56231.4 0 0
51401.6 0 0
67867.9 0 1
48476.7 0 0
60388 0 0
57552.1 0 1
57359.3 0 0
57679.2 0 0
53426.6 0 1
69856.1 29 0
50677 0 1
56902.3 0 0
55995.6 0 1
75284.6 0 0
65990.5 0 0
59146.6 0 1
60740.8 0 0
60051.6 0 1
101235 104 0
50615.3 0 0
46752 0 1
52364.7 0 0
44972.9 0 0
62496.5 33 1
63857.5 27 1
57241.1 14 1
49285.5 0 0
50503.5 0 1
64622.6 39 0
65385.2 10 1
54809.7 1 1
56658 0 0
49908.1 0 1
39674 0 0
61270.3 21 1
47077.5 0 0
77301 59 1
42755.4 0 0
55939.5 0 0
107397 127 1
64323.9 33 1
41780.3 6 1
45394.8 0 0
72085.8 40 1
49455.1 13 0
51240.8 4 1
30419.8 0 1
67586 26 1
47686.9 0 0
43307.4 0 1
62348.4 0 0
67274.8 0 0
55008.3 14 1
66728.9 0 0
52868.6 0 1
61010.5 26 0
49548 0 1
53603.8 21 0
55372.6 7 1
45945 0 0
53073.3 0 1
44952.2 0 0
52004.4 0 0
42891.9 12 1
58922.1 7 1
53064.9 0 0
50997.7 0 0
74387.8 50 1
51897.6 15 0
45075.5 0 1
41270 0 0
48224.5 0 1
45796.7 0 0
67357.4 0 0
60602.7 17 1
48318.7 0 0
69711.3 18 1
59634.1 0 0
55943.6 0 0
67914.3 0 1
59140.3 0 0
50650.1 0 0
46188.2 0 1
44156.4 0 0
55873.3 0 0
71497.1 0 1
51639.3 0 0
67885.2 0 1
64071.8 0 0
52329.4 0 1
57179.3 0 0
49595 0 0
49575.5 0 1
60252.1 0 0
60503.2 25 0
47418.5 0 1
52768 0 0
43920.8 0 1
67866.5 14 0
51120.9 0 1
70944.3 29 0
59898 27 1
58417.6 4 0
48671.6 0 1
49473.4 0 0
55737.1 0 1
47894.9 0 0
57222.5 0 0
55338.9 10 1
50979.8 0 0
51704.9 0 1
75176.9 46 0
61624.3 21 1
51207.4 0 0
54447.8 0 0
53976.3 0 1
54891.9 0 0
42057.3 3 1
51483.6 0 0
54363.3 0 0
81726.7 61 1
61370.9 8 1
46595 0 0
49927.1 0 0
49206.5 0 1
51172.9 0 0
54840.4 0 0
56831.6 0 1
60728.7 0 0
65981.3 0 0
43456.6 0 1
61066.1 0 0
62837.5 8 1
87765.2 62 0
57880.1 0 1
63562.8 0 0
51408.8 0 1
67389.8 7 0
67834 0 0
65755.1 22 1
36669.8 0 1
70572.4 40 0
57752.7 0 1
56131.4 0 0
47466.3 0 1
53066.8 0 0
69654.7 21 1
42422.4 0 0
54365.2 0 1
48594.2 0 0
58394.1 0 0
70990.4 0 1
54502 0 0
58655.4 0 1
62264.2 0 0
49846.3 0 0
61055.6 38 1
56371.4 0 0
54784.4 0 1
45255.9 0 0
47780.7 0 0
52865.2 0 1
58903.5 0 0
54710.8 2 1
48710.6 0 0
61308.6 0 0
64620.2 0 1
62254.3 0 0
57099.2 0 0
67701.1 0 1
55141.5 0 0
52637.4 0 0
51870.2 0 1
47200.3 0 0
39112.7 0 1
