1.27284e+06 0 8
1.27164e+06 0 5
1.55902e+06 0 8
1.50461e+06 29 8
1.58211e+06 186 14
1.27129e+06 0 6
1.47513e+06 131 10
1.31077e+06 0 4
1.45222e+06 0 7
1.37055e+06 0 7
1.40763e+06 0 6
1.3859e+06 0 4
1.30579e+06 0 6
1.43384e+06 50 10
1.52268e+06 57 9
1.29889e+06 0 5
1.3978e+06 0 5
1.40484e+06 0 9
1.27274e+06 0 5
1.45319e+06 76 12
1.50683e+06 109 13
1.64292e+06 175 17
1.30677e+06 0 4
1.5646e+06 0 4
1.56116e+06 0 5
1.28683e+06 23 11
1.44232e+06 0 4
1.3886e+06 0 8
1.42089e+06 0 5
1.34688e+06 0 3
1.55412e+06 0 4
1.62295e+06 0 4
1.55257e+06 0 5
1.52206e+06 0 5
1.47846e+06 21 14
1.591e+06 0 7
1.41165e+06 0 6
1.68302e+06 0 4
1.55904e+06 0 5
1.58749e+06 0 3
1.60692e+06 0 3
1.29293e+06 0 6
1.44189e+06 0 7
1.3728e+06 0 9
1.50478e+06 0 3
1.1722e+06 0 9
1.17242e+06 0 8
1.19478e+06 5 9
1.20583e+06 90 12
1.22772e+06 0 4
1.20259e+06 0 8
1.2915e+06 0 5
1.33265e+06 0 5
1.14892e+06 0 5
1.20539e+06 0 6
1.06584e+06 19 16
1.35138e+06 145 14
1.08731e+06 0 4
1.31098e+06 97 11
1.25752e+06 0 8
1.31444e+06 11 7
1.31527e+06 0 5
1.40223e+06 37 9
1.23982e+06 0 10
1.19015e+06 0 15
1.40156e+06 0 4
1.28858e+06 0 6
1.42964e+06 0 4
1.18325e+06 0 10
1.40376e+06 0 4
1.25103e+06 0 6
1.37841e+06 0 5
1.36924e+06 0 4
1.45301e+06 36 5
1.31408e+06 0 4
1.38717e+06 0 5
1.24081e+06 0 5
1.21259e+06 0 5
1.39984e+06 0 6
1.41684e+06 26 5
1.33939e+06 147 19
1.35258e+06 0 8
1.31342e+06 0 7
1.37231e+06 0 5
1.27712e+06 0 6
1.21407e+06 0 10
1.21406e+06 0 8
1.28731e+06 0 8
1.32591e+06 0 5
1.36893e+06 0 5
1.1224e+06 18 15
1.22319e+06 30 11
1.1993e+06 0 7
1.08797e+06 0 5
1.16445e+06 0 5
1.1621e+06 0 8
1.10639e+06 12 23
1.04633e+06 0 8
1.2942e+06 56 6
1.20046e+06 0 11
1.10379e+06 40 11
1.33058e+06 57 10
1.20167e+06 34 7
1.11896e+06 0 12
1.07414e+06 0 8
1.22556e+06 110 19
1.41529e+06 0 9
1.2264e+06 0 13
1.17572e+06 0 7
1.25531e+06 27 9
1.46429e+06 0 4
1.43306e+06 0 6
1.2246e+06 56 29
1.1955e+06 0 6
1.22183e+06 0 9
1.26068e+06 0 7
1.25024e+06 0 7
1.1263e+06 0 9
1.20708e+06 0 9
1.23393e+06 0 13
1.19744e+06 0 9
1.38136e+06 0 4
1.23744e+06 0 6
1.41835e+06 0 6
1.37471e+06 0 6
1.32134e+06 0 8
1.25105e+06 0 5
1.27323e+06 0 7
1.3842e+06 0 7
1.37349e+06 60 8
1.50495e+06 0 8
1.24461e+06 0 8
1.25083e+06 20 12
1.17597e+06 17 17
1.30509e+06 0 6
1.05082e+06 0 8
1.0234e+06 28 13
1.15374e+06 0 7
1.1178e+06 0 12
1.17531e+06 0 7
1.40488e+06 136 7
1.02528e+06 0 6
1.12414e+06 0 12
1.22286e+06 30 19
1.16474e+06 0 7
1.22839e+06 42 11
1.16332e+06 0 8
1.01555e+06 0 9
1.15521e+06 69 18
1.19318e+06 61 14
1.28852e+06 0 10
1.18345e+06 0 7
1.01032e+06 0 7
1.26064e+06 0 9
1.22197e+06 0 5
1.22312e+06 0 11
1.27989e+06 18 16
1.249e+06 0 8
1.1298e+06 0 8
1.18567e+06 0 6
1.27305e+06 14 9
1.37554e+06 152 23
1.27744e+06 0 9
1.1424e+06 0 7
1.18744e+06 0 7
1.38127e+06 0 7
1.32183e+06 0 8
1.30735e+06 0 7
1.19025e+06 0 5
1.18532e+06 0 8
1.33279e+06 0 7
1.37129e+06 48 12
1.27998e+06 0 9
1.36314e+06 0 5
1.19214e+06 0 9
1.23718e+06 0 9
1.11609e+06 0 6
1.38236e+06 0 9
1.20441e+06 0 6
1.35165e+06 0 5
