12110.9 0 11532.1 0
16394 48 12390.5 6
11820.4 0 11750.9 0
11948.7 0 13406.2 8
8059.9 2 10825.3 26
10503.8 34 9420.1 22
10536.4 0 10657 0
18477.4 57 12484.5 17
11873.4 0 11945.5 9
8533.6 0 9563.2 0
7880.3 1 7813.1 0
15220.7 56 12448.2 16
10930.8 0 11869.4 0
14997.4 66 10032.2 3
11690.7 10 11429.1 0
9054.7 0 9471.3 0
8839 0 7957.6 0
7534.5 0 6877.8 0
6656.8 0 7066.6 0
6542.2 0 6778.1 3
10171.6 6 8767.3 0
10673.8 15 9914.2 0
10249 0 13015.1 34
11535.4 0 13086.4 0
13538.4 35 15656.8 60
7931.7 0 8689.1 7
11638.2 0 11552.5 0
10693.5 25 9280.6 8
9144.7 0 10503.4 8
10312.3 0 9717.3 0
11558 0 12558.6 0
9979.3 0 9905.8 0
8800.5 0 8091.7 0
14481.2 8 12672.7 0
10952.3 0 11373.5 0
8822.1 0 8577.3 0
11692.8 0 11415.1 0
8702.9 0 9405.3 0
11449.7 23 8241.3 0
6754.9 0 6754.9 0
9778.8 0 10394.6 0
9605.2 0 10340 0
9346.3 0 10389.5 0
9805.4 14 8076 0
9345.9 0 11522 0
9247 0 8633.6 0
7914.3 2 10616.5 4
8088.4 0 7005.6 0
10783 0 10682.8 0
7880.5 0 6983.9 0
10413.9 0 10626.9 0
11026.7 0 10643.1 0
8121.5 0 7644 0
14176 15 11649.4 0
8855.9 0 9405.9 0
10757.1 0 10185.9 0
10695.4 0 11877.2 0
20257.4 75 17848.3 48
11251.7 0 12039.7 0
13982.9 0 14047.1 0
12478.2 7 10466.2 0
14221.2 2 13153.2 0
11801.5 0 12719.3 0
9908.2 0 11133.8 0
13211.1 0 12941.5 0
10218.3 0 10361.2 0
10569.1 0 10172.2 0
11020.2 0 11833.4 0
14133.3 0 11923.6 0
6261.2 0 7897.8 0
11660.3 0 12801.2 0
9137 0 11620.5 0
9598.6 24 9748.4 26
13101.4 10 15351.8 34
7836 0 7945.5 0
12703.8 0 12555.4 2
8523 0 8798.8 4
8476.2 0 8517.8 0
9826.8 0 10721.1 0
10989.1 0 14039.9 22
10990.7 0 11577 0
7859.7 0 10267.4 20
12482.4 0 13011.5 0
12836.5 22 10244.5 0
13296.1 27 14468.6 38
7039.5 0 6574.8 0
14052.1 31 10973.5 0
10111.7 0 10536.8 0
11929.9 0 12205.1 0
10510.7 0 18285.7 62
9197.3 0 8453.2 0
11739.9 0 10838.5 0
10463 0 10015.8 0
8944.4 0 8531.3 0
13838.1 0 14445.3 0
11734.4 11 13348 19
10182.2 0 9995.2 0
11754.7 0 11465.2 0
8272.7 0 7651.4 0
11183.9 2 11298.6 0
10835.2 0 10904.6 0
10208.1 0 11632 0
13183.8 0 13187.2 0
9676.7 0 8985.4 0
11296.3 0 10766.2 0
12843.5 0 13744.9 0
11865.3 0 14904 16
18938.9 43 15784.5 0
8708.9 0 10903.4 0
9233.8 0 10438.8 0
10071.8 0 11798.5 0
11025.8 0 11217.3 0
15997.3 0 14860.1 0
12727.4 0 12799.8 7
9334 1 10416.1 0
10782.7 0 10351.2 0
8687.3 0 11122.6 19
15066.1 0 14326.4 0
11179.1 0 10206.2 0
12833 0 11435.8 0
9238.5 0 8895 0
11556.9 0 13657.4 12
9154.9 0 8624.5 0
12594.7 0 11494.3 0
8471.8 0 9231.3 0
12136.2 0 11450.5 0
13465 0 13598.7 0
13141.6 0 12650 0
14075.7 0 14191.5 0
10994 0 11018.2 0
11260.9 0 12931.1 0
12029 0 12323.5 0
10643.2 0 10116.5 0
12411.1 0 12335.7 0
13477.6 0 15734.8 0
9340.1 0 9335.5 0
11416.6 0 11071.5 0
12110.2 0 11660.9 0
5844.9 2 9659.9 37
10210.7 6 10162.3 0
11633 0 14338.8 6
9069.4 0 9902.5 6
11145.8 4 10691.8 0
12014.3 0 9504.2 0
11143.8 0 12045.7 0
16623.5 41 12888.4 0
12326.5 23 10948.9 16
7917.3 0 7521.7 0
10680.3 0 11179.3 0
12503.2 0 13948.6 0
11421.2 0 11649.4 0
10238.9 0 11455.8 0
8319.2 0 8333.5 0
13025.3 3 13189.2 0
9889.1 0 15554.8 56
17473.5 14 17585 16
11849.5 0 10773.4 0
14872.9 41 10463.5 2
13530.8 17 17552.6 47
11883.1 0 12604.4 0
9431.6 2 10067.5 0
12238.6 0 12802.5 6
12103.2 0 11758.3 0
10470 0 11993.7 0
9297.5 0 10550.2 0
11854.6 0 12297 0
9017.7 0 8892.5 1
13507.9 0 15286.4 0
11028.1 0 10712.9 0
13718.2 0 15134.7 13
15401.9 0 15275.4 0
10283.8 10 8888.9 0
17573.8 70 11361.5 0
12180.2 14 10706.4 0
10708.6 15 10237.2 0
12544.3 14 11268.8 0
9880.8 0 9843.8 0
9971.2 0 9471.2 0
14112.5 0 15548.7 0
10567.1 0 10237.2 5
9588.7 0 10751.1 0
14489.7 0 14441.8 0
13845.6 0 16611.2 24
13286.7 5 12941.1 0
12006.7 0 11316.4 0
13678.2 0 13148.5 0
13280.8 0 12120.9 4
11613.3 0 11778.1 0
12954.6 4 11623.7 0
10288.5 0 11827.6 0
9960.2 0 9675.2 0
13366.2 0 13340.5 0
13256.5 18 11657.3 0
10444.6 0 12050.2 0
10919.1 0 12834.4 21
7885.4 0 9173.7 0
7853.1 0 9729.1 0
11746.6 0 12199.9 0
10804.1 0 9733.2 0
11183.9 0 10632.1 0
13577.7 0 13771.7 0
17817.4 11 19098 9
14229.7 0 15736.1 0
15343.2 0 13915.6 0
11945.5 0 12140.3 0
15903.6 0 18704.6 38
11020.7 0 12948.3 0
8711.5 0 9548 0
13107.1 0 13336.3 0
13544.9 0 17090.8 17
11191.2 0 12098.1 2
13064.3 0 13020 0
13235.8 0 12633.8 0
8837.5 0 9450.5 0
10074.1 0 10674.4 9
14176.1 0 13179.5 0
17311.4 0 16425 0
14147.2 0 15246.7 0
12241.7 0 13214.2 0
11460.7 0 11561.9 0
12996.6 0 12334.3 0
10510.2 0 11988.2 0
9803.3 0 9699.3 0
8615.6 0 8815.2 0
9090.4 0 8789.7 0
14277.6 0 13770.4 0
12838.7 0 14983.7 15
13417.8 0 13403.9 0
13350.7 7 13301.5 12
14317.4 0 13858 0
13983.3 0 14826.4 24
17793.9 38 14372.6 0
12059.6 0 12044.9 0
14134 3 15913.9 18
11482 0 10969.4 0
17500.3 13 16812.2 12
9490.2 0 10268.5 0
11578.7 0 12083.9 5
10924.5 0 10503.9 0
14523.6 0 16097.7 11
12967.7 0 12332.5 0
9595.2 0 10801.4 0
17687.3 57 11599.3 0
9562.3 0 9838.2 1
9711.4 0 10179.9 0
10622.8 0 9924.6 3
12868 0 11544.8 0
14161.9 27 10690.3 0
15600.8 4 14234 0
9856.6 0 10777.4 0
17346.6 19 16830 15
12504.6 0 12627.9 0
11050.1 0 10969 0
13677.1 0 14119.1 0
15038.4 0 14611.1 0
10239.5 0 10023.1 0
13796.5 0 14233.5 0
9940.1 5 10480.2 0
8734.3 0 9103.4 0
13196.3 10 13267.9 0
15027.1 0 14063.7 0
8918.4 0 8235.2 0
13384.9 0 13471.1 0
12454.7 0 12629.5 0
9121.9 0 8636.4 0
12530.4 0 12966.4 0
12263 0 11598.3 0
15329.1 0 16260 0
10435.7 0 11526.6 3
11817.6 0 11602.3 0
7988.1 0 9802.8 10
9043.1 0 8892.1 0
12778.7 0 12959.7 0
15132.2 0 15879.4 0
12298 0 12016.1 0
16065.9 0 15795.4 0
11201.4 0 11224.6 0
10199.3 0 13336 0
18267 12 16430.6 0
14893.2 0 13503.5 0
12970 0 14481.3 0
11103.7 0 12725.3 17
11167.7 2 12096.1 0
13402.4 14 12803.8 18
11372.6 0 10252.4 0
11227.3 0 10235.6 0
13152.2 0 13648.8 0
16777.6 41 12244.5 0
12170.8 0 11922.1 0
13502.4 0 13375.2 0
16190.5 16 16104.3 0
11231.8 0 12520.1 0
13029.8 10 13042.5 0
11157.9 0 10768.5 0
9939.9 0 9695.9 10
12857.4 8 17619.6 46
13488.2 0 13695.9 5
10334.4 0 10767 0
13382.5 5 11800.1 0
11186.8 0 11795.8 0
