76540.4 4 107248 85
100375 42 63658.8 0
85624.5 25 78446.7 30
86045.2 21 85632.4 43
117145 79 131183 118
117168 102 107598 100
61223.2 0 70078.4 35
88693.5 30 108448 100
111216 71 69289.8 3
73533.4 0 81535.9 39
107669 58 107838 81
108789 74 67731.8 0
92196.8 51 78504.7 40
96397 53 80008.7 48
86543.4 63 54128.1 23
71870.3 0 73188.2 16
85900.9 30 80830.6 37
67651.5 9 101302 88
77730.4 56 60301.5 51
104067 58 76478 20
83408.9 36 63994.5 16
81671.4 33 57030.7 0
81528.8 25 80964.6 43
66315.2 17 56283.9 21
64865.8 0 74192.3 20
82656 35 105181 104
83659.9 15 66462.4 0
130546 112 145602 149
94621.1 0 84898.6 0
73907.1 0 62013.5 2
88123.3 38 92032.1 66
96870.2 59 78718.8 41
93116.1 36 98413.1 77
87315.8 0 77380.3 0
101568 47 85166 36
115947 104 138498 162
67447.9 0 64079.9 0
64955.9 0 83836.9 58
88247.1 43 64430.5 8
66568.2 0 59635 0
113465 65 100761 71
72408.4 0 62595.8 0
101348 55 110788 96
61764.2 0 51780.4 0
92136.4 0 77938.8 0
79308 0 58408.8 0
181132 209 83921.3 43
72336.8 9 77136.3 38
106288 74 112809 102
93395.2 28 68364.7 0
75583 0 81863.8 29
71326 0 65660.8 0
113815 82 114251 96
93176.5 21 66577.1 0
87627 44 50767.6 0
144538 132 128506 125
59278.9 0 56319.9 0
83270.2 4 88872.2 33
146900 116 77237.2 0
78203.3 7 100307 70
107009 71 109604 84
70231.4 0 60951.7 0
74000.5 33 74415.7 50
89286.9 0 72555.2 0
78830.5 0 68074.4 0
67343.1 0 84356.2 56
91581.7 0 123076 88
106300 84 53219.3 0
109208 70 74139.5 15
52755.2 0 45546.2 0
72095.5 9 89851.5 68
75405.1 0 64882 0
79967.1 0 72133.2 0
123991 106 97054 76
77007.1 0 65126 0
77270.5 23 55089 0
76448.1 36 61140.3 0
62176.8 6 85885.2 63
84874.5 29 139949 138
90202.5 28 73982.4 21
95645.5 23 87731.2 25
74625.4 5 76448.5 7
134644 118 163037 189
96186.6 72 91601.7 74
72022.7 0 58409.5 0
95758.9 40 98531.7 58
85000.2 30 104397 75
72792.8 1 90626.3 60
62911.7 0 60598.7 11
77669 25 100184 67
124179 109 74333.9 27
135623 144 67421.8 20
108691 52 104214 63
106290 74 109134 90
146958 143 138701 142
115468 81 68939.1 0
75152 3 66504.8 17
77063.9 22 59104.2 0
122337 124 112302 120
88881 38 102727 99
75355.5 5 60576.9 0
81848.2 24 86095.1 49
82437.9 29 91255.2 69
122566 80 97618.9 50
78044.9 41 84552.8 66
74177.3 0 86730.7 42
83508.1 35 85013.9 47
107765 87 110618 100
99331.2 9 106993 49
113955 86 131124 141
98777.8 58 74296.7 26
68242.7 0 114802 110
71078.3 1 69436.5 15
144943 127 129860 100
152659 149 125724 105
81325.4 18 89610 53
138702 140 63063.6 0
62998.2 9 57818.7 7
108882 37 113497 44
75369.6 0 113594 109
114414 58 119441 97
74050.5 0 62410.3 0
73720.8 0 68488.9 0
91856.5 15 74741.9 0
91000.3 0 94694.5 35
72468.9 0 70981.3 0
74830.7 0 90791.7 47
90235.1 3 78198.9 0
68652.9 0 64312.7 2
139905 114 139907 132
87386.5 27 101788 56
96115.1 45 68716.1 0
78522.5 0 68542.8 0
76973.6 11 68617.2 0
72031.6 0 84235.7 41
78848.2 3 86518.8 42
99501.8 15 97092.7 31
80595.7 0 102085 63
93934.6 0 87221.3 0
94590.8 13 98681.6 42
176127 185 103681 61
78360 0 101801 73
86855.5 0 100794 43
118872 97 101592 76
73408.3 0 66851.2 0
69254.5 0 57079.6 0
69456.5 0 61427 0
69540.3 0 55598.7 0
84038.1 35 91802 74
110026 84 58523.3 0
101263 61 111154 91
70140.8 0 70754.2 23
74177.6 0 64901.5 0
140650 139 62554.2 0
83232.7 6 99835.4 46
69989.7 0 75316.4 18
70392.9 2 75986.9 21
87116.1 32 88078.3 43
55548 3 50590 0
110954 82 116138 102
83294.1 41 100288 76
75641.7 12 73680.1 20
83624.3 39 74016.5 38
77383.7 6 66833.4 7
98032.6 61 89757.6 61
90825.4 49 96426.2 62
76825.9 37 54427.1 6
102625 73 78543.8 38
71937.2 0 101461 80
73695.1 19 62465.3 0
114470 83 96748.4 66
58305 6 69242.5 42
100631 55 79623.5 24
103259 65 114596 98
77970.5 29 65868.9 19
176098 191 101298 56
95866.6 0 88733.3 0
67955.8 0 57796.8 0
84966.1 20 82550.5 21
87820.2 30 82438.3 35
74327 0 67006.7 8
75126.6 0 73882.2 17
86978.6 54 79752.9 46
75885 13 74995.4 17
67329.2 0 59047.5 0
79169.4 0 75943.5 6
62281.2 0 59048 13
83769.1 21 69426 0
64803.6 9 68302.7 32
83755.6 8 77457.4 13
100626 47 76877.7 21
75119.4 17 57207.5 0
94049.8 57 135391 148
93425.3 55 77257 36
70347.9 0 66360.1 7
75740.8 34 55646.9 0
77905.5 7 94238 54
67575.7 7 86637.2 54
93712.2 22 88803.4 27
99314.6 62 68861.4 18
70453.8 0 62247.6 0
76161.2 0 86606 25
78377.8 0 76214.1 0
84461.4 8 70050.4 0
87991.6 0 76813 0
90593.7 29 72545.7 0
106284 72 95446.8 80
96921.7 72 78298.3 44
78069.7 18 61296.8 0
83954.6 0 103312 52
91934.3 0 83988.7 0
82226.7 19 65467.9 0
91660.4 0 89930.4 0
94471.2 23 128270 103
73001.1 0 64106.8 0
100360 40 79022.8 0
71573 0 55941.5 0
78315.4 7 64351 0
79567.5 0 72161.3 0
73648.9 6 65406 1
83872.5 31 64390.4 0
75308.4 0 68493.7 0
70380 20 58919.4 0
123851 86 71439.9 2
66305.9 0 78297.5 24
89904 33 97034.1 57
93690.2 60 78222 35
117283 78 94485.8 62
75575.3 27 92462.2 63
79495.1 10 69593.3 14
75785.7 0 86290.7 36
82279.7 31 64067.2 2
93948.9 26 90770.2 37
88333.2 38 69042 11
110659 69 69707.7 0
75184.2 3 64821.7 0
145175 141 122278 106
106355 69 95538 54
84448.3 36 81144.7 42
74761.1 3 68014.6 0
63419.6 0 107325 74
68498.7 0 63170.3 0
118865 115 77493.8 42
72299.4 0 68790 0
93841.3 24 95251.7 49
94619.9 38 114691 85
92659.8 16 108503 65
100570 72 113140 113
68319 0 75586.9 30
88986.8 40 59886.1 0
91227.3 35 76294.4 0
72733.6 3 71678.2 0
83656.3 27 71894 0
80347.4 0 77839.1 0
118991 61 104463 50
62623.8 0 52740.5 0
87205.5 0 88706.5 33
77347.1 0 67139.6 0
86348.7 19 90724.6 21
81397 0 80937.8 15
101619 39 118632 82
75048.3 0 77959.5 11
90241.1 0 87163.2 0
98630 21 106675 57
73677.9 2 65825.6 0
61162.6 18 43217.3 0
93932.4 55 65673.2 0
84947.5 10 72041.6 0
73820.8 7 72252.8 0
76026 16 66794.5 0
106934 80 77995 18
85834.2 28 69885.4 0
60796.4 5 67447.4 24
81291.1 12 78965.3 12
72169.2 0 85193.1 40
100286 42 85622.2 28
83284.4 0 80320.3 0
105671 65 90023.7 50
76996.8 0 81411.7 16
77935.8 0 79607.5 13
66864.5 0 62143.5 0
53754.2 0 63377.6 18
75168.6 3 67110 3
71313.2 0 63814.3 0
94206.3 67 104421 106
61311.9 0 66512.6 14
70330.1 0 65386.7 0
104327 54 98638.1 54
111066 56 66473.5 0
73626.9 0 93938.3 54
85518.4 0 76318.2 0
82693.2 0 115651 66
79193.9 0 102648 50
84146.1 5 69794.2 0
79902.2 0 80752.1 0
93569.5 39 71893.6 4
74325.2 3 71664.9 0
69306.3 0 88338.5 38
69119.4 0 64161.2 0
67065.1 13 92304.8 70
