11161.6 0 0
9568.9 0 1
10637.1 0 0
11778.4 0 0
6723.9 0 0
6140.1 0 0
10657 0 0
10784 0 1
9813.9 0 0
7665.7 0 0
5576.6 1 0
8846.9 0 0
9979.6 0 0
8289.5 0 1
9887.6 0 0
7695 0 0
7825.4 0 0
6558.7 0 0
6620.1 0 0
5584.6 0 1
8137.8 0 0
14569.7 59 0
8667.9 0 0
10881.6 0 0
8778.4 0 1
10591.3 30 0
10483.1 0 0
7256.6 0 0
8805.6 0 1
9022.9 0 0
10558.2 0 0
9478.8 0 0
8091.7 0 1
10561.9 0 0
10350.4 0 0
9359.6 14 0
11252.7 0 0
7619.4 0 0
7612.1 0 1
6397.6 0 0
8494.3 0 0
9640.9 0 0
9346.3 0 0
7126.5 0 0
9837.4 14 1
7622.6 0 0
8351.7 2 0
6140.7 0 0
9510.7 0 0
6925.3 0 1
9333.3 0 0
9771.7 0 0
7467.1 0 0
10780.7 0 0
7719 0 0
10201 0 0
10346.4 0 1
11779.7 0 0
10980.9 0 0
12951.5 0 0
10080.9 2 0
12666.4 0 0
11017.5 0 1
9386.5 0 0
12736.6 0 0
9255.3 0 0
9620.5 0 0
10362.8 0 0
11923.6 0 1
5805 0 0
10327.8 0 0
9137 0 0
6716.5 0 0
10875.4 0 0
7307.1 0 1
12855.3 11 0
6655 0 0
8864.5 7 0
8882.6 0 0
10822.2 0 0
9035.8 0 1
7139.2 0 0
10711.2 0 0
9088.5 0 0
10353.7 0 0
6287.8 1 1
10388.4 0 0
7411.2 0 0
10406.1 0 0
9353.6 0 0
7568.6 0 0
9712.5 0 1
10140.7 18 0
7018 0 0
13028.5 0 0
9179.2 0 0
9245.3 0 1
9183.7 0 0
7651.4 0 0
10079.6 0 0
10072.3 0 0
9296.3 0 0
10996.8 0 1
8131 0 0
10138 0 0
12175.6 0 0
11262.8 0 0
13520.6 0 0
8475.3 0 1
9329.9 0 0
9392 0 0
10016.8 0 0
14433.1 0 0
12038.5 0 1
8580.5 0 0
9923.8 0 0
7953.3 0 0
13612.7 0 0
9439.2 0 0
11435.8 0 1
8992.6 0 0
12195.9 9 0
7024.2 0 0
10839.2 13 0
7802.8 0 1
10089.9 0 0
11448.3 0 0
12288.8 0 0
14123.2 0 0
9803.7 0 1
11775.9 1 0
10553.3 0 0
9399.4 0 0
10750.5 0 0
13359 0 0
8486.2 0 1
8968.7 0 0
10601.1 0 0
6561 11 0
8905.5 0 0
11582.3 0 1
8911.5 0 0
9898 1 0
9007.3 0 0
10245.8 0 0
9693.9 0 1
8002.9 0 0
7685.5 0 0
9848.5 0 0
11421.2 0 0
10346.6 0 0
9343.2 0 1
8088.1 0 0
12925.9 0 0
9277.8 0 0
14563.9 0 0
10655.4 0 1
10044.3 2 0
9473.3 0 0
11295.4 0 0
8974 3 0
11215.9 0 1
9473.8 0 0
9991 0 0
8880.5 0 0
10338 0 0
8160.7 0 1
12630.8 0 0
9550.7 0 0
12248.3 0 0
14159.6 0 0
7642.4 0 0
10298.8 0 1
10309.8 0 0
8200.5 0 0
10848.1 0 0
9333.3 0 0
9468.5 0 1
11708.2 0 0
8627.9 0 0
9101.1 0 0
13333.9 0 0
12073.9 0 1
10062.3 0 0
10548.8 5 0
11909.7 0 0
11753.1 0 0
9909 0 1
11730.2 0 0
10597.2 0 0
9035.8 0 0
12058.2 0 0
11379.6 0 0
9697 0 1
9999 0 0
7503.9 0 0
7847.4 0 0
10888.3 0 0
9374.9 0 1
10295.7 0 0
12187.3 0 0
15598.7 0 0
13102 0 0
13759.9 0 0
10684.4 0 1
13086.8 0 0
10105.5 0 0
7961.6 0 0
10932.3 0 0
12553.2 0 1
9711.7 0 0
10995.6 0 0
12888.5 0 0
8537.1 0 0
9143.9 0 0
11687.4 0 1
15090.5 0 0
13245.9 0 0
12256.2 0 0
10898.2 0 0
11551.6 0 1
9905.6 0 0
9030.5 0 0
7741.2 0 0
8462.4 0 0
13166.5 0 0
14225.7 18 1
11801.8 0 0
11837 0 0
12968.6 0 0
12513.8 0 0
13166.7 0 1
10858.4 0 0
12631.8 0 0
9151.4 0 0
13038.6 0 0
9378.8 0 1
10693.2 0 0
10064.5 0 0
13137.8 0 0
11024.5 0 0
9454.4 0 1
10171.6 0 0
9443.9 0 0
9711.4 0 0
9336.9 0 0
11501.7 0 1
10604.1 0 0
12680 0 0
9015.8 0 0
14903.9 0 0
12232.5 0 1
10141.5 0 0
13530.3 0 0
13924 0 0
8820.6 0 0
13022.7 0 0
8900.5 0 1
7943.6 0 0
12288.5 0 0
13232.7 0 0
7804.3 0 1
11823.2 0 0
11787 0 0
7975 0 1
11606 5 0
11445.1 0 0
13151.8 0 0
11747.9 14 1
11853.4 0 0
7908.1 0 0
9012.1 0 0
12709.1 0 1
13374.4 0 0
12063 0 0
14078 0 0
9780.9 0 0
11565 0 1
16352.6 0 0
11973.4 0 0
13010.4 0 0
10653.1 0 0
11516.7 0 0
11151.5 0 1
8765.7 0 0
9907.8 0 0
11780.9 0 0
12617.9 5 0
10572.4 0 1
11296.3 0 0
13982.7 0 0
10879.2 0 0
11202.2 0 0
10071.9 0 0
8035.5 0 1
11277.6 0 0
12796.7 0 0
9493.8 0 0
12671.9 15 0
9952.5 0 1
