Input file name with '.txt' :  Which GA Version (1,2)? How many times to run? Iterations: Population Size: 11588.4 0 11320.4 0
9568.9 0 9810 0
10637.1 0 10687 0
13406.2 8 13346.7 19
8809.6 16 6766.4 0
6445.5 0 6231.5 0
10437.4 0 10149.2 0
10923.5 0 10784.5 0
11381.7 11 11975.6 22
8057 0 7911.6 0
6284.4 4 5782.8 1
8296.2 5 11396.2 36
10522.7 0 10016.8 0
11516.4 27 14655 66
12121.3 18 13773.5 44
7918.2 0 7720.7 0
8585.1 0 7825.4 0
6991.1 0 6727.7 0
6620.1 0 6620.1 0
7606.9 16 7099.7 12
8137.8 0 8137.8 0
11260.2 16 8892.5 0
9578 0 9202.3 0
11099.4 0 10960.2 0
11695.8 22 9318 4
9221 10 8291.3 7
10777.2 0 10701.4 0
7979.3 0 8861 16
9032.5 3 8712.4 0
9233.4 0 9154.2 0
11726.4 0 10961.4 0
9570.7 0 9957.7 0
7705.1 0 7987.2 0
11136.2 0 10561.9 0
10350.4 0 10483.4 0
9589 14 8331.2 0
12014.9 0 11252.7 0
8255.4 0 7801 0
8171.8 0 7953.5 0
6460.7 0 6356.4 0
8728.5 0 8494.3 0
9948.3 0 9605.2 0
9954.7 0 14777.1 50
7657.1 2 7126.5 0
8918.3 0 8437.4 0
8791.9 0 8241.6 4
8738.2 2 8362.7 2
7153.6 0 6249.1 0
14299.2 38 11207.3 12
7114.7 0 6983.9 0
10339 0 9333.3 0
10185.5 0 9970.2 0
7644 0 7644 0
11143.1 0 10793.5 0
8319.2 0 8225.8 0
10527.8 0 10185.9 0
10976.4 0 10373.4 0
13500.4 17 13338.6 17
11617.5 0 10980.9 0
12645.6 0 13506.8 0
10318.5 0 10333 0
14874.8 16 12622.2 0
11658.5 0 11150.3 0
9386.5 0 9386.5 0
12995.4 0 12453.1 0
10394.6 0 9255.3 0
9906.5 0 9607.8 0
10900.5 0 10791.2 0
12830 0 12662.9 0
6777.5 0 5805 0
10792.1 0 10327.8 0
9137 0 9376.8 0
7279.9 0 9167.1 24
13578 25 10875.4 0
6798.1 0 6623.4 0
11679.8 2 13542.5 22
7813.4 0 7450 0
8435.4 0 8266.8 0
8882.6 0 9446.8 6
10822.2 0 11004.6 0
10111.1 0 9608.6 0
7444.6 2 7019 0
12170 7 10711.2 0
9626.3 0 9430.1 0
10412.8 0 9831.8 0
6726.3 1 6114.7 0
11412.6 9 9950.1 0
7760.6 0 7507.7 0
10798.7 0 10406.1 0
9830.4 0 8962.4 0
8056 0 8056 0
9712.5 0 9712.5 0
12135.1 32 11540.7 32
7210.1 0 6932.9 0
14717.4 13 13087 0
10147.8 0 9332.4 0
8657.5 0 9245.3 0
9577.2 0 9183.7 0
8363.6 0 7651.4 0
10498.5 0 10283.8 0
10429.2 0 10082.1 0
9601.9 0 8960.5 0
12052.9 0 11753.1 0
8131 0 8543.4 0
11350.9 0 10138 0
12873.4 0 12175.6 0
12139.9 0 11450.6 0
14668.7 0 14388.7 0
9100 0 8714.2 0
10416.6 0 9123.4 0
10136.4 10 9755.5 0
9564 0 9324.5 0
15970.1 2 15216.8 2
11792.4 0 11939.8 7
9102.3 0 8675.2 0
10025.2 0 10060.8 0
10623.8 21 8178.1 0
15618.9 19 13519.4 0
10452.2 0 9481.1 0
11771.3 0 11435.8 0
8770.8 0 7882.9 0
13272.3 23 12031.8 18
7655.7 0 7024.2 0
12173 19 10975.4 5
8424.8 0 7802.8 0
10629.7 0 10144.8 0
12554 0 11334.8 0
12790.8 0 12262.3 0
14393.2 0 12455.2 0
10994 0 9327.4 0
12494.1 0 12109.8 0
10701.9 1 10712.1 3
9439 0 9345.1 0
11146.4 0 10399.5 0
14973.9 0 14540.4 0
7999.7 0 8626.9 0
9279 0 9179.3 0
10910.9 0 10840.7 0
5538.6 0 7677.9 27
9503.9 0 9132.1 0
11572.3 0 11097.8 0
8999.5 0 10200.6 7
9943.5 0 9762.4 0
9835.7 0 9324.7 0
12003.7 15 10200.5 0
9961.6 0 9830 0
7821.6 0 7427.7 0
8247 0 7521.7 0
9532.8 0 8615.3 0
12111.6 0 14659.2 39
10479.6 0 10630.2 0
10587 0 9255.6 0
8409 0 8062.6 0
12409.1 0 13722.7 13
13831.9 44 9277.8 0
15625 0 17842.5 29
10963.1 0 10655.4 0
10850.9 1 10258.7 3
10608.3 0 10065.3 6
11243.8 0 10861.3 0
9235.6 2 9043.6 3
11516.5 0 11215.9 0
9167.2 0 9473.8 0
10816.7 0 10219.4 0
8503.6 0 8786.9 0
10415.8 0 9506 0
8368.9 0 8424.9 0
13436.1 0 12751.9 0
9831.3 0 9175 0
14265.3 14 12104.3 0
14544.7 0 14288.2 0
8125.6 0 7615.4 0
10387.7 0 10450.5 0
10032.5 0 12763.2 27
8626.7 0 8506.3 0
12242.6 13 10308 0
9549.3 2 9959.9 2
9782.3 0 9471.2 0
12578 0 12015.6 0
9541.1 4 8843.7 0
8945.7 0 8829.6 0
13746.8 0 13385.1 0
13900.5 9 12450.6 0
10848.9 0 10431.9 0
12429.4 22 12148.8 21
12743.1 0 12192.4 3
11529 0 13329.5 20
10814.8 0 11056.3 0
12052.9 0 10753 0
9824.6 0 11327.9 12
9225.2 0 9035.8 0
14986.6 24 12480.2 0
10957 0 11443.8 0
8904.9 0 9912.4 0
9999 0 13619.3 40
7624.7 0 7474.6 0
8183.5 0 7587.3 0
11135.9 0 10656.3 0
9666.5 5 8794.9 0
10275.5 0 9944.1 0
13362 0 11899.3 0
15598.7 0 14795.7 0
14155.3 0 13537.2 0
13419.7 0 13364.3 0
10004.2 0 10684.4 0
13479.9 0 13422.8 0
10890.7 5 10228.3 0
8262.3 0 8879.8 4
11949.8 0 11585.7 0
12711 0 12062 0
12954.8 31 9036.7 0
11178.4 0 10995.6 0
12890.6 0 12520.7 0
10519.2 19 10255.4 18
9763.4 0 9400.9 0
11863.6 15 12492.6 13
15744.3 0 15477.3 0
13565.1 0 13500.6 0
11828.2 0 11651 0
11433.8 0 10471.1 0
11836.9 0 10869.2 0
10079.6 0 9779 0
9600.2 0 9302.5 0
7997.4 0 7554.2 0
8406.9 0 7757.3 0
13246 0 12794.1 0
13730.8 21 12379.5 0
11833.8 0 11555.4 0
13379.9 17 11829 0
12952.6 0 13739.4 3
12370.1 0 12072.4 0
13780.1 0 16898.9 38
11743 0 11999.9 13
12583.8 0 12591.8 0
9452.6 0 9151.4 0
13168.2 0 13038.6 0
9367.3 0 9351.3 0
11647.3 5 11868.7 17
10072.5 0 10056.5 0
14489.4 9 13488.1 0
11210.3 0 10871.8 0
9232.5 0 9157.4 0
10171.6 0 10147.6 0
9451.9 0 10008.9 12
9528.1 0 9671.4 0
9037.7 0 9357.6 0
11698.2 0 11671.6 0
12427.3 21 10202.6 0
12205.5 0 12005.5 0
9624.9 0 9731.8 12
14817.3 0 15989.5 18
14625.7 24 12728.4 13
10614.7 0 10120.3 0
14633.3 0 13578.3 0
14769.1 6 14564 6
9327.2 0 8828.6 0
12972.3 0 12962.3 7
9574.2 5 11190 16
7592.1 0 7592 6
12898.5 0 11927.5 0
13242.9 0 12992.7 0
8170.2 0 7852.3 0
12930.9 4 12034.6 9
11872.4 0 11883 0
7975 0 7350.2 0
12007.6 0 11138 0
11103.7 0 12074.4 0
13191.8 0 13159.8 0
9947.4 0 9831.9 0
11793.6 0 11977.6 0
8147.1 0 8945.9 0
9153.3 0 8245.1 0
12069.7 0 12533.3 0
13240.6 0 13227.2 0
11990.4 0 12545.6 9
15853.1 18 13818.1 0
10144 0 9885 0
11174.2 0 10751.3 0
21430.4 58 15806 0
12652.5 0 12150.9 0
13484.7 0 13250.9 0
9358.1 0 9358.1 0
11059.6 0 11243.3 0
12868.2 24 13216.8 29
9492.1 0 8885.7 0
11388.7 8 11721.5 11
12836.4 2 11626.6 0
12702.1 0 12923.6 0
11385.6 0 10730.4 0
13252.9 16 11832.1 0
14956.3 0 13694.7 0
11313.4 0 10937.5 0
11524.5 0 11210.2 0
11087.9 3 10386.5 0
8413.8 0 7810.9 0
15119.2 36 10805.8 0
12946 0 12580.2 0
10230.6 0 10371 0
10873.4 0 10480.6 0
11107.1 0 9505.9 0
110496 90 94706.2 74
101232 53 72906.1 28
131153 123 116066 128
120635 108 57097.6 14
156066 148 107197 77
110667 82 104827 114
62717.7 19 51160.7 21
146064 160 100750 89
78718.4 8 89377.6 61
82625.8 33 66968.2 32
110134 77 89475 43
73682 0 68086.3 16
107063 87 50558.1 0
88176.3 50 112389 127
57808 14 49940.1 25
107889 67 112968 103
63137.6 1 74388.3 40
79148.8 46 55884.5 24
44319 0 47986.3 20
83471.7 17 69586.2 12
114878 110 109662 130
88501.3 47 95476.2 98
120992 101 87944.4 67
57947.6 5 48059.6 0
70875.2 0 53782.6 2
128242 139 80156.6 60
76824.7 8 82206.3 38
146712 151 87011.9 56
96160 11 75861.9 4
79529.3 22 55582.1 0
69163.9 0 118840 125
87669.4 48 138187 160
109456 71 65612.1 36
83237.2 3 65272.2 0
130645 113 111511 100
74470.6 32 66000.4 32
66676.4 0 58388 0
68733.8 19 59924.3 15
78273.1 27 74037.1 58
72821.7 12 51764.8 0
87912.7 19 111208 79
73075.4 0 50722.1 0
90864 34 52191.3 0
55021.1 0 49045.9 0
87182.1 0 77401.9 0
72008.5 0 69051.5 19
172050 212 124956 155
86250.6 43 84297.5 79
72597.9 16 91187.8 68
79385.5 5 125570 126
68354.3 0 53445.7 0
71135.2 0 62374.5 0
66912.2 0 96382.7 87
147779 141 60359.9 0
57037.5 0 43485.7 1
107390 58 206830 285
65512.3 0 51786.3 0
117750 87 122692 105
81763.7 0 84653.6 29
73373.5 9 90818.7 70
67551.8 0 83771.7 44
66313 0 55392.3 0
59126.3 0 48448.9 0
89218.9 0 71386.9 0
77227.3 0 61863 0
100536 73 132218 166
85317.7 0 70497.1 0
75425.5 27 88829.7 66
75026.2 0 77146.9 30
52645.5 0 50488.6 21
76764.8 25 66478.1 39
72578.2 0 61264.8 0
73599.1 0 65976.2 0
118441 114 100465 94
108156 65 74204.2 16
91220.3 61 73596.6 36
80162 44 52771.4 3
78270.6 42 93472.1 78
153736 156 77990.3 39
67255.8 0 71995.3 27
104475 61 79934.3 28
83764.8 29 54340.3 0
112686 77 117414 111
112373 108 92746.1 93
87427.9 49 72214.7 41
104421 71 58155.3 9
110786 64 75844.5 39
85024 41 68387.7 34
56340.9 0 56053.5 26
127167 117 129371 153
88812.7 50 78423.5 46
77240.3 40 97586.4 94
134138 107 122018 119
90983.9 47 71114.5 15
116762 81 140655 150
83610.3 27 67964.9 24
72576.8 11 57413.6 0
99541.4 72 84345.7 71
91386.7 63 86571 83
98240.4 64 105979 116
64823.9 0 57417.9 0
77724.6 27 69203.6 40
91345.6 69 58232.7 38
115989 85 79251.1 42
102487 89 53703.2 13
116887 107 58273.9 12
92501.5 67 45808.6 5
103708 84 112806 124
91533.9 12 109464 76
87183.3 34 77327 40
87257.5 47 71637.6 29
68009.8 2 66609.6 31
108670 69 84438.5 53
110614 62 95701.4 62
108630 59 65327.9 0
68174 0 61804.5 11
75120.2 27 64143.8 35
57023.8 0 42550 0
127996 72 108586 48
89576.7