94862.9 40 101878 84
116362 85 100643 62
88343.7 38 92710.6 71
104958 73 93704.3 74
137860 114 124500 117
109897 75 68639.5 24
67544.9 15 93893.2 85
139130 138 66482.3 17
86295.3 20 83534 43
96905.3 59 117910 120
157824 160 114158 101
88664.4 32 62254.3 0
100286 66 56845 16
86465.2 46 82023.3 65
79527.9 54 63996.4 35
94304.9 40 109413 105
69800.1 0 146075 179
79297.6 31 65315 25
67765.1 34 63901.3 48
79361.4 0 79134.4 49
79771.2 38 91833.2 71
93459.4 51 65406.8 29
74046.7 10 65552 14
82820.5 55 42775.9 0
63739.3 0 53720.9 0
120895 126 96271.9 95
96482.4 35 63599.8 2
104357 59 114293 90
105095 21 95362.8 31
76796.5 0 60513.9 14
103182 76 71326.3 30
81769.6 11 75391.6 24
105762 63 99220 79
85594 0 73542.9 0
134071 118 104928 81
61469.8 0 93150.2 76
69330.7 0 57097.9 0
65433.5 0 50954.2 0
87362.5 42 119510 126
65139.6 0 78963.1 42
84176 14 134410 125
74108.4 0 73531.6 27
98500.1 48 62982.7 0
59485.7 0 55722.2 23
86664.9 0 77279.3 0
70477.5 0 55234.5 0
71015 0 116052 114
110526 94 117256 120
116066 87 122568 125
92793 13 95892.9 52
87437.5 32 70448.5 17
69748 0 89199.7 52
124935 103 133857 156
106233 61 72594.3 21
73142.7 31 49086.8 14
150936 139 67016.2 0
64517.7 0 60085 0
82151.9 0 80519.1 32
96269.4 10 138134 124
91126.5 41 65049.5 9
121472 95 78661.5 35
66742.8 0 59786.2 0
80504.2 34 91000.2 74
88799.9 0 83963.9 24
77700.7 0 68750.4 0
152418 167 82797.8 57
146482 112 80389.4 18
135305 143 128051 154
77944.1 4 99828.2 76
55371.9 0 43663 0
78012.8 26 49601.9 0
75405.5 0 61293 0
73646.8 0 64604.6 0
108364 79 102425 95
80962 12 157108 176
64878.3 0 53036.8 7
63320.6 0 52450.5 12
69625.5 23 53884.8 16
87959.9 20 71576.2 0
115415 84 66277.8 0
122430 83 87776.5 43
76106.1 0 54718.9 0
102024 49 89369.9 49
106157 88 104958 115
68264.9 0 115301 119
104818 65 82054.8 49
82996.8 13 92423.5 65
112338 68 97098 84
59576.5 0 52710.9 0
143913 150 88520.8 56
69345.3 0 76599.1 46
123951 118 103989 111
79570.2 0 96283.3 55
91923.8 44 61238.2 10
129441 98 163017 203
83941 17 93600.6 61
83883.3 28 68106.8 20
73080.5 14 49322.9 2
93566.8 59 82080.2 68
125206 115 72549.6 35
83177.5 26 49440.9 0
71693.8 4 99602.4 99
89871.7 52 64103.2 32
78777.8 0 93834.8 60
91164.5 66 75821.3 63
125576 111 68800.6 29
83314.4 44 96228.3 87
93820.8 61 95696.9 71
107955 33 87830.9 26
99180.1 60 67893.2 26
79983.6 39 67539.7 27
129864 125 80995.3 55
70425.2 0 138829 149
95426.2 28 89614.3 27
98996.6 43 116747 101
71488.6 0 85035.3 56
62262.5 0 95037.9 79
64577 21 57836.1 28
151152 115 97327.3 12
120126 86 84480.6 54
117945 73 94281.7 50
71358.7 0 61927.7 0
73524.3 0 45011.6 0
83578.9 0 70560.9 0
87525.8 0 67924.7 0
77218.5 0 58628.9 0
73128.7 0 78569.6 31
91337.2 0 69647.8 0
62224.6 0 57256.4 6
140821 127 106198 89
104130 43 92961.1 59
72733.5 0 82196.5 44
74932 0 64049.8 0
84188 31 59043.2 5
79213.8 16 58645.2 0
82254.9 11 60855.7 0
110927 44 74752.4 21
83133.6 17 65197.4 0
91879.5 0 75040.8 0
123633 95 88249.4 34
160935 169 90033.1 58
130457 111 75028.5 35
80941.2 0 65577.8 0
119282 93 86786.6 65
94237.5 56 54565.4 0
67218.8 0 59873.8 16
67339 0 53139.1 0
68904 0 46871.4 0
78483.1 31 81640.8 61
78840.6 22 77924 53
84992.8 31 87709.9 57
77707.7 16 85622.5 55
70524.1 6 68402.7 17
70738.5 27 66581.9 27
74671.5 0 69919.7 0
81275.7 16 61104.6 6
95694 48 55535.4 0
96311.6 45 66162.8 16
54205.9 1 47276.8 0
100558 51 70877.7 14
112165 100 60676.6 22
67462.6 0 76529.5 40
92433 61 85627.7 79
83352.5 16 64487.7 0
126743 126 86465.2 67
90946.9 59 72643 38
75797.6 34 67590.7 50
73262.5 17 51725.2 14
69603.8 0 52773.5 0
76998.1 26 71148.7 44
98427.4 58 131283 148
59909.2 18 57692.8 35
80724.7 17 63047.5 5
77607.8 20 134623 161
81159.6 42 68157.3 44
86210.8 19 62081.3 0
112258 35 98728 32
64886 0 50985.7 0
114400 75 87614.2 33
71213.9 0 55447.9 0
80252.5 26 71916 32
78425.8 7 84579.2 55
79306.3 43 50688 14
66857.6 0 91720.4 68
60458.2 0 84438 71
76557.7 0 56172.8 0
72318.7 19 48796.4 0
75567.3 1 60097.6 0
93473 72 54375.8 26
83619.9 18 58208.7 0
73626.4 0 59210.6 0
71417.9 0 55990.8 0
112425 95 112605 121
91461.1 54 83429.8 64
103239 73 58907.4 0
61319.5 0 46799.8 0
93742.4 43 82135.5 44
111507 93 62615.7 31
87009.4 0 101502 60
62687.8 0 59285 0
64611 0 53913.1 0
77441.9 8 65314.1 0
88764.8 0 83963.7 20
80820.5 10 66936.6 0
91198.8 0 71548.2 0
114757 79 61650.9 0
76734.6 23 53703.5 0
93654.8 54 52771.7 0
75053.1 20 88249.6 57
91461.3 27 90352.4 63
87982.3 0 77347.1 0
83011.3 36 61977.5 13
92569.4 0 73797 0
82285.2 0 78110 14
69454.8 0 60947.2 0
85846.2 22 69446.2 23
66627.9 1 71716.3 42
72806.3 0 67060.7 1
78479.7 0 84511.4 43
94424 54 68570.3 21
65517.7 0 77429.7 41
71937.7 0 60671.2 0
62393.1 0 49252.5 0
76933.3 0 137675 147
65369.6 0 69323.1 47
75035 3 67499.2 9
78730.1 33 83128.3 61
71144.5 0 70152.2 11
78791.7 35 90353.9 61
72229.4 3 60788 24
87526.8 32 53882.1 0
67271.6 0 70114.4 32
81417.3 10 101087 73
68254 0 59342.3 0
67743.2 0 57974.6 2
69574.2 0 79370.8 40
116556 81 137732 160
76466.2 10 75666.2 30
95635.5 53 75064.6 45
75188.1 0 83742 42
93350.5 52 57052 2
72042.5 0 56810.4 0
78248.1 42 60163.1 30
68601.4 0 70560.8 20
92611.6 34 96868 56
70931.5 0 52969.8 0
97916.4 35 67146.4 0
110113 91 120101 140
95943.7 51 59683.4 11
77735.6 22 59945.6 0
71281.6 0 58199 0
66032 0 55390.8 0
86005.1 24 61936.9 0
82158.6 0 64885.8 0
113899 56 72298.6 5
61113 0 47269.5 0
115960 67 100780 63
73184.8 0 63365.6 6
99888.8 42 88560.5 62
80992.5 0 69468.6 7
107346 49 97135.3 68
94971.6 50 59425.7 0
164434 150 123660 93
90281.4 9 74664.4 4
72458.3 0 83825.4 39
60423.9 16 40692.9 0
66976 0 81957.1 56
77386.6 0 64837.9 3
72148.9 2 64083.5 0
104486 69 102108 75
69297.7 0 64872.5 2
102153 55 58029.4 0
60076.8 1 49764.8 15
77292.3 4 75930.2 26
65828.9 0 50653.1 0
78932 0 67278 0
99618 28 71388.1 0
90475 37 82036.2 44
77120.5 0 70431 16
76443.4 0 63222 0
70663.6 7 52381.6 0
59507.5 0 45445.7 0
73589.6 0 58195.4 0
67010.9 0 57032.7 0
96851.7 76 66121.2 32
83104.2 39 73703.1 36
69957.5 0 57215 0
76395.2 0 70206.2 0
82958.4 14 117166 102
130646 127 61008.4 0
83028.5 0 77735.8 0
88134.3 0 78727.1 20
80548 4 85898.9 43
78582.1 0 59682.8 0
84877.5 4 69806.8 0
74238.9 0 60629.9 5
68971.7 0 61390.2 0
78873.3 0 60380.7 0
64794 0 63740.7 29
57001.6 0 52035.2 21
