112771 86 115004 111
86453.1 20 67042.6 0
69772.9 0 93815.9 63
84562.2 30 98615.7 86
143355 117 113705 78
130347 130 92472 62
59112.2 0 67753.1 26
103782 66 119546 107
89793.6 28 64377.2 14
104636 71 115077 108
137299 122 118724 98
83820.3 23 55120.8 0
131606 140 87900.1 62
79637.2 25 70103.5 30
82090.3 61 49440.1 0
92133 22 102320 70
112208 89 54102.3 0
83122 42 56727.5 4
56828.1 12 52524.4 29
109132 67 86092.9 55
75490.9 26 116262 133
68461.2 0 56822.6 0
87999.8 35 78598.3 37
56990.2 0 46096.7 3
70393.4 0 61970.6 4
92897.8 59 85346.7 59
72144.7 0 68466.4 0
114714 71 118716 112
95469.2 7 83507.2 0
74109.6 0 57652.8 0
72491.8 19 56765.8 0
73683.8 15 81940.3 46
82030.4 17 107041 90
86275.7 0 72391.1 0
109214 64 101706 79
124774 122 57442.5 11
70433.6 3 52981.3 0
78532.8 26 57647.8 6
115873 102 125886 143
75585.3 22 60625.6 0
80864.7 0 64305.3 1
72663.6 0 65362.5 0
72193.2 0 87426.3 44
60350.8 3 45466.9 0
89171.8 0 81843.2 0
83799 20 61510 0
144069 144 61405 0
89296.5 53 130744 139
66268.8 0 100764 91
137713 107 135307 118
71372.2 0 62255.1 0
75550.1 0 58475.2 0
96098 48 70502 30
92272.3 16 70999.7 0
59680.2 8 67721.5 55
106883 55 64047.1 0
64600.8 0 53166.8 0
98604.9 42 82334.5 29
125792 67 76995.3 0
77465.6 13 111832 100
127184 100 94416 65
65118.7 0 64051.4 0
66424.2 12 50877.2 7
86022.4 0 76839.6 0
78274.5 0 68277.6 0
131720 128 81023.2 59
88999 0 84603.1 1
87980.7 45 78378.3 56
141452 126 67769 17
59063.5 0 43986 0
67988.6 0 61307.7 13
77075 0 64187.7 0
80871.8 0 62851.9 0
115013 94 112926 116
76465.9 0 62066.6 0
75338.9 12 56404.3 0
63586.9 0 47336.8 0
64729.3 4 65675.7 40
116304 76 85234.8 27
76595.9 0 65054 5
82283.9 0 130961 113
77312.6 0 66982.5 2
87336.5 24 84179.4 54
116727 109 124081 137
102329 70 71814.5 41
98311.7 58 104438 87
91642.7 38 60885.6 0
141226 139 119899 100
63555.1 0 62194.1 28
122379 121 116645 97
82745 31 85413.1 62
91923.8 58 82186.4 49
83618.3 8 71356.1 0
104136 59 81569.6 29
150397 160 133727 151
82849.1 17 127758 126
77147.5 26 66901.2 19
94593 67 109227 94
136226 144 103799 100
115040 102 69568.6 37
68893.5 0 56989.5 0
86687 40 93603.5 69
122573 114 66529.1 30
117562 75 89018.3 39
108232 101 61930.2 14
80754.8 26 61166.7 0
74252.9 23 101659 107
94667.2 64 55449.2 0
127158 65 86828 10
85371.5 34 60108.1 0
135608 141 108450 110
73812.3 14 142827 167
92842.2 33 114397 117
140791 112 96479.2 44
76533.3 0 67985.2 0
88789.4 29 57604.6 0
82927.3 35 90929.3 59
103911 86 47022.2 0
178744 168 110327 50
90391.9 24 79668.9 35
138728 114 106826 67
79077.7 0 63332.9 0
74939.7 0 56708.4 0
90081.8 12 70797.6 0
103460 35 81850.4 5
87226 25 78177.9 19
93847 43 59630.9 0
86933.3 0 112882 68
69341 0 61686.9 0
133282 105 83137.2 46
116524 67 69691.9 11
75059.4 0 67193.9 0
78206.7 0 68321 0
89928.8 36 58245.2 0
74639.8 0 67072.2 0
72857.3 0 77045.4 10
103101 38 72239.2 0
103255 61 107892 83
97108.7 0 87491.8 0
164244 153 94372.6 48
152029 156 133501 123
77506.7 0 102885 71
79465.4 0 66501.4 0
140996 138 72328.1 28
106313 62 88381.1 45
67954 0 62970.6 16
72860.2 0 79623.6 27
64170 0 58625 0
109457 101 68656.4 35
84275.1 43 87614 67
119398 96 75834 16
71715.6 6 85507.2 58
104312 63 74603.2 19
74873.5 18 59687.3 0
113792 76 100552 42
74439.1 0 85036.6 45
84347.5 28 80432.6 36
73340.8 0 86172.5 50
89562.5 63 48918.7 0
96722.1 40 68046.1 6
106923 92 88166.9 49
96745.1 58 53552 6
105699 87 105510 101
74585.9 0 58663.9 0
119708 111 89080.3 81
99133.7 72 53937.7 0
72403.5 30 66504.5 44
71906 12 83482.7 53
91749.3 46 60737.1 0
70782 7 59989 25
91786.5 38 74585.7 30
58178.6 10 39729 0
83005.7 18 63277.3 11
87109.1 31 87366.2 52
73280.6 24 58299.6 14
144682 129 68717.3 0
152913 113 77119.3 0
65733.1 0 72977.2 31
99415.2 27 82509 21
85602.6 28 85958.1 65
78055.1 10 76361.9 31
80204.6 6 63410.8 5
60291.6 8 89300.7 78
74861.4 12 83172.6 55
66495.5 0 57806.2 0
86063.6 17 63725.1 0
58217.1 0 52535.8 0
74758.7 0 85884.9 53
85398.3 68 50105.5 0
115918 70 70391.2 10
79330.6 0 75360.2 31
63987.3 0 64110.3 18
115786 96 98107.1 87
73528.9 16 55831 0
65102.5 8 52551.5 0
64142 11 56737.6 0
69228.1 0 57342.7 0
107179 70 54013 0
96775.8 15 75575.9 0
74039.5 11 66705.6 13
68329.3 0 58371.2 0
76952.6 0 83328.8 39
85466.1 2 69405.4 0
79985.6 0 65948.6 0
107373 43 78543.5 0
96675.5 43 71807.3 23
75789.4 22 69141.8 30
97935.8 65 81283.9 42
98551.3 55 66899.2 21
79051 11 86532.7 42
89897.1 0 84792.9 0
83014.4 17 56008.9 0
95054.5 0 82121.5 0
85796.5 0 75801.8 0
71395.7 0 64671.1 0
76857.8 0 90173.2 49
87663.6 43 61499.8 0
71039 0 62137.5 0
75371 0 71042.4 0
82983.3 22 52715.6 0
65742.8 0 60992.4 4
73278.5 0 59499.6 0
63539.5 0 52125.3 0
107152 53 73693.5 2
67463.2 0 58902.7 0
119288 88 109935 97
115794 106 86960.1 62
99746.6 51 75185.4 6
69222.5 8 55010 0
101228 65 118829 105
72568.1 0 67569.9 0
72106.3 17 65610.3 9
101198 48 71763.1 11
65138.3 2 83283 41
104602 65 87187.7 42
73878.7 17 63664.8 0
134570 113 126090 119
76770.3 5 86689 44
70189.1 0 67315.4 14
76956.7 3 99834 60
101188 55 61886.2 0
68448.4 0 65154.3 8
93600.5 72 77886.6 63
68244.7 0 74085.3 27
86093.7 7 129545 117
81487.1 14 67475.4 5
85875.5 6 77879.4 0
74165 22 69430 31
102152 61 66976.5 14
67293.3 0 59391.2 0
71334.3 3 66791.1 0
92888.1 51 65570.8 3
84019.5 22 64928.3 0
79286.9 0 85173.6 11
141117 112 123164 94
60851 0 62469.8 15
81091.6 0 73566.6 9
81671.6 12 71176.3 0
119164 84 84587.5 41
98566.9 36 69349.7 0
104347 50 84545.2 35
75580.5 10 63136.9 0
100023 16 75154.2 5
92203 10 126854 96
69568 0 94236.8 60
52290.8 7 45721.9 0
87804.9 44 59230.6 0
81807.7 0 71887.5 0
89046.3 32 61332.6 0
115136 82 62509.8 6
69226.5 0 67074.2 5
73703.9 2 63636.7 0
81471.9 45 51702.1 0
77684.3 0 96405 44
96676.9 60 71670.4 20
110178 61 69641 0
88360.8 0 84760.7 0
71157.2 0 62946.5 0
101143 51 62317.3 0
95403.2 36 67996.4 0
70780.6 0 51783.9 0
55972.8 0 55741.3 6
72184.6 0 65985.7 0
68918.6 0 82020.6 46
66485.6 8 99738.6 83
65483 0 55738 0
70309.8 0 56439.1 0
77049.9 0 68087.5 0
84708.8 4 139464 125
129557 114 87881.6 63
97143.5 19 74590 0
89670.1 0 86305 20
90612.4 27 72714.9 0
81069 0 69329.4 0
81695.5 0 79397.4 13
77999.9 0 64935.2 0
71283.4 0 61831.8 0
118206 84 71439 0
66366.2 0 59890 7
58071.4 0 89772.7 71
