Input file name with '.txt' :  Which GA Version (1,2)? How many times to run? Iterations: Population Size: 11399.8 0 11761.6 6
10989.8 0 9568.9 0
11547.7 0 13588.9 21
13389.8 0 12448 0
7752.7 0 6766.4 0
6735.3 0 6140.1 0
10474.2 0 9986.9 0
11083.6 1 12393.6 22
10113.9 3 11801.2 22
8625.1 2 7911.6 0
5838.1 0 6196.2 4
11196.2 34 8846.9 0
9689.2 0 9704.7 0
9724.9 10 11559 33
13223.3 26 12536.8 27
8779.3 0 7658.5 0
8957 0 7825.4 0
6953.9 0 6658.7 1
6913.9 0 6620.1 0
6216.1 0 5444.4 0
8696 0 12969 48
12220.2 29 10192.5 13
9992.1 0 9202.3 0
12101.8 0 10881.6 0
9469 0 8778.4 0
11062.9 30 7163.3 0
11183.4 0 10432.7 0
7474.1 0 9564 24
9544.8 3 9312.4 6
9808.9 0 8953.2 0
12305.9 0 14304.4 37
9702.4 0 9156.9 0
8831.7 0 7333.5 0
11256.3 0 13366.2 27
10820 0 10350.4 0
8870.3 0 9359.6 14
11699.8 0 11252.7 0
8509.5 0 7619.4 0
8814.4 4 7937.8 4
6460.7 0 6420.5 0
9494.1 0 8494.3 0
10436 0 9605.2 0
10074.9 0 11246.3 19
7945.3 0 7126.5 0
9345.9 0 9837.4 14
8471.1 0 7841.6 0
11351.7 32 8151.7 0
7104.6 0 6140.7 0
9709.4 0 9709.4 0
7627.9 0 6983.9 0
9364.9 0 9333.3 0
10229.8 0 10446.5 0
7966.1 0 7821.6 0
11114.6 0 10780.7 0
9102.5 0 7719 0
11562.9 10 10185.9 0
11478.5 0 10346.4 0
13369 17 11521.4 0
11834.6 0 10980.9 0
13131.7 0 12782.1 0
11179.2 0 10333 0
12274 0 13069.8 7
11375.5 0 11150.3 0
10029.9 0 9793 0
12625 0 12113.7 0
10083.5 0 9255.3 0
9870.2 0 9607.8 0
10624.2 0 10362.8 0
13640.9 0 12662.9 0
6529.7 0 5805 0
11278.6 0 11316.7 0
9619.4 0 9137 0
8977.5 24 6448.4 0
10975 0 10483.4 0
6911.8 0 7523.4 9
14279.8 25 13647.1 25
7507.1 0 6655 0
8164.5 0 8097.1 0
9377.5 2 8882.6 0
11722.2 0 11323.4 6
10992.1 0 9608.6 0
7364.7 0 7445.9 2
11187.6 0 15214.1 37
10980.8 18 9430.1 0
14084.1 34 9831.8 0
6372 0 6114.7 0
9853 0 9853 0
8489.2 0 7617.7 0
11302.1 0 10735.9 0
9451.2 0 8923.1 0
7973.9 0 7568.6 0
10435.7 2 9675.7 0
8608.2 0 11316.1 29
7026.5 0 6932.9 0
13335 0 13730.6 8
9575.4 0 9169.7 0
10004.8 0 8610.8 0
11014.1 0 9786.1 0
7969.4 0 7651.4 0
10707.4 0 10283.8 0
10567.7 0 10331.3 0
9410 0 9080.5 0
12052.9 0 11745.1 0
9268.2 0 8066.8 0
10580.2 0 10138 0
12805.1 0 12340.9 0
12024.1 0 11262.8 0
14098.4 0 13520.6 0
8408.2 0 9055 0
10148.2 0 9123.4 0
9845.4 0 12447.4 26
9901.4 0 9324.5 0
14829.1 0 14561 0
11399.6 0 12620.1 0
9586.4 0 11156.2 22
10273.7 0 9563.9 0
9316.1 0 11288.8 28
13929.8 0 13519.4 0
10125.4 0 9653.6 0
11753.2 0 11512.4 0
8002.5 0 8019.5 0
13852.6 27 13123.3 28
7922.8 0 7655.7 0
12186.6 25 12375.4 19
7902.8 0 7802.8 0
10241.3 0 9487.6 0
11924 0 11334.8 0
12650.7 0 11800.5 0
13941.9 0 12319.2 0
10482.6 0 9803.7 0
12005.2 0 12031.7 0
11026.1 2 11401.8 2
10903.1 11 9186 0
11548.8 0 10399.5 0
14007 0 14225.4 0
9228.5 0 7999.7 0
9482.1 0 9005.5 0
11379.9 0 11348 0
5603.5 0 5828 6
10160.3 9 8905.5 0
12067.8 0 11250.2 0
10144.9 7 8911.5 0
9757.7 0 11891.7 22
9322.7 0 9007.3 0
11627.9 0 10245.8 0
9412.9 0 9254 0
8560.7 1 7172.6 0
8130.3 0 7521.7 0
8895.3 0 9335.3 0
15666.8 39 10759.2 0
10422.1 0 10111.2 0
9790.9 0 9295.6 0
8547.3 1 8607.2 0
12728.6 0 12489.1 0
9574.5 0 13093 39
17750.5 30 17942.5 30
11310.6 0 10561.8 2
10562.8 0 10605.9 1
12977.5 22 9529.3 0
11456.4 0 10845.3 0
10127.4 8 9924.9 10
12244.2 0 13240.3 13
10419.3 0 9532.2 0
9991 0 9989.1 0
8911.1 0 8336.5 0
9498 0 10024 0
8981.7 4 8614.1 0
13747.6 0 13519.4 0
10291.4 0 9207 0
11303.3 0 12104.3 0
15046.9 0 14288.2 0
8557.7 0 7869.4 0
11414.5 9 10231.4 0
13712.6 32 13054.2 34
8512.5 0 8163.8 0
10962.6 0 11648.1 8
9933.8 4 9469 0
9813.3 0 9486.7 0
13723.3 0 12992.5 0
8763.3 0 8475.7 0
9473.6 0 8813.6 0
14114.5 0 13645.9 0
15689.4 22 12491.1 0
10722.4 0 10768.3 0
10681.6 0 12129.4 19
12709.3 0 11973.7 0
11923.5 0 11753.1 0
11715.9 0 9841 0
11208.7 0 10398.3 0
10443.9 0 9664.6 0
9215.6 0 9035.8 0
12010.2 0 11962.2 0
12226.7 2 11378.1 0
10344.7 0 9072.9 0
11046.9 8 9307.8 0
7766.7 0 8188 0
8085.9 0 7587.3 0
11260.6 0 11514.8 0
10023.9 6 9214.9 0
10675.9 0 9944.1 0
12715 0 13990.4 0
16776.4 0 15598.7 0
13794.6 0 13265.2 0
13919.4 0 13492.3 0
10752.2 5 11243.1 0
13086.8 0 13702.8 0
10484.2 0 10724.7 0
8750 0 8723.8 0
11819.8 0 12137.2 0
13629.7 0 12062 0
11043.5 4 11539.7 15
11270.7 0 11270.7 0
12971.4 0 12018.5 0
8386 0 10337.1 20
10023.7 0 8995.1 0
11635.7 0 13530.1 13
15999.5 0 18753.2 34
14407.9 0 13263.4 0
12330.5 0 12059 0
11509.8 0 10468.6 0
13617.7 22 11551.6 0
10268.8 0 10300.7 0
9501.2 0 9302.5 0
8011.8 0 8167.4 0
8462.4 0 7890.4 0
13673.1 0 13755.2 0
13208.4 0 12201.2 0
12482.6 0 11801.8 0
12893.7 7 16139.7 42
13347.5 0 12952.6 0
13060.6 0 12559.9 2
15878.4 29 16374.9 33
12540.5 3 10914.4 0
13877.7 0 12970.3 1
10639 0 9151.4 0
13434.9 0 13887.6 0
10143.1 0 9367.3 0
11133.8 0 10510.2 0
10451 0 10056.5 0
15756.9 17 13480.1 0
11989.9 0 10272.5 0
8838.2 0 8806.2 0
10494.9 0 10164 0
9950.3 6 9945.3 0
9535.4 0 9353.1 0
9603.4 0 9373.6 0
12168.3 0 11628.5 0
10564.1 0 10612.1 0
12723.4 0 12203.5 0
10664.3 11 8975.8 0
15214.8 0 14903.9 0
14408.9 24 16031.1 46
10149.5 0 10048.2 0
14541.8 9 13584.8 2
15642.8 10 13268 5
10135.4 0 9328.7 0
13394.8 0 11978.2 0
9426.1 5 10890 13
7943.6 0 7624 6
12428.3 0 12288.5 0
14173.7 0 12956.1 0
8078.4 0 7788.3 0
11599.1 0 12407.4 4
11523.4 0 12181.1 0
7794.7 0 7991 0
11781.6 0 11130 0
11083.7 0 11445.1 0
14514.9 0 12967.2 0
12207.4 22 9661.3 0
11474.6 0 11817.6 0
8625.9 0 8802.1 0
9227.5 0 9012.1 0
12916 0 12621.3 0
13816.2 0 13446.4 0
12095 0 11823.2 0
16330.9 14 13738.1 0
10003.9 0 9805 0
10525.4 0 11621 0
19373.8 37 15806 0
12187.5 0 12005.4 0
13821.8 7 12994.4 0
10653.1 0 9358.1 0
11626.4 0 16418 49
11251.7 0 13052.8 24
10812.1 7 8765.7 0
10223.7 0 9622.6 0
11821.7 0 11906.6 0
16583.4 41 12415.5 0
11763 0 11505.7 0
12078.5 0 11879.9 0
14854.3 0 17196 18
10684.2 0 10224.1 0
11467.8 0 11844.8 0
10590.9 0 10504.5 0
9198.7 10 8059.5 0
11632.3 0 10714 0
12867.5 0 12145.2 0
9907.6 0 10314.2 0
13011.1 15 11134.5 0
10391.7 0 9960.5 0
75598.3 21 62185.3 13
77228.6 12 58917.5 0
141662 168 75756 50
98243.6 60 73018.2 45
102179 58 87277.4 46
100118 65 60987.9 27
64930.8 18 71969.4 60
77528.8 28 73118.5 50
83839.1 14 59029.3 0
84376.6 43 49676.8 2
91246.5 34 60572.4 12
95304.7 57 69505.9 23
89681.2 56 72557.6 44
115530 109 82585.5 68
89485.6 73 51675 35
111087 77 132682 144
64158.1 4 59841.5 19
89797.5 66 67315.5 48
85993 84 48309.2 31
86589.8 31 70469.2 12
112063 95 67334.2 50
83837 34 104862 112
83546.5 29 93678.2 78
53749.3 0 36395.3 0
72515 0 51356.1 0
82713.6 35 54703.9 19
77061.6 0 91017.1 60
120404 102 82153.8 41
111828 42 121553 85
65926 0 76234.9 48
80608.2 24 119884 138
83894.9 29 54903.8 2
99844.2 67 68934 32
86537.5 0 72619.2 0
75761.5 0 126777 123
68158.6 5 50749.6 5
68517.1 0 47587.2 1
68848.5 17 54705 24
66191.7 13 98450.5 90
62440 0 60095.4 13
83005.8 3 92029.4 64
65334.8 0 55989.9 13
137378 127 104911 101
56664 0 43518.3 0
92094.9 0 67375.3 0
103626 67 54763.6 9
65556.7 0 150555 193
111248 91 87939.1 74
99148.3 63 50846.3 0
84356.5 3 94066.9 77
77475.1 18 56771.3 0
72444.4 0 53577.2 0
99805.4 63 73876.4 47
79564.8 0 82881.1 45
71709.5 31 52140.4 8
118592 82 148330 167
62038 0 45519.6 0
141513 130 74887.8 29
93139.5 18 76200.6 2
71264.8 11 51603.4 0
127714 115 91018.5 56
68318.9 0 50476.8 0
59770.8 0 55708.8 26
85580.2 0 65238.7 0
75418.1 0 59359.9 1
122213 112 66241.9 25
83416.1 0 74871 30
125762 125 60067.2 19
75030.1 0 91008.8 62
61085 19 83100 88
106074 89 46078.6 0
75791.1 0 53463.3 0
80784.6 0 60723.2 0
80412.8 38 107246 121
71592.9 0 110849 104
103362 71 64225.5 29
75966.4 33 96066.3 108
71434.6 30 55397.2 34
156281 165 100794 83
70710.6 0 70383.3 32
136236 121 65908.7 9
79599.8 10 87045.8 48
96277.5 45 91168.7 70
111121 108 75164.6 55
71132.4 24 44357.1 5
77616.8 14 61360 23
105460 66 66156 20
128808 108 118256 137
57363.7 0 41723.2 0
120396 101 103969 113
73753.1 24 90532.4 72
85719.3 59 51394.1 3
90330.3 13 70472.4 12
65469.4 0 77558.8 60
142778 140 104445 86
76858.7 12 120400 122
85278.3 35 51165.4 0
104565 77 69106.4 38
102081 87 83045.2 83
86759 48 95326.5 90
65558.3 0 46539.2 0
83709.3 41 86897.8 70
74385.6 30 43248.1 6
113490 74 97097.8 72
109304 97 69976.4 53
120092 101 72627.5 38
59994.7 0 74390.4 70
170391 208 67559.5 35
85732.1 0 72509.6 0
107375 89 100465 94
68401.4 14 98963.1 108
118511 106 59562.8 24
149424 166 108080 103
117607 65 137958 144
118261 74 95424.4 60
71853.7 0 66321.9 26
64118 0 46035.1 4
99927.5 79 45294.6 0
98898.3 14 1026