11423.2 0 13861.6 27
10583.1 0 9568.9 0
11437.1 8 10987 3
13346.7 19 11778.4 0
7342.4 0 6766.4 0
7085 0 6140.1 0
10887 0 10536.4 0
11455.3 0 10293.6 1
13226.3 22 10912.5 11
8434.5 0 9561.1 15
6247.5 4 6096.2 3
11567 34 8981.9 0
10313.1 0 9704.7 0
14578.8 63 14150.7 63
10702.2 9 11173.5 18
8231.8 0 8455.6 0
8384.2 0 8257.6 0
7023 0 6727.7 0
7160.7 0 6740.7 0
6429.6 0 6088.5 0
11564.6 25 14109 63
10618.2 15 14569.7 59
9433.6 0 14551.4 49
11555 0 11304.2 0
9400.2 0 8778.4 0
8429.3 7 7390.8 0
11035.1 0 10550.9 0
9372.8 16 7740.3 5
11574 27 9010.6 0
9979.7 0 8953.2 0
11536.8 0 11003.2 0
9781.3 0 9008.5 0
7371.5 0 7333.5 0
14231.8 23 11288.7 0
10982.1 0 10350.4 0
8557.2 0 9735.7 14
11699.8 0 11415.1 0
8490.4 0 8562.9 0
7766.7 0 7910.2 0
6571.9 0 6874.7 0
8943.4 0 8494.3 0
9892.3 0 9605.2 0
9778.7 0 9777.1 0
9206 16 7351.7 0
10843.1 14 8815.5 0
7972.2 0 7634.4 0
11318.9 25 8877.1 2
6992.5 0 6572.9 0
9378.1 0 9378.1 0
7093.6 0 7114.7 0
9510 0 9364.9 0
10293.8 0 9887.8 0
7925.1 0 7644 0
10793.5 0 10793.5 0
8272.2 0 7837.2 0
12119 14 10185.9 0
10421.2 0 10346.4 0
11521.4 0 11521.4 0
11522 0 10980.9 0
13099.4 0 13225.5 0
10754.8 0 9880.9 0
13437.6 0 13069.8 7
11095.7 0 11082.9 0
9386.5 0 9386.5 0
12505.3 0 12113.7 0
10196.1 0 10196.1 0
9652.7 0 9652.7 0
10834.5 0 10362.8 0
13403.9 0 11923.6 0
6966.1 0 5805 0
10483.2 0 10816.8 0
10357.7 0 9604.7 0
7543.7 0 6473.3 0
15347.7 43 11008.3 0
7756.6 0 6754.9 0
13209.7 13 13647.1 25
6655 0 6655 0
8431.2 0 8247.8 0
9997.4 3 9409.4 6
11016.6 0 11004.2 0
10934.3 4 9035.8 0
7374.1 2 7158.6 0
15157 29 14122.1 37
9139.1 0 9449 0
10500.4 0 13258.2 31
6345.3 0 6114.7 0
10189.7 0 9853 0
8115.7 0 7199.7 0
10603.1 0 10406.1 0
9920.6 0 9144.7 0
8118.6 0 7973.9 0
9712.5 0 9650.2 0
11691.5 32 11609.4 28
9162.4 11 6932.9 0
13479 0 18976.9 57
9673.7 0 9018 0
8992.3 0 8804.3 0
10242.2 0 9183.7 0
8532.5 0 8223.3 0
10135.6 0 10283.8 0
10685.1 0 10331.3 0
9080.5 0 9461.2 0
12269.3 0 11582.7 0
8908.7 0 8152.1 0
10410 0 10138 0
12785.6 0 11824.7 0
11450.6 0 11450.6 0
15616.7 6 18938.9 43
8777.7 0 8658.5 0
9598.6 0 9234.4 0
10111.9 0 9648 0
10091 0 9324.5 0
14590.3 0 14848.1 0
11239.8 0 11032.9 0
13416.4 41 8675.2 0
10149.2 0 9798.9 0
8982.8 0 7998.4 0
13643.3 0 19146.3 57
10053 0 9413.1 0
11908.2 0 11888 0
8802.8 0 8378 0
12256.1 9 12031.8 18
7024.2 0 7024.2 0
12039.2 25 12975.4 25
8645.1 0 7902.8 0
10857 0 10366.2 0
11396.8 0 11448.3 0
12350.1 0 11915.9 0
13682.2 0 13227.1 0
10399.7 0 10133.8 0
11753.9 0 11675.9 0
10807.1 0 10507.1 2
9186 0 9186 0
10954.7 0 10399.5 0
14028.4 0 13359 0
8351.9 0 8274.8 0
9090.5 0 8968.7 0
11942.9 0 10601.1 0
5524.5 0 6453.4 11
9548.6 0 9045.9 0
11843.9 0 10725.9 0
9500.6 0 9194.9 0
9937.5 0 9222.6 0
9889.8 0 9007.3 0
10885.3 0 10845.3 0
9961.6 0 9693.9 0
7272.6 1 7220.2 0
8243.5 0 7685.5 0
9233.3 0 9121.6 0
11449.6 0 11967.2 14
12085.8 18 10173.8 0
10043.7 0 9788.9 0
9338.5 12 8106.6 1
15397.9 27 13418.7 12
9089 0 8618.3 0
14503.7 0 14563.9 0
10955.2 0 10655.4 0
10311.3 3 10128.3 3
10925.5 6 10129.3 6
11674.9 0 11468 4
9006 3 9916.9 10
12318.1 6 11303.7 0
10166.4 0 9460.1 0
10728 0 10142.8 0
8575.2 0 8794.9 0
10177 0 10024 0
8232.5 0 8614.1 0
13374 0 12795.4 0
9829.4 0 10096.5 0
12842.5 0 13977.6 27
14288.2 0 14288.2 0
7655.4 0 7869.4 0
10547.9 0 10450.5 0
10088.5 0 12906.7 27
8203.8 0 8512.5 0
12128.6 13 11648.1 8
10391.7 4 9402.9 2
9721 0 9721.5 0
12921.6 0 12762 0
8611.7 0 8635.9 0
9619.7 0 9101.1 0
14181.5 0 13333.9 0
12307.8 0 12186.6 0
14386.5 33 10431.9 0
10681.6 0 12129.4 19
12743.6 0 13354.2 13
11461.5 3 12032.1 7
9937.9 0 9627.5 0
12493.8 0 10909.7 0
11171.6 5 10173.5 0
9045.4 0 9035.8 0
12462.6 0 12010.2 0
11257.8 0 11318.3 0
10493.1 0 10141.2 7
10842.3 2 9999 0
7717.8 0 7538.6 0
8278.5 0 7667.3 0
11135.9 0 10760.3 0
9910 0 9324.1 5
10295.7 0 11779.5 12
12715 0 12918.9 0
15735.2 0 15598.7 0
13837.6 0 13286 0
13067.6 0 12922.9 0
11106.1 0 10458.5 0
20248.5 50 13086.8 0
10968.5 4 10188.3 0
8624.9 0 8241.6 0
11323.8 0 11558.9 0
13415.8 0 13335.8 10
10417.9 0 9292.7 0
11505.8 0 11305.5 0
13047.9 0 12138.5 0
10397.3 20 10255.4 18
10736.7 0 9998.5 0
12671 11 12853.5 24
15734.4 0 15090.5 0
13500.6 0 13500.6 0
11876.2 0 11699 0
14210.4 26 10844.6 0
11185 0 11014.7 0
10023.5 0 9663.9 0
10099.1 0 9262.5 0
7554.2 0 7567.1 0
8020.1 0 7533.3 0
15093.1 16 12746.1 0
14438.2 20 14525.7 21
11900.1 0 11924.7 0
11837 0 12412.5 8
13778.6 1 13614.5 0
12301.3 3 12185.3 2
16373.7 29 16466.9 34
10956.4 0 10850.4 0
14101 0 12834.3 1
10125.9 0 9452.6 0
13478.9 0 13705.4 0
9924.2 0 8593.7 0
11757.3 7 10494.2 0
12443.8 25 12828.2 27
15536.2 18 13137.8 0
10667.4 0 10863.8 0
9157.4 0 9208.9 0
10396.3 0 10172 0
9950.3 6 8995 5
9376.8 0 9369.1 0
9687.4 0 8775.6 3
11977.6 0 11877.2 0
13562.3 28 10604.1 0
12211.5 0 12203.5 0
9296.5 0 9339.8 8
14564.3 0 14930.9 0
14227.4 24 13374.8 20
11152.1 0 9992.3 0
14180.8 9 14228.8 9
13956.9 0 14232.5 10
9397.5 0 8331.2 0
12613.3 0 12071.8 0
9089.2 0 9336.5 5
7624.1 0 7874.9 6
12225.7 0 14456.3 26
14098 0 13232.7 0
8943.3 0 7788.3 0
12995.4 11 11078.1 0
12036.1 0 12181.1 0
8165.2 0 8664.2 0
12351.6 0 11154 0
11748.4 0 11229.2 0
13151.8 0 13807.4 0
11096.4 11 10837.3 12
12584.9 6 11232.6 0
8440.2 0 8231.1 0
9550.4 0 8413.1 0
13049.1 3 12894.6 0
13803.9 0 13310.4 0
12071 0 11275.4 0
14094 0 14897.3 18
10582.3 0 9888.9 1
10898.7 4 10919.3 0
22168.8 66 15726 0
12964.8 0 12040.3 0
13515.3 0 13250.9 0
10762.3 0 9470.1 0
12317.4 0 11516.9 5
11279.8 0 13222.9 24
9277.2 0 9114.7 0
9967.1 0 9919 0
13207.2 2 11682.6 0
12362.2 0 12203.4 0
11156.8 0 11249.9 0
12658.3 8 12905.7 11
16544 23 19610 57
11259.9 0 10181.1 0
12353 9 11660.8 0
10824.5 0 10835.5 0
9663.9 13 8688.4 0
12470.7 11 11719.8 0
12145.2 0 11977.2 0
10174.4 0 9217.8 0
11585.7 6 10933.9 0
11214 0 11199.3 0
