2.1262e+06 0 1.55701e+06 0
1.98427e+06 0 1.63494e+06 0
2.43604e+06 32 2.22281e+06 297
2.32127e+06 0 1.96796e+06 0
2.28276e+06 0 1.95246e+06 0
2.11279e+06 0 1.74483e+06 0
2.18746e+06 0 1.87438e+06 5
2.07939e+06 0 1.96561e+06 124
2.40015e+06 59 2.0273e+06 0
2.19585e+06 0 1.71976e+06 0
2.2031e+06 0 1.98372e+06 0
2.23631e+06 0 1.89963e+06 29
2.05612e+06 0 1.84878e+06 0
2.19356e+06 0 1.94086e+06 34
2.27876e+06 12 1.89394e+06 0
2.09268e+06 0 1.75283e+06 0
2.22936e+06 0 1.91685e+06 0
2.31058e+06 0 2.02961e+06 0
2.10105e+06 0 1.78718e+06 0
2.2827e+06 0 2.03474e+06 13
2.11342e+06 0 1.66901e+06 0
2.31115e+06 0 1.9776e+06 75
2.16049e+06 0 1.90502e+06 0
2.326e+06 0 1.9488e+06 0
2.38316e+06 0 2.12159e+06 0
2.17519e+06 0 1.76871e+06 0
2.27488e+06 39 1.9033e+06 0
2.19958e+06 0 1.82722e+06 0
2.31969e+06 0 2.08691e+06 0
2.10442e+06 0 1.8491e+06 0
2.30012e+06 0 2.0505e+06 0
2.38353e+06 0 2.01299e+06 0
2.34974e+06 0 2.0352e+06 0
2.36234e+06 0 1.93682e+06 0
2.26203e+06 0 2.00665e+06 91
2.33617e+06 0 1.93219e+06 0
2.25269e+06 0 1.90397e+06 0
2.57065e+06 0 2.2781e+06 0
2.25533e+06 0 2.04618e+06 0
2.48591e+06 0 2.22807e+06 0
2.3015e+06 0 2.13109e+06 98
2.24738e+06 97 1.81163e+06 0
2.3014e+06 0 2.05155e+06 74
2.26081e+06 0 1.97708e+06 0
2.30114e+06 0 1.93596e+06 0
1.87972e+06 0 1.58381e+06 44
1.84597e+06 0 1.6529e+06 4
1.98668e+06 158 1.91488e+06 145
1.67123e+06 0 1.50031e+06 0
1.93518e+06 13 1.73733e+06 116
1.88373e+06 11 1.58832e+06 0
1.92172e+06 0 1.66351e+06 0
2.05075e+06 0 1.73327e+06 36
1.82593e+06 0 1.60735e+06 87
1.97887e+06 22 1.74914e+06 61
1.75881e+06 0 1.5965e+06 0
1.90086e+06 0 1.84734e+06 75
1.69567e+06 0 1.40893e+06 0
1.9685e+06 55 1.59108e+06 17
1.89881e+06 0 1.68319e+06 28
1.9825e+06 22 1.66143e+06 20
1.89569e+06 0 1.63827e+06 0
2.07509e+06 0 1.83267e+06 0
2.01439e+06 37 1.7839e+06 0
2.04219e+06 48 1.70123e+06 0
2.05297e+06 0 1.75993e+06 0
2.05449e+06 15 1.80347e+06 42
2.07684e+06 0 1.75957e+06 0
1.88724e+06 0 1.61084e+06 0
2.04438e+06 0 1.81924e+06 0
1.89047e+06 0 1.57501e+06 0
2.08273e+06 0 1.78961e+06 0
2.00227e+06 0 1.76943e+06 0
2.16059e+06 75 2.0377e+06 305
1.94151e+06 0 1.68126e+06 0
2.0712e+06 0 1.92139e+06 0
1.92046e+06 0 1.58199e+06 0
1.91377e+06 0 1.63686e+06 0
2.09476e+06 0 1.96513e+06 0
2.09015e+06 8 1.68906e+06 0
1.97061e+06 57 1.52785e+06 0
2.05768e+06 0 1.76859e+06 0
2.13987e+06 0 1.70175e+06 0
1.99886e+06 0 1.79819e+06 0
1.93817e+06 43 1.66106e+06 0
1.87306e+06 0 1.71062e+06 93
1.86612e+06 18 1.54335e+06 0
1.8865e+06 0 1.55108e+06 0
1.93578e+06 0 1.72061e+06 0
2.03993e+06 0 1.78689e+06 0
1.78986e+06 170 1.38191e+06 24
1.71792e+06 0 1.49487e+06 0
1.87503e+06 0 1.6267e+06 63
1.76367e+06 83 1.52047e+06 71
1.75621e+06 0 1.52766e+06 70
1.82654e+06 0 1.56983e+06 0
1.69435e+06 0 1.43417e+06 22
1.57173e+06 0 1.48792e+06 0
1.82932e+06 0 1.72155e+06 102
2.02509e+06 168 1.78349e+06 237
1.65597e+06 50 1.49351e+06 168
1.81869e+06 0 1.68589e+06 21
1.75452e+06 40 1.42362e+06 0
1.72807e+06 0 1.75312e+06 200
1.66515e+06 0 1.49062e+06 0
1.83948e+06 122 1.53142e+06 0
1.99113e+06 22 1.73003e+06 29
1.88819e+06 0 1.60364e+06 0
1.83547e+06 51 1.65271e+06 78
1.86278e+06 0 1.66218e+06 46
1.97936e+06 0 1.84314e+06 103
2.04477e+06 0 1.85775e+06 70
1.79806e+06 4 1.56404e+06 32
1.83706e+06 0 1.4879e+06 0
1.77042e+06 0 1.56984e+06 0
1.79894e+06 0 1.6979e+06 141
1.88291e+06 53 1.54177e+06 15
1.67883e+06 0 1.41485e+06 0
1.82524e+06 0 1.57096e+06 33
1.80775e+06 0 1.52902e+06 11
1.78796e+06 0 1.52176e+06 0
1.98338e+06 17 1.78643e+06 57
1.70848e+06 0 1.522e+06 0
1.98669e+06 0 1.79015e+06 13
1.91369e+06 0 1.6654e+06 0
1.94197e+06 0 1.77911e+06 0
1.86777e+06 24 1.6272e+06 0
1.8778e+06 0 1.60713e+06 18
2.03985e+06 16 1.71573e+06 0
1.87954e+06 0 1.61414e+06 15
2.09945e+06 0 1.8684e+06 0
1.84103e+06 0 1.58637e+06 0
1.87133e+06 0 1.60296e+06 7
1.7983e+06 0 1.56772e+06 0
1.82965e+06 0 1.52019e+06 0
1.6332e+06 0 1.43877e+06 49
1.6057e+06 114 1.31202e+06 17
1.71272e+06 20 1.64899e+06 74
1.8099e+06 93 1.53567e+06 0
1.74005e+06 0 1.49652e+06 0
1.87196e+06 115 1.62052e+06 67
1.4764e+06 0 1.32697e+06 34
1.65556e+06 1 1.57188e+06 20
1.73925e+06 0 1.49267e+06 0
1.75112e+06 12 1.44551e+06 0
1.75343e+06 0 1.54572e+06 62
1.77761e+06 2 1.75402e+06 203
1.67805e+06 121 1.34809e+06 0
1.63918e+06 0 1.5414e+06 35
1.71391e+06 11 1.49704e+06 0
1.83374e+06 0 1.5712e+06 13
1.72496e+06 32 1.51901e+06 0
1.61907e+06 0 1.5403e+06 30
1.83193e+06 0 1.54776e+06 3
1.7808e+06 0 1.53714e+06 0
1.93093e+06 144 1.61686e+06 0
1.78563e+06 6 1.54756e+06 0
1.78178e+06 0 1.58068e+06 0
1.67829e+06 0 1.46158e+06 0
1.63813e+06 3 1.4441e+06 44
1.83e+06 0 1.64307e+06 119
1.82852e+06 0 1.59945e+06 0
1.80125e+06 0 1.53817e+06 0
1.66646e+06 4 1.68299e+06 116
1.75338e+06 16 1.47929e+06 0
1.9271e+06 0 1.73115e+06 0
1.81976e+06 0 1.63332e+06 0
1.81477e+06 0 1.56883e+06 0
1.73537e+06 0 1.67278e+06 187
1.67674e+06 0 1.49734e+06 10
1.8722e+06 27 1.55923e+06 0
1.81347e+06 0 1.6038e+06 0
1.81153e+06 6 1.60944e+06 0
1.9441e+06 0 1.65545e+06 0
1.87353e+06 69 1.6589e+06 0
1.68965e+06 0 1.53667e+06 36
1.62309e+06 0 1.39007e+06 0
2.02612e+06 90 1.61564e+06 0
1.83561e+06 92 1.6056e+06 0
1.84484e+06 0 1.62238e+06 0
