463307 0 413879 36
598771 84 450172 23
567213 0 500339 34
572496 60 415289 0
504766 0 393351 0
583869 51 440674 43
483021 0 427617 0
586454 20 560096 98
474662 0 364309 0
549564 0 458488 0
526709 0 401167 0
487789 0 429348 0
498664 29 383862 0
627216 0 514597 0
497830 0 419870 0
549332 16 465444 0
542212 0 449942 1
732658 188 515725 26
583573 3 487793 0
538352 0 446408 0
522651 0 429507 0
567617 0 471547 0
535076 0 461794 0
565225 0 477599 0
527851 0 422362 0
592919 20 473118 0
523069 0 378871 0
498848 0 378416 0
527355 0 419534 0
524808 0 486234 29
497646 0 440566 0
563977 0 485848 24
559392 0 574277 132
497440 0 409485 0
456540 22 371976 0
753412 151 458374 0
530014 0 479634 18
512466 0 451117 0
541144 0 462638 0
576806 20 489174 0
592478 0 619863 94
568722 0 500337 0
434766 0 406840 27
581584 0 526675 0
571746 0 430425 0
571452 31 507199 5
437339 0 415267 18
436891 28 342342 0
399361 3 360533 0
453921 0 397150 0
439263 0 511066 132
468880 0 375951 8
487193 0 420840 0
447532 0 447746 78
557887 56 428594 0
464712 0 391314 0
515513 0 438002 42
430229 0 356114 0
592344 114 438792 44
403540 14 318416 0
512797 51 367602 33
558790 0 480391 12
476520 0 416758 0
498189 0 418512 0
481231 0 416338 0
476893 0 394419 0
480632 0 376314 0
464419 0 379766 0
416261 0 336125 0
502198 0 391609 0
502558 0 422163 0
521061 32 481046 36
457336 0 363518 0
442648 0 401014 0
588493 78 444452 0
473964 0 366093 0
523754 0 397186 0
585023 44 461672 0
489500 0 421166 0
511653 0 416041 0
468559 0 381821 0
566654 0 480107 0
548384 0 503909 0
591609 94 429073 0
531836 0 474000 0
478881 0 430604 4
471943 0 375668 0
532153 0 426620 0
566537 100 412733 0
578933 15 484016 0
423629 0 467179 97
396293 0 341588 40
525432 76 412374 44
466193 30 354401 0
425085 0 371202 0
459117 0 482459 66
437045 0 374988 0
411954 0 375526 0
445454 0 401916 28
548583 66 419818 0
431805 0 381081 39
454460 13 415520 46
405268 0 440159 75
438790 0 385486 0
549520 110 396463 0
440881 0 378622 0
451610 0 367745 0
438481 0 382769 0
484345 0 412054 0
462027 0 388059 6
454264 0 393573 0
438337 0 359882 0
421965 0 344729 0
523015 0 458988 0
508060 0 407704 0
440740 0 394257 0
422769 5 344002 0
437957 0 424431 22
423997 0 388216 7
486403 0 423814 0
437245 0 372482 0
567937 83 416921 0
433210 0 367683 0
462933 0 392477 0
487539 27 412884 0
478954 15 416409 0
448616 0 407262 0
484474 0 429393 0
450887 0 409206 0
397029 0 350614 0
479940 0 407525 0
453092 0 389604 0
473201 0 414390 0
470668 0 423116 0
423783 0 357213 0
409414 0 475926 122
424723 0 378658 0
400684 0 386939 35
475878 0 487422 63
448397 10 353501 0
400663 0 428003 75
415729 0 381783 0
451181 54 335595 0
422675 0 395169 0
452687 0 550931 134
559756 88 422536 4
456793 0 388019 0
415624 0 349077 12
425865 26 358422 0
435996 0 339174 1
432598 0 380413 0
425728 0 358822 0
432210 0 372548 0
431792 0 382111 0
424136 0 426462 47
443199 0 391971 0
453124 27 359143 0
394977 0 318701 14
444976 14 394238 0
395790 0 370532 0
437826 1 358234 0
411914 0 356919 0
467321 0 413672 0
480886 0 428260 0
444304 18 423868 37
440462 0 386271 0
525649 0 453656 0
492725 16 396881 0
469172 0 396737 0
470498 0 412231 0
477646 0 422336 0
456078 0 384959 0
488465 0 406297 14
414870 0 358109 0
524676 0 452915 0
401365 0 359344 0
421197 0 380271 0
437528 0 370783 24
433867 0 379740 0
374723 0 332520 5
