Input file name with '.txt' :  Which GA Version (1,2)? How many times to run? Iterations: Population Size: 337584 0 0
352215 2 2
349872 0 1
314874 0 2
324954 0 1
331916 4 2
344364 0 2
384805 0 0
340106 0 1
364274 0 1
365073 0 1
341991 0 1
315021 0 2
399994 0 2
351862 0 1
398788 32 3
386424 0 3
372747 0 1
420711 0 1
372405 0 1
358893 0 1
420718 24 1
356032 0 1
365131 0 1
346673 0 2
411444 0 1
363612 0 1
355696 0 1
337290 0 1
367873 0 1
353176 0 2
375683 0 1
409518 0 1
364237 0 1
292610 0 1
443260 27 2
400291 10 2
367973 0 2
377077 0 1
410670 0 2
384528 0 1
407429 0 1
328990 0 2
397102 0 1
381570 0 2
399443 18 1
283505 0 2
280312 0 2
276113 0 1
356191 49 2
304795 0 1
314414 0 2
324361 0 2
321060 18 3
349406 28 1
332962 0 2
364004 0 1
301981 0 2
348958 33 2
290158 0 1
304341 0 2
392018 0 1
362200 0 1
348217 0 2
337348 0 2
357496 0 2
327445 13 2
334564 0 1
297897 0 2
338970 0 1
375170 0 2
348135 0 1
333180 0 1
337118 27 2
358592 0 2
360217 30 4
325843 0 2
378212 0 2
328127 0 2
345165 0 2
350490 0 1
399942 0 2
404260 0 1
375018 0 2
356374 0 1
348253 0 2
311665 0 1
398130 0 2
309122 0 1
366242 0 1
344639 0 1
274046 0 2
302791 0 2
294099 0 3
294159 0 2
324851 0 1
322403 0 2
286123 0 1
317133 0 2
347441 0 1
286616 0 1
324992 0 1
275624 0 1
304876 0 3
318814 0 1
312474 0 2
306397 0 1
315332 0 1
339232 0 2
322317 0 2
314360 0 2
313120 0 2
318382 0 2
402066 0 1
369206 5 2
322362 0 2
300298 0 1
308995 1 2
310988 0 2
364791 0 1
335254 0 2
406721 41 3
340369 0 1
341381 0 2
336103 0 3
319586 0 1
329938 0 1
354874 0 1
324260 0 3
294547 0 1
352913 0 1
331530 0 1
381906 33 3
328623 0 1
285835 0 1
291855 9 3
349990 43 3
278888 0 2
362661 0 2
312791 0 1
275602 2 2
321647 0 1
288131 0 2
285626 9 3
331162 0 1
339029 0 2
313998 0 1
295370 0 2
315551 0 2
307602 0 1
325017 0 2
302827 0 2
314258 0 2
329085 0 1
329865 0 1
320530 0 2
305057 0 1
276823 0 2
331316 0 1
315736 0 1
286557 0 2
306196 0 2
355541 0 2
347336 0 1
328010 0 2
332252 0 2
398640 0 2
351099 0 1
354438 0 2
334054 0 1
374973 0 2
339872 0 1
352287 0 1
309308 0 2
424162 0 1
310079 0 1
287110 0 2
337474 29 3
325141 0 1
271276 0 2
