496614 0 419920 0
498925 0 463835 38
581203 0 461427 0
510228 0 422600 11
512557 21 450709 35
536717 0 449187 0
527767 13 403937 0
573323 0 624667 140
468769 0 401290 0
561375 0 476752 0
513921 0 415632 0
511498 0 401080 19
473386 0 404588 0
588080 0 520047 0
513859 0 407461 0
557210 3 466802 0
541114 0 457130 0
549051 0 444490 0
607569 0 542425 45
561221 0 460237 20
527202 0 452950 0
569239 0 469173 9
554499 5 453612 0
570616 0 469373 0
541032 0 460643 0
573765 0 589109 100
509949 0 450679 0
495280 0 455221 0
528161 0 429065 0
536955 0 464330 0
504899 0 427600 0
704427 127 497586 0
578223 0 495416 0
487706 0 429378 0
452498 0 490735 80
607594 0 535578 0
521853 0 457625 0
505456 0 462925 0
538449 0 478183 0
553632 0 449252 3
585228 0 508207 0
556356 0 491348 0
470652 0 375960 0
574845 0 504370 0
614559 47 467034 0
555195 3 481717 0
445103 0 374555 0
494327 85 375224 6
425584 11 372632 0
455862 0 373468 0
456500 0 416192 0
465247 0 420836 8
474455 0 406202 0
526586 59 442793 0
495850 0 483458 40
459194 0 391500 0
574842 69 449819 0
445319 0 379274 0
543571 63 401814 0
412935 15 336822 0
454339 0 410849 0
544131 0 489514 0
516469 0 441496 0
489744 0 429717 0
491512 0 418022 0
473284 0 431437 0
464472 0 392716 8
467169 0 416387 0
428714 0 360444 0
490370 0 438550 0
521579 14 447052 20
495540 0 423601 0
460671 0 377503 0
451831 0 384136 0
512882 0 432420 0
510906 0 434936 0
526602 0 418970 0
619931 80 455582 0
502643 0 441584 0
519693 0 431971 0
471966 0 404866 0
558598 0 521894 0
551106 0 476158 0
519534 0 466869 0
520988 0 448421 0
498950 0 443705 0
478457 0 407981 0
524264 0 441897 0
480028 0 362447 0
531982 0 476291 0
416498 0 376286 0
410719 8 316650 0
449727 0 423408 5
443760 0 363833 0
462687 20 404759 17
518432 33 516545 71
449988 0 388773 0
434177 0 377144 0
491770 61 383988 0
469744 0 420704 0
421117 0 395670 25
438284 0 407351 0
414047 0 396944 37
452301 0 433476 31
446220 0 410213 0
446591 0 364522 0
448562 0 409932 0
431759 0 419274 0
502932 0 434628 0
475879 24 409956 0
446049 0 425102 16
466751 15 425784 37
425328 0 456235 77
533251 0 473284 0
505250 0 468857 0
453485 0 395273 0
407693 0 383138 7
505302 67 397609 0
441988 0 385862 5
480517 0 440122 0
444328 8 443762 19
492444 0 431219 0
437417 0 394601 0
525003 58 428223 0
472149 0 478975 64
472867 0 421860 0
460119 0 381580 0
461445 0 474977 35
526245 49 410177 0
411619 0 367672 12
469849 0 414579 0
467796 0 407478 0
488317 0 422519 0
472217 0 410156 0
423646 0 377394 0
448807 25 381897 0
420891 0 355615 0
520744 116 362620 18
485591 0 447978 0
429286 0 402771 0
423216 0 352492 0
465406 21 399352 0
418290 17 365101 0
427247 16 380877 0
491053 47 409507 0
472029 0 434426 0
462818 3 401960 0
419508 0 375212 3
423564 0 420447 28
446944 7 431539 33
456953 17 381015 0
418670 0 370730 0
439497 0 418593 0
447679 0 392312 0
440294 0 401229 0
433486 0 438346 29
437391 0 415886 0
397076 0 367953 0
430878 0 420981 0
410225 0 382737 0
421969 0 396945 0
480344 58 382982 0
480191 0 474575 0
489218 0 505856 16
461575 21 381988 0
459328 9 388661 3
522581 0 484516 0
485249 0 441052 0
506553 24 421725 0
520911 40 434094 0
477747 0 434502 0
453715 0 405827 0
475282 0 446060 0
414926 0 348246 0
531005 0 469915 0
420134 0 374412 0
439833 0 369636 0
436496 0 404399 27
426338 0 391733 0
381231 0 337002 0
