525783 34 355962 0
498364 0 400869 0
568330 0 436570 0
595222 70 491938 96
505830 0 344085 0
536599 0 371416 0
547125 38 427688 84
597227 0 417813 0
479951 0 363382 28
540185 0 416980 0
524090 0 392220 23
504382 0 401349 0
481874 0 373220 0
593150 37 445397 0
501193 0 375741 23
559563 0 414158 0
528882 0 486868 54
566405 7 447478 0
581989 0 485139 0
571178 0 454567 15
564743 25 484991 31
561534 0 468079 0
534667 0 389373 0
542918 0 423553 17
519120 0 402130 0
578268 15 457544 0
518159 0 396627 0
510963 0 377814 0
512073 0 419335 17
527220 0 428656 0
498155 0 389788 0
549751 0 590234 153
576514 0 409907 0
485985 0 401589 0
429107 0 316558 0
682964 88 500797 41
527417 0 418267 0
509670 0 397278 0
558725 0 403073 0
573768 0 437959 0
607713 0 428110 0
567835 0 434698 0
472070 2 361611 0
580049 0 452604 0
569408 0 413784 0
604768 56 403068 0
437098 4 319404 0
420763 0 331248 0
404173 0 319870 0
455367 0 373971 0
462776 0 446300 110
455104 0 441738 43
495586 0 383588 0
494582 27 412566 66
566434 76 439876 40
575777 105 375382 0
512262 9 420586 19
414582 0 362271 0
483624 0 362386 0
407444 17 279750 0
455968 0 373759 2
535496 0 451708 29
543012 26 388518 0
482208 0 391320 0
483394 0 354606 0
493760 0 388662 0
460455 0 420404 57
443851 0 349069 0
415624 0 330670 0
553947 60 359271 0
539661 9 415765 0
511380 16 419755 38
457653 0 447678 49
565562 91 396129 0
551885 31 435902 24
474409 0 429707 0
546292 34 398200 0
599799 44 435437 11
503821 20 367193 0
523046 13 392196 0
483633 0 377760 0
551635 0 454899 0
560863 0 435712 0
516747 0 441813 0
529872 0 410358 0
494687 0 397086 0
474236 0 349581 0
506578 0 371029 0
464264 0 344560 0
539022 0 440729 55
439347 0 357378 0
381047 0 337298 0
531578 92 348354 0
450483 5 337790 0
465010 14 323983 0
470202 0 369729 0
446124 9 336976 0
436310 0 332724 0
446286 17 367464 0
496841 0 391554 0
424312 0 386286 62
433151 0 395080 41
467412 52 396687 40
446974 0 385174 36
448613 0 350734 0
462838 0 365441 0
443037 0 350985 4
451890 0 368335 0
536332 28 408854 0
462030 0 364327 17
454133 0 354112 0
442342 0 343164 0
429775 0 327673 0
533089 0 412931 0
504507 0 409994 0
462127 0 362877 0
412607 0 342398 0
446786 0 338638 0
504083 60 360586 16
524482 25 425013 5
444472 0 369316 0
539390 44 425746 21
422811 0 341110 0
486442 0 390626 15
457391 0 385654 0
481012 21 376429 0
447872 0 351524 0
520959 39 406180 0
474204 0 419757 42
402231 0 303632 0
477929 0 410217 0
478488 4 385911 0
460824 0 393495 23
459451 0 385331 0
425295 1 299648 0
406621 0 338910 25
409274 0 325097 0
429543 18 357351 33
471733 0 448209 0
427634 0 386584 38
418916 0 452129 149
442534 0 372688 9
438802 30 333231 0
424381 18 344263 18
567220 111 424497 87
463965 0 409721 7
450248 0 341725 0
494942 77 334142 0
421193 0 318577 0
422953 0 336464 1
437607 3 381526 22
428228 0 389265 64
440368 8 344704 0
439045 0 339474 0
447689 11 412966 54
430535 0 344124 0
436343 0 380144 34
397822 0 293483 0
431754 0 377826 0
432739 19 381807 44
448055 19 337045 0
414384 0 400915 65
507458 28 382085 0
495496 0 400989 0
417000 0 351159 0
439318 0 333008 0
529652 0 471145 0
481329 0 358477 0
470188 0 400663 0
460682 0 376664 0
484351 0 412681 0
458671 0 449745 89
490995 0 410826 0
409320 0 345838 0
523126 0 467087 0
414037 0 342847 0
435957 1 411134 81
440440 0 328269 0
414905 3 331975 0
364290 0 299348 0
