2.24222e+06 65 1.56833e+06 0
1.98815e+06 0 1.4886e+06 0
2.41241e+06 0 2.13457e+06 341
2.24225e+06 0 1.91849e+06 36
2.239e+06 0 1.82563e+06 0
2.07677e+06 0 1.61647e+06 0
2.18487e+06 0 1.69277e+06 0
2.19333e+06 0 1.72363e+06 67
2.40828e+06 0 1.7944e+06 0
2.23656e+06 0 1.76088e+06 0
2.23095e+06 0 1.79134e+06 0
2.31047e+06 0 1.66043e+06 41
2.15692e+06 0 1.63294e+06 23
2.19417e+06 5 1.74757e+06 56
2.2385e+06 0 1.67457e+06 0
2.05816e+06 0 1.5048e+06 0
2.24048e+06 0 1.73546e+06 0
2.25456e+06 23 1.78421e+06 8
2.08635e+06 0 1.58104e+06 0
2.29476e+06 0 1.72787e+06 0
2.12814e+06 0 1.62088e+06 0
2.36703e+06 49 1.79805e+06 0
2.12157e+06 0 1.66731e+06 0
2.48259e+06 154 1.83027e+06 0
2.40807e+06 46 1.70054e+06 0
2.18867e+06 0 1.50489e+06 0
2.34704e+06 0 1.81527e+06 0
2.17234e+06 0 1.84062e+06 0
2.33173e+06 0 1.82907e+06 84
2.13038e+06 0 1.67045e+06 0
2.34103e+06 0 1.92661e+06 0
2.53873e+06 0 1.88905e+06 0
2.31218e+06 0 1.87287e+06 0
2.49354e+06 124 1.79651e+06 0
2.34516e+06 0 1.81466e+06 0
2.38869e+06 0 1.81079e+06 0
2.28764e+06 0 1.73734e+06 0
2.48722e+06 0 1.96582e+06 0
2.26793e+06 40 1.77949e+06 0
2.44894e+06 0 1.89555e+06 0
2.3726e+06 0 1.72012e+06 0
2.12912e+06 0 1.58929e+06 0
2.40689e+06 39 1.782e+06 0
2.22688e+06 0 1.6484e+06 0
2.30522e+06 0 1.77337e+06 0
1.8396e+06 0 1.47799e+06 0
1.87906e+06 0 1.46795e+06 0
1.89526e+06 44 1.4785e+06 0
1.87517e+06 91 1.62648e+06 147
1.96419e+06 89 1.5779e+06 0
2.07261e+06 171 1.53419e+06 0
2.00525e+06 0 1.58746e+06 0
2.12273e+06 0 1.63251e+06 0
1.89954e+06 22 1.46537e+06 46
1.97509e+06 0 1.66805e+06 167
1.82496e+06 46 1.50719e+06 117
2.03741e+06 107 1.62648e+06 77
1.76028e+06 0 1.4347e+06 61
1.9672e+06 31 1.55323e+06 0
1.89137e+06 0 1.54518e+06 0
1.98774e+06 0 1.53455e+06 0
1.92157e+06 0 1.54822e+06 31
2.30909e+06 199 1.66708e+06 0
1.98445e+06 29 1.5448e+06 0
2.01835e+06 0 1.65872e+06 0
2.097e+06 0 1.71615e+06 0
2.19661e+06 151 1.72944e+06 0
2.07345e+06 0 1.68434e+06 67
1.87304e+06 0 1.53667e+06 0
2.04301e+06 0 1.62661e+06 0
1.86847e+06 0 1.64515e+06 120
2.11371e+06 0 1.68678e+06 0
2.06939e+06 0 1.75872e+06 0
2.10079e+06 0 1.61233e+06 0
1.9077e+06 0 1.56674e+06 0
2.08919e+06 7 1.80756e+06 78
1.94443e+06 0 1.61236e+06 44
1.95362e+06 0 1.47746e+06 0
2.12512e+06 0 1.79836e+06 83
2.16377e+06 103 1.63264e+06 8
1.9254e+06 0 1.49371e+06 0
2.06026e+06 0 1.6191e+06 0
2.17873e+06 0 1.69305e+06 0
2.04414e+06 0 1.72579e+06 0
1.96419e+06 0 1.57944e+06 0
1.84298e+06 0 1.46868e+06 0
1.89903e+06 0 1.51205e+06 0
1.90946e+06 0 1.58904e+06 0
2.01919e+06 34 1.68578e+06 28
2.00767e+06 0 1.55889e+06 0
1.59273e+06 0 1.365e+06 0
1.7561e+06 0 1.53689e+06 106
1.88439e+06 0 1.56728e+06 35
1.77101e+06 23 1.57438e+06 94
1.78639e+06 0 1.45731e+06 0
1.81012e+06 0 1.60013e+06 41
1.76054e+06 80 1.48194e+06 53
1.63502e+06 0 1.36311e+06 0
1.9076e+06 95 1.57769e+06 21
1.97068e+06 105 1.59197e+06 69
1.72851e+06 94 1.40355e+06 40
1.83619e+06 0 1.55326e+06 10
1.88656e+06 147 1.45568e+06 0
1.79916e+06 101 1.45075e+06 0
1.69755e+06 14 1.38505e+06 0
1.73507e+06 0 1.42623e+06 0
2.01303e+06 0 1.6964e+06 48
1.85523e+06 0 1.53263e+06 0
1.78466e+06 0 1.57491e+06 0
1.89951e+06 0 1.56734e+06 0
2.00237e+06 0 1.71101e+06 5
2.00882e+06 5 1.7488e+06 0
1.79905e+06 0 1.42754e+06 0
1.87634e+06 48 1.48205e+06 0
1.8187e+06 0 1.53784e+06 0
1.83697e+06 0 1.56674e+06 0
1.84095e+06 0 1.54771e+06 18
1.6797e+06 0 1.45741e+06 34
1.82684e+06 0 1.53592e+06 0
1.93011e+06 26 1.58047e+06 30
1.78813e+06 0 1.4869e+06 0
1.98299e+06 0 1.68024e+06 0
1.76463e+06 0 1.4664e+06 0
1.99047e+06 0 1.67572e+06 0
1.89964e+06 0 1.64145e+06 14
1.94666e+06 0 1.66639e+06 0
1.87365e+06 0 1.53239e+06 0
1.83534e+06 0 1.54457e+06 0
2.01378e+06 0 1.67468e+06 0
2.07504e+06 166 1.60916e+06 0
2.06391e+06 0 1.80008e+06 0
1.83228e+06 0 1.52036e+06 0
2.01618e+06 123 1.54169e+06 0
1.79269e+06 0 1.42846e+06 0
1.88706e+06 0 1.60146e+06 0
1.60977e+06 0 1.47072e+06 105
1.52299e+06 0 1.29104e+06 41
1.69443e+06 0 1.5574e+06 111
1.79156e+06 61 1.50933e+06 36
1.75232e+06 0 1.51258e+06 24
1.83202e+06 22 1.5453e+06 29
1.57974e+06 68 1.46312e+06 197
1.68776e+06 23 1.43454e+06 43
1.72292e+06 0 1.51682e+06 0
1.75369e+06 10 1.51518e+06 37
1.78723e+06 12 1.51158e+06 0
1.8254e+06 70 1.5028e+06 7
1.59083e+06 9 1.3563e+06 0
1.66209e+06 14 1.51678e+06 26
1.93549e+06 202 1.41996e+06 2
1.79776e+06 0 1.69116e+06 96
1.74006e+06 0 1.6213e+06 86
1.61352e+06 0 1.34004e+06 21
1.86639e+06 0 1.63091e+06 0
1.92952e+06 103 1.54482e+06 0
1.78203e+06 0 1.62042e+06 0
1.80596e+06 53 1.56912e+06 0
1.80272e+06 0 1.55068e+06 0
1.68557e+06 0 1.45796e+06 0
1.83593e+06 127 1.43666e+06 0
1.86137e+06 51 1.60417e+06 61
1.84449e+06 0 1.56456e+06 0
1.78388e+06 0 1.5549e+06 0
1.70936e+06 51 1.46178e+06 0
1.74803e+06 0 1.54289e+06 29
1.88986e+06 0 1.60339e+06 0
1.81812e+06 11 1.59577e+06 0
1.86074e+06 34 1.58097e+06 0
1.79029e+06 60 1.47223e+06 0
1.79832e+06 93 1.42812e+06 0
1.80171e+06 0 1.65842e+06 10
1.81568e+06 0 1.60122e+06 0
1.8295e+06 0 1.75923e+06 98
1.94259e+06 9 1.71441e+06 0
1.78023e+06 0 1.51477e+06 0
1.91496e+06 246 1.46088e+06 46
1.68908e+06 0 1.38693e+06 0
2.203e+06 238 1.70715e+06 0
1.86824e+06 73 1.47073e+06 0
1.85582e+06 0 1.61138e+06 0
