88566.7 31 73812.4 20
94548.7 35 110665 100
85623.9 32 66979.3 16
76449.4 7 76549 43
145483 140 57976.7 0
110978 78 82946.5 63
70480.5 30 66932.9 38
105207 69 104810 102
108292 63 60837.5 0
101748 59 93487.7 82
105247 49 62145.4 3
69838 0 82618.7 53
96808.6 66 81367.2 66
148743 164 100184 106
101967 93 47841.5 7
121656 95 87945 64
95733 49 63514.6 13
81060.2 38 48785.6 0
54745.8 16 49657.7 33
77435 1 75156.5 12
79275.7 27 101832 100
92232 62 81951.3 63
68189.7 0 91727.5 75
55281.7 0 43015.4 0
67140.9 0 51605.8 0
114598 104 118927 136
98122.7 44 57133.2 0
205963 258 110819 99
99047.7 0 99689.8 35
75800.6 0 84998 62
85070.4 41 59463.5 4
138710 138 55685.1 6
114803 75 96919.7 81
84614.7 0 62805.4 0
78431.3 0 78512.4 39
63875.8 0 106624 104
68543.4 0 81045.7 39
74850.1 23 79528.1 58
93756.2 59 57962.1 17
71686.9 9 51307.4 3
166019 174 94782.4 64
77575.6 3 82315.2 49
72976.7 0 52875.3 0
58646.5 0 37701 0
91151.2 0 75424.1 0
71427.7 0 59321.6 14
88044.1 36 78868.1 40
124132 116 132835 155
97442.6 54 111526 108
93074.7 11 100841 59
74007.9 0 64436.3 0
71146.9 0 57888.5 0
131646 120 117013 122
82971.8 0 61119.2 0
64665.4 0 49347.2 18
106254 58 128606 125
65092.6 0 52125.3 0
124665 86 137151 144
118271 55 95708.5 36
134114 120 59035.9 0
163970 179 67183.8 22
72070.7 0 54183.1 0
90250.3 64 58524.2 22
88887 0 69289.6 0
125501 92 61929.8 0
90517.5 43 72807.9 36
90819 0 115420 89
154103 189 100768 102
80612.2 3 79871.8 40
57536.9 0 40077.4 0
63098.4 7 53469.3 0
75524.6 0 57388.1 0
78815.1 0 66765.2 0
109266 84 88403.2 83
127513 101 84676.6 41
66681.2 0 58262.7 18
76668.9 25 48781.2 0
69875 18 90905.6 90
135712 109 102628 91
85008.7 24 91036 57
76422 0 100249 70
88447.8 25 65257.6 0
115409 84 107413 102
123984 129 111394 125
98385.1 62 84963.6 66
95616.8 45 76930.2 40
124977 89 91927.4 67
106347 63 56376.8 3
53165.2 0 46917.6 5
135923 131 77335.9 60
104205 78 101107 94
118149 110 109882 123
96621.5 31 83531.7 21
92113.1 31 100772 96
138974 130 152485 184
129059 109 95540.7 67
85282 24 70299.1 26
91951.6 55 64929.4 24
130925 137 60008.2 25
102900 71 88226.9 81
83192.8 36 53808.6 0
101661 64 88094.6 79
109083 99 94048.1 91
93117.4 32 103826 85
112954 109 94372 92
109737 76 52382.3 4
65011.8 0 50884.8 11
111940 103 78014 59
111210 32 93714.5 41
69002.8 0 103901 99
96901.7 55 60108.9 20
95629 55 73443.2 47
77069.7 0 55151.2 0
133170 91 100548 62
155209 145 93172.2 50
94548.8 47 56458.6 0
80607.1 21 68067 25
59110.5 0 80957.2 69
103861 20 77074.8 0
109182 74 71081.7 22
162826 160 80534.8 32
74781.7 0 58347.1 0
69960.1 0 48917 0
85653.9 6 68330.2 0
90749.6 18 67025 0
78246.9 17 58892 0
90403.7 48 58559.8 12
90822.7 0 71086.9 0
64600 0 50955 0
130676 96 169204 219
98443.3 29 90126.7 61
89493.7 27 58846.5 0
102046 52 60703.3 0
70436.4 0 79986.4 45
67541.7 0 72314.5 36
93034 23 51688.5 0
90086.2 0 73769.7 0
76432.6 0 77623 41
88384.9 0 80319.9 0
114126 68 77416.4 32
177325 188 77938.1 35
107840 62 87830.5 55
88296 18 62211.1 0
106068 78 89489.7 70
95723.1 42 55616.7 0
65549.3 0 48329.6 0
76463.4 0 63843.7 13
67509.5 0 53676.7 0
85267.3 42 101925 100
68450 0 67588.3 27
92750.2 45 76836.5 43
91315.8 39 51429.4 0
79287.3 12 84221.4 61
73669.1 22 71868.3 49
96034.3 38 65254.4 0
93315.4 42 58782.6 0
75952 6 55396.1 0
85722.8 25 78090.1 51
66344.6 19 47453.4 9
116108 102 61502.6 8
88779.3 51 77292.3 63
66941.5 0 72291.3 43
100401 78 77638.9 70
85851.7 24 78553 35
125054 126 94765.4 98
73703.7 14 73682.5 46
72285 35 45652.2 6
111004 87 67483.9 40
116115 89 64578.2 29
114754 96 74795.4 55
70300 0 90431.5 76
51906.8 0 40818.8 16
94435.3 43 92574.6 79
106087 73 72970.3 43
75787.3 25 44484.8 0
87447.2 19 99031.2 74
93535.9 2 102409 46
62237.3 0 54543.6 0
111888 56 68767.4 7
83434.9 20 64827.8 26
70536.2 0 50066.2 0
77959.1 1 50645.9 0
63386.4 13 56515.3 17
87228.1 36 67300.4 36
67385.5 3 47476 0
81782.2 0 58996.6 0
61680.9 0 58208.5 18
75612 16 57390 0
56212.6 0 49322.6 12
91473.2 30 83982.6 52
90319.5 28 90997.2 68
64900.4 0 53259.4 0
110802 82 94322.7 85
95841.4 63 71682.5 51
65469.7 0 61943.9 18
65169.2 8 45308 0
76994.6 0 54180.9 0
66111.1 0 67539.9 40
153073 139 68718 15
69712.9 7 60865.2 8
67948.3 0 77817.6 47
109595 64 75152.4 25
110409 50 66078.5 0
78190.8 0 57636.7 0
91788.2 0 62782.2 0
79158 9 64829.4 0
72099.6 10 83283.9 64
100417 73 57754.9 17
85055 41 86048.6 57
106537 58 56999.5 0
88534.2 0 78048.5 0
74008.5 12 56652.2 0
93942.3 0 84205.5 0
102915 31 55785.5 0
90749.1 38 54397.3 0
118215 83 152671 170
71349.2 0 52398.9 0
73899.9 0 54923.9 0
84645.4 0 64304 0
104196 78 67295.1 37
84019.8 33 66600.3 24
73445.3 8 53038.9 0
62106.3 3 55495.3 27
116755 69 107965 91
88394.9 37 70796.1 45
73926.7 4 72381.7 22
132865 136 63412.6 30
93865.1 44 76720.7 40
102149 73 63233.8 31
68775 1 72063.1 50
91065.6 44 92346.5 84
103632 79 56133.9 9
77271.7 3 90677.8 52
81851.9 36 49737 0
122364 95 86771 72
90660.5 41 64321.1 14
159468 165 105556 92
119238 96 96810.7 88
67949.6 0 84048.6 63
72941.9 0 63185.6 15
98224.6 52 64444.4 17
75216.5 12 52849.2 0
114674 108 67592.1 49
72263.2 13 74726.2 33
81590 0 63408.6 9
83295.3 25 92201.9 72
116281 70 56249.6 0
98023.9 66 66208.1 28
71067.6 0 72042.8 26
85625.4 28 49508.1 0
66719.5 0 60330.2 18
87061.4 26 57105.6 10
76238.6 0 54414.2 0
79325.7 0 65827.3 0
86341.3 0 99693.7 49
57198.1 0 45474.2 0
86711.7 5 65169.9 0
112992 75 62184 0
96092.3 40 74587.4 24
80662.1 0 78225.5 35
130691 97 66971.8 12
69665.6 2 54397.1 0
101500 22 81888.9 30
135647 97 97515.5 63
76463.1 12 68246.3 31
70236 26 42803.3 0
67800 0 56610 0
115808 71 89578.9 43
84048.7 19 56919.3 0
70637 0 80123.9 48
91259.1 40 58264.2 7
85551.1 36 57719 0
83775 48 41683.2 0
79890.5 0 62139 9
64182.8 1 51857.1 0
81569.7 7 81787 36
89130.1 0 69254.8 0
90199.3 48 63417.3 11
94116.7 24 62848.5 0
90455.8 22 63877.9 4
112614 92 74424.7 46
55699 0 44155.7 0
73275.2 0 58398.9 0
80669.2 26 57895.3 0
59082.4 0 44769.1 0
63257.6 0 60039.5 15
102420 65 54477.3 0
89531.4 28 63005.5 0
95547.2 29 68341.8 24
97353.3 58 84957.7 72
87633.4 0 65089.3 0
88920.2 0 65841.7 0
110403 57 119417 118
78852.2 0 59644.8 0
79843.7 0 67252.3 0
108012 72 75585.5 40
71165.2 0 59966.9 0
73099 0 81600.4 48
70251.9 0 50417.1 0
75172.5 31 50253.5 19
