497620 0 377537 0
553669 51 422742 0
571659 3 455496 0
505149 9 441624 18
484237 0 419065 0
548124 2 393086 0
524215 0 393904 0
609121 18 491466 0
482667 0 368680 0
561561 0 477087 26
500214 0 429396 0
498767 0 410868 0
492301 0 370533 0
597215 0 451446 0
514596 0 395226 8
528948 0 445435 0
536459 0 442376 0
553132 0 447591 0
542588 0 494313 16
527696 0 436702 0
543760 0 422034 4
561735 13 419070 0
548375 0 451331 0
570563 0 472763 33
523660 0 408027 0
573530 0 455040 0
501712 0 418427 0
563566 68 398198 8
531358 0 477495 78
546046 0 439837 0
489216 0 427453 0
568609 0 535670 53
565769 0 480371 0
497435 0 400079 0
440672 0 334753 1
587659 0 478517 0
529643 0 451704 16
508991 0 430485 0
521927 0 457454 0
570204 0 453603 0
587260 0 447968 0
571130 0 484775 0
454037 0 386812 0
586735 0 485916 0
557574 0 450172 0
673968 131 477216 0
486710 54 365475 0
419139 0 333974 0
403928 0 348313 0
455897 0 410327 0
482452 31 439052 52
455324 0 406383 0
489329 0 417413 0
472937 0 404537 11
536340 30 422823 0
473387 0 401426 0
512582 10 488949 45
447518 0 352165 0
522760 44 500845 105
403354 10 338329 0
440395 0 390612 0
569494 0 524760 39
500215 0 414522 0
514551 18 408671 0
466977 0 414797 0
500206 0 413020 0
464676 0 414088 15
484969 0 369324 0
421797 0 389102 24
505389 0 455064 20
527181 0 461697 0
470797 0 465363 31
486350 29 401157 4
452335 0 398411 0
518927 0 478271 31
518313 0 412024 0
506702 0 423659 0
545577 0 462120 0
502609 0 413308 0
507199 0 438983 0
473145 0 405104 0
555598 0 477451 1
533383 0 490501 0
519988 0 444623 0
524628 0 520705 67
492566 0 429259 23
484853 0 393987 0
548175 0 461278 0
476981 0 381549 0
562099 0 469168 0
489129 50 401827 0
470541 74 358436 0
493536 44 401020 14
436168 0 377905 0
434471 0 397935 17
484498 0 428678 0
472256 12 416733 16
432286 0 380032 0
462458 0 391441 0
477543 0 427428 0
445343 0 446434 78
496277 50 398122 0
411780 0 485676 131
461690 6 381633 0
433744 0 421255 0
485578 37 389635 0
447616 0 396855 0
427339 0 462519 59
488380 0 423986 0
457119 0 406017 0
519703 63 428406 24
422588 0 444743 47
437680 6 371323 0
528683 0 482904 0
498528 0 449065 0
575770 108 406345 0
403727 0 455984 82
438645 1 401331 0
456694 14 399579 0
511309 0 433878 0
466691 8 481892 95
481980 0 435684 0
429579 0 399698 0
484417 2 475359 44
471941 0 421790 0
470917 0 412314 0
450550 0 422148 0
558639 84 438196 0
508825 28 426405 0
402153 0 360366 0
467543 0 414195 0
466632 0 423684 0
484092 0 407923 0
465728 0 453361 26
491566 73 386862 0
423125 0 419859 44
420947 0 371683 1
391619 0 394775 22
533893 36 428759 0
453646 16 382853 0
458879 35 355205 0
440093 0 417285 14
401753 3 367601 0
423820 1 350718 2
482415 34 448948 42
470851 0 390520 0
444567 4 418673 0
415931 0 382160 0
428320 7 385769 0
430740 0 392038 0
451274 0 403619 6
440092 9 382947 0
435860 0 413484 15
438319 0 422120 0
432397 0 416820 40
451741 0 476829 86
441863 0 407482 32
392305 0 353275 0
420910 0 427586 41
416189 0 387646 0
420876 0 460717 61
426186 0 371990 0
491171 0 453483 15
502312 0 456332 0
435293 0 387031 0
452059 0 402149 0
581156 43 463633 0
479410 0 449344 0
464445 0 423461 0
474094 0 515791 64
487670 0 455464 4
463486 10 426501 3
488599 0 435112 0
417051 0 363018 0
575665 43 528752 51
408378 0 372107 0
440009 4 380779 0
492231 66 420567 42
477873 46 435094 52
399099 33 346092 0
