11645.6 0 11316.2 0
10514.1 0 10708.3 0
11019.9 0 11437.1 8
15046.3 21 11446.7 0
9043.4 17 8423.9 17
6760.4 0 6760.4 0
10579.8 0 9986.9 0
10641 1 17173 55
11187 0 10494.4 0
8258.7 0 7865.7 2
6605.8 0 6247.5 4
11567 34 11721.6 36
10105 0 9704.7 0
14838.2 63 14150.7 63
12178.8 18 12604.1 27
7720.7 0 8466 0
8384.2 0 8613.5 0
6680.5 0 6558.7 0
7774.5 0 6620.1 0
6383.8 0 6724.4 0
8696 0 14109 63
10581.8 10 10618.2 15
10333.8 0 15459.6 56
13097.2 0 11535.4 0
9509.5 0 8778.4 0
8570.7 7 7703.4 7
14186.1 32 11522.2 0
8022.3 0 7740.3 5
9024.9 0 9352.6 0
12601.5 27 10027.2 0
15758.2 44 11003.2 0
9667.5 0 10240.5 0
7333.5 0 7333.5 0
11691.1 0 10666.2 0
10687.2 0 10820 0
9005.3 0 8331.2 0
11709.5 0 11415.1 0
9356.3 0 7619.4 0
8697.8 0 8049.8 4
6934.3 0 6150.3 0
9229.7 0 8943.3 0
9655 0 10214 0
10307.1 6 15045.6 50
11065.7 35 7126.5 0
9261 0 9011 0
8750.1 0 8133.1 0
7917.5 2 7914.3 2
6788.5 0 6470.8 0
10804.3 0 9326.1 0
7881.8 0 7339.1 0
10039.9 0 9892.7 0
10274.4 0 11605.1 12
8019 0 7916.4 0
12017.2 0 11161.6 0
9089.7 0 9179.5 0
10484.7 0 10329.5 0
10346.4 0 11507.5 0
11713 0 12137.2 0
11198.8 0 11456.3 0
13337.8 0 12951.5 0
10528.6 0 9965.8 0
13024.1 0 12857.3 0
11809.2 0 11443.8 0
9813.5 0 9386.5 0
12601.9 0 12601.9 0
10387.3 0 10173.3 0
9943.1 0 10241.4 0
10938 0 11037 0
13694.4 10 12819.1 0
7052.9 0 6121.2 0
10493.6 0 10327.8 0
10161.7 0 9848.8 0
7065.9 0 6473.3 0
10770.9 0 10483.4 0
7495.6 0 8035.3 9
12175.2 5 15148.8 27
7723.2 2 7416 0
10832 16 8247.8 0
9262.7 2 9005.3 0
11287.3 0 14673.3 36
10168 0 10286.7 0
8465.3 12 8603.3 12
11858 0 12786.1 25
9139.1 0 9688.5 6
10729.7 0 12890.2 24
7814.6 10 6526.1 4
10501.2 0 9853 0
8205.1 0 7199.7 0
10805.5 0 10406.1 0
11140.1 13 12680.3 23
9008.3 0 8509.7 0
10075.1 0 9650.2 0
11904.3 29 11102.9 28
8425.1 0 8229.8 9
13636.1 0 20308 71
9813.2 0 9169.7 0
9326.9 0 9423.2 0
9989.9 0 9183.7 0
7907.2 0 9324.7 10
10882.6 2 12768 26
10437.6 0 10405.2 0
9639.5 0 8725.6 0
12319.6 0 11745.1 0
9133.2 0 9168.4 0
10580.2 0 10489.8 0
12649.1 0 11818.3 0
11954.1 0 11163.2 0
14007.1 0 15455.7 0
8475.3 0 8312.9 0
9715.2 0 9329.9 0
9392 0 10136.4 10
10341.3 0 9614.1 0
15425.3 0 15015.9 0
11456.8 0 11792.7 0
9616.6 0 8675.2 0
9885.3 0 10174.8 0
8230.4 0 7998.4 0
16190.5 19 13519.4 0
9965.8 0 9653.6 0
11694.6 0 12059.4 0
9089.4 0 8867.1 0
11443.4 9 12898.2 18
7950.7 0 7024.2 0
11636.6 5 13299.8 25
8512.4 0 7787.4 0
10366.2 0 9487.6 0
12231.6 0 11334.8 0
12350.1 0 13174.8 0
13918.9 0 14239.2 0
11518.2 2 10487.4 0
12379.5 0 12263.5 3
13353.8 22 11286.7 0
9633.7 0 9186 0
11096 0 11964.2 0
14142.8 0 13339.3 0
8965.9 0 7865.8 0
9142.5 0 10241.9 0
11348 0 11348 0
5538.7 0 8055.6 32
10093.9 0 8905.5 0
11582.3 0 10177.6 0
9643.2 0 8911.5 0
12706.5 25 9798 0
9324.7 0 9459.7 0
11320.5 0 11835.7 15
9723.3 0 9206 0
8227.6 0 8168 3
8676.6 5 7939.7 0
9550.3 0 8783.6 0
12188.6 0 10510.8 0
10618.7 0 10274.1 0
10465.2 0 9295.6 0
8672.4 0 8576.5 0
12460.6 0 13574.7 13
9586.6 0 8698.1 0
18142.1 29 15120.6 0
10754.7 0 10655.4 0
10555.2 2 10537.3 0
11121.3 6 9529.3 0
11392.3 0 10898.1 0
8975.6 2 9985.6 10
11892.7 0 11753.3 0
9694.2 0 10460.4 0
10729.9 0 9965.1 0
8559.2 0 8393.4 1
10051 0 9474 0
8112.7 0 8204.7 1
13148.3 0 11994.8 0
9876 0 9215 0
15597.8 22 13977.6 27
14644.7 0 15351.6 9
8131.4 0 9053 11
11860.6 12 9657.4 0
12582.6 27 13342.8 36
10505.2 16 8171.8 0
13124.1 22 17035.4 55
9769.5 0 9386.9 2
10206.1 0 9428 0
13407.3 0 11907.6 1
9310.7 0 9552.3 0
9417.3 0 9440.8 0
14407.5 0 13333.9 0
16171.4 35 15337 36
11221.1 0 9902.3 0
13017.2 22 10144.4 0
13783.9 15 13202.2 15
12485.7 0 11593 0
11295.3 14 10149.8 0
11462.7 0 11186.4 0
10117 0 9757.6 0
9863.8 0 9035.8 0
13524.8 11 12424.6 0
11122.1 0 10504.3 0
10940.3 0 9657 0
10099.2 0 9558.8 0
8420.5 2 7881.2 0
9020.1 0 7605.3 0
11461.1 0 12597.9 6
9474.1 0 9548.7 0
11083.7 0 10287.7 0
14249.1 0 11867.3 0
21542.8 42 21079.3 52
14237.6 0 12907.5 0
16826.1 27 14910.9 17
10804.2 0 13147.8 30
14706.6 0 14205.2 0
11118.3 5 10782.7 0
8752.9 0 8989.6 9
12186 0 11833.3 0
13074.6 0 12795 0
10306.6 0 10803.9 0
11338.4 0 11089.7 0
12949.3 0 12808.9 0
8852 0 8131 0
10103.8 0 9128 0
11448.9 0 14072.3 24
16297.8 0 17054.7 20
13442.6 0 14453.6 0
12940.8 0 11430.6 3
10966.2 0 10554.2 0
11324.6 0 10702.7 0
10450.8 0 10093.8 0
10076.6 0 9523.2 6
7852.4 0 8969.1 7
8811.5 0 7565.3 0
13599 0 15605.8 21
14430.2 20 13898.8 15
12667.4 0 11699.8 0
16727.7 54 12981.7 10
13372.6 0 12968.6 0
12301.3 3 13947.4 10
14092.6 0 16281 38
12641.7 10 11907.9 12
14082.7 0 13096.5 0
10281.5 0 10772 0
14941 0 13769.4 0
9738 0 10296.8 0
11222.2 0 10693.2 0
10447 0 10650.8 0
13960.2 0 14284.2 0
11032.5 0 11024.5 0
13005.9 41 8481 0
11011.6 0 10292.1 0
9963.8 5 9035 5
9408.4 0 8786 0
9603.4 0 9625.2 0
11723.1 0 11228.1 0
10938.4 0 12587 22
12971.5 0 12688 0
9830.6 0 9328.5 0
14778.5 0 16232.1 14
13847.3 20 12201.1 17
11217.1 0 10056.2 0
13578.3 0 13328.8 0
14076.5 2 16426.8 24
8846.8 0 8323.2 0
12759.4 0 12038.6 0
9153.2 0 9382.4 0
9289.6 12 7811.9 0
12462.9 0 12583.1 0
14093.7 0 13276.6 0
8969.3 0 7788.3 0
11273.4 2 11631.1 0
11750.7 0 11747 0
7932.4 0 7366.2 0
12466.5 0 11531.2 0
11517.1 0 11613.2 0
14244.7 0 13087.2 0
14817.8 44 9836 0
12035.1 0 11146.4 0
8389.2 0 10240.4 16
9924.3 0 9126.3 0
12717.1 0 11590 0
14348.1 2 13278.4 0
11804.4 0 11565.4 0
14479.5 0 13114.9 0
10614.7 0 9695.6 0
12122.2 0 11040.2 0
22568.4 66 18333.8 27
12336.2 0 11472.9 0
14214.3 0 18040.8 48
9625.3 0 9184.3 0
15975.6 42 10321.4 0
11347.7 0 13699.7 29
9510.7 0 8101.7 0
12357.2 23 10698.3 0
12371.1 0 16044.6 35
12792.4 0 11773.9 0
11260.7 0 10081.3 0
12725.7 8 11029.9 0
14793.5 0 14214.6 0
11607.5 3 10288.1 0
11716.8 0 11270.1 0
11026.8 0 10029.7 0
9063.2 0 8698.9 10
12601.6 7 20038.3 96
13023.6 0 12191.8 0
9487.6 0 10555.8 0
12498.3 15 10322.3 0
9936.5 0 11048.3 0
