1.94415e+06 1.94415e+06 -1 0
1.82261e+06 1.82261e+06 -1 0
2.30161e+06 2.30174e+06 3.08415e+08 134
2.26385e+06 2.26385e+06 -1 0
2.19299e+06 2.19299e+06 -1 0
2.02026e+06 2.02026e+06 -1 0
1.90096e+06 1.90096e+06 -1 0
1.97343e+06 1.97343e+06 -1 0
2.15448e+06 2.15448e+06 -1 0
2.0498e+06 2.0498e+06 -1 0
2.11436e+06 2.11436e+06 -1 0
2.16137e+06 2.16146e+06 1.85878e+08 86
2.04262e+06 2.04269e+06 1.49111e+08 73
2.02997e+06 2.02997e+06 -1 0
2.20155e+06 2.20155e+06 -1 0
1.9463e+06 1.9463e+06 -1 0
2.0714e+06 2.07145e+06 1.0357e+08 50
2.13155e+06 2.13155e+06 -1 0
1.94466e+06 1.94466e+06 -1 0
2.05516e+06 2.05516e+06 -1 0
1.91626e+06 1.91626e+06 -1 0
2.13012e+06 2.13012e+06 -1 0
1.84836e+06 1.84836e+06 -1 0
2.16025e+06 2.16025e+06 -1 0
2.19875e+06 2.19875e+06 -1 0
2.01588e+06 2.01588e+06 -1 0
2.2246e+06 2.2246e+06 -1 0
2.0503e+06 2.0503e+06 -1 0
2.17063e+06 2.17063e+06 -1 0
2.0154e+06 2.0154e+06 -1 0
2.2508e+06 2.2508e+06 -1 0
2.42879e+06 2.42879e+06 -1 0
2.1841e+06 2.1841e+06 -1 0
2.15702e+06 2.15702e+06 -1 0
2.18248e+06 2.18248e+06 -1 0
2.15703e+06 2.15703e+06 -1 0
2.07341e+06 2.07341e+06 -1 0
2.48073e+06 2.48073e+06 -1 0
2.10175e+06 2.10175e+06 -1 0
2.33857e+06 2.33857e+06 -1 0
2.21096e+06 2.21105e+06 2.0783e+08 94
1.96347e+06 1.96347e+06 -1 0
2.07471e+06 2.07471e+06 -1 0
2.10888e+06 2.10888e+06 -1 0
2.11954e+06 2.11954e+06 -1 0
1.75826e+06 1.75826e+06 -1 0
1.79922e+06 1.79922e+06 -1 0
1.73861e+06 1.73861e+06 -1 0
1.64797e+06 1.648e+06 5.4383e+07 33
1.72454e+06 1.72461e+06 1.12095e+08 65
1.76222e+06 1.76222e+06 -1 0
1.85687e+06 1.85687e+06 -1 0
1.93872e+06 1.93872e+06 -1 0
1.67089e+06 1.67089e+06 -1 0
1.78682e+06 1.78682e+06 -1 0
1.64643e+06 1.64647e+06 6.0918e+07 37
1.81808e+06 1.8181e+06 3.45436e+07 19
1.59068e+06 1.59068e+06 -1 0
1.85592e+06 1.85597e+06 8.53725e+07 46
1.74919e+06 1.74923e+06 8.04625e+07 46
1.72728e+06 1.72728e+06 -1 0
1.80346e+06 1.80346e+06 7.21384e+06 4
1.97466e+06 1.97466e+06 -1 0
1.88578e+06 1.88587e+06 1.6972e+08 90
1.86989e+06 1.86989e+06 -1 0
1.94984e+06 1.94999e+06 2.86626e+08 147
1.95854e+06 1.95854e+06 -1 0
1.94618e+06 1.94618e+06 -1 0
1.87422e+06 1.87422e+06 -1 0
1.904e+06 1.904e+06 -1 0
1.75755e+06 1.75755e+06 -1 0
1.85385e+06 1.85385e+06 -1 0
1.98098e+06 1.98098e+06 -1 0
1.98675e+06 1.98692e+06 3.37748e+08 170
1.82843e+06 1.82843e+06 -1 0
1.99338e+06 1.99338e+06 -1 0
1.814e+06 1.814e+06 -1 0
1.90411e+06 1.90411e+06 -1 0
1.86087e+06 1.86087e+06 -1 0
1.95298e+06 1.95304e+06 1.32802e+08 68
1.81085e+06 1.81085e+06 -1 0
1.85705e+06 1.85705e+06 -1 0
1.98877e+06 1.98877e+06 -1 0
1.80556e+06 1.80556e+06 -1 0
1.8225e+06 1.8225e+06 -1 0
1.88797e+06 1.88797e+06 -1 0
1.72034e+06 1.72034e+06 1.72034e+06 1
1.74981e+06 1.74981e+06 -1 0
1.8497e+06 1.84975e+06 8.6936e+07 47
1.92088e+06 1.92088e+06 -1 0
1.51838e+06 1.51838e+06 -1 0
1.61091e+06 1.61091e+06 -1 0
1.76555e+06 1.76556e+06 2.11866e+07 12
1.64995e+06 1.65001e+06 9.89969e+07 60
1.61898e+06 1.61898e+06 -1 0
1.75837e+06 1.75844e+06 1.16053e+08 66
1.55372e+06 1.55392e+06 3.15404e+08 203
1.46337e+06 1.46337e+06 -1 0
1.78757e+06 1.78757e+06 -1 0
1.82148e+06 1.82148e+06 -1 0
1.54228e+06 1.54232e+06 5.70644e+07 37
1.80652e+06 1.80655e+06 5.41956e+07 30
1.69075e+06 1.69075e+06 1.01445e+07 6
1.627e+06 1.62706e+06 9.4366e+07 58
1.66293e+06 1.66293e+06 -1 0
1.63312e+06 1.63313e+06 2.28636e+07 14
1.98959e+06 1.98959e+06 -1 0
1.73545e+06 1.73545e+06 -1 0
1.65859e+06 1.65863e+06 7.6295e+07 46
1.77148e+06 1.77148e+06 -1 0
1.82603e+06 1.82603e+06 -1 0
1.98001e+06 1.98001e+06 -1 0
1.67487e+06 1.67487e+06 -1 0
1.71622e+06 1.71628e+06 9.26759e+07 54
1.72047e+06 1.72047e+06 -1 0
1.70983e+06 1.70983e+06 -1 0
1.68159e+06 1.68159e+06 -1 0
1.56177e+06 1.56178e+06 9.37062e+06 6
1.71721e+06 1.71729e+06 1.44246e+08 84
1.67457e+06 1.6747e+06 2.19368e+08 131
1.75049e+06 1.75049e+06 -1 0
1.84931e+06 1.84943e+06 2.16369e+08 117
1.70026e+06 1.70027e+06 1.36021e+07 8
1.87539e+06 1.87539e+06 -1 0
1.75937e+06 1.75937e+06 -1 0
1.7354e+06 1.7354e+06 -1 0
1.81648e+06 1.81666e+06 3.19701e+08 176
1.69152e+06 1.69152e+06 -1 0
1.96532e+06 1.96532e+06 -1 0
1.81082e+06 1.81082e+06 -1 0
1.93009e+06 1.93009e+06 -1 0
1.70164e+06 1.70164e+06 -1 0
1.74928e+06 1.74928e+06 -1 0
1.62753e+06 1.62753e+06 -1 0
1.80285e+06 1.80294e+06 1.60453e+08 89
1.51911e+06 1.51916e+06 7.74747e+07 51
1.40545e+06 1.40545e+06 4.21635e+06 3
1.53806e+06 1.53818e+06 1.79954e+08 117
1.57592e+06 1.57595e+06 4.57018e+07 29
1.65954e+06 1.65954e+06 -1 0
1.61205e+06 1.61205e+06 -1 0
1.38767e+06 1.38767e+06 -1 0
1.58857e+06 1.58858e+06 2.22399e+07 14
1.71471e+06 1.71471e+06 -1 0
1.62453e+06 1.62453e+06 1.13717e+07 7
1.66565e+06 1.66565e+06 -1 0
1.63336e+06 1.63336e+06 -1 0
1.4692e+06 1.4692e+06 -1 0
1.5307e+06 1.5307e+06 -1 0
1.52416e+06 1.52423e+06 1.08216e+08 71
1.77757e+06 1.77757e+06 -1 0
1.65259e+06 1.65279e+06 3.35475e+08 203
1.5334e+06 1.5334e+06 -1 0
1.67851e+06 1.67851e+06 -1 0
1.60503e+06 1.60503e+06 -1 0
1.67372e+06 1.67372e+06 -1 0
1.68087e+06 1.68092e+06 9.24476e+07 55
1.66371e+06 1.66371e+06 -1 0
1.53766e+06 1.53766e+06 -1 0
1.5634e+06 1.56351e+06 1.7041e+08 109
1.76504e+06 1.76504e+06 -1 0
1.71388e+06 1.71388e+06 -1 0
1.72876e+06 1.72877e+06 1.72876e+07 10
1.50983e+06 1.50983e+06 -1 0
1.67482e+06 1.67482e+06 -1 0
1.8623e+06 1.8623e+06 -1 0
1.64016e+06 1.64016e+06 -1 0
1.73907e+06 1.73907e+06 -1 0
1.68801e+06 1.68801e+06 -1 0
1.65199e+06 1.65199e+06 -1 0
1.70824e+06 1.70824e+06 -1 0
1.80462e+06 1.80462e+06 -1 0
1.76676e+06 1.76676e+06 -1 0
1.78052e+06 1.78052e+06 -1 0
1.71956e+06 1.71956e+06 -1 0
1.6235e+06 1.62364e+06 2.2729e+08 140
1.48635e+06 1.48635e+06 -1 0
1.70142e+06 1.70142e+06 -1 0
1.6274e+06 1.6274e+06 -1 0
1.68888e+06 1.68888e+06 -1 0
