91427.4 0
103654 0
114312 0
82512 0
75104.6 0
71513.7 0
74174.7 0
93001.7 0
118888 0
97663.1 0
117776 0
70888 0
124901 0
80834.9 0
59842.7 0
132242 0
93376.4 0
69866.6 0
79384.9 0
78139.4 0
97797.2 0
81709.6 0
65956.4 0
61722.8 0
68916.8 0
109782 0
93444.1 1
85257.9 0
147549 0
89147.8 0
119097 0
73439.1 0
91764 0
85762.2 0
123106 0
92049 0
67472 0
71582.2 0
124304 0
65260.5 0
169175 0
71227.4 0
76636.4 0
59651 0
86115.3 0
74657.2 0
73303.6 0
66605.4 0
147136 0
116795 0
79243.6 0
68091.8 0
106166 0
76353.2 0
59436.7 0
137950 0
65163.7 0
83104.6 0
139708 0
71871.7 0
99885.3 0
68072.3 0
59775.5 0
84029.4 0
96316 1
100223 0
138840 0
85894.4 0
83019.4 0
68214.3 0
65691.9 0
70790.1 0
76116.4 0
101036 0
108101 0
81050.4 0
68998.2 0
92541.8 0
107321 0
83934.8 0
154645 0
79946.4 0
98988.2 0
101840 0
109164 0
79388.3 0
100474 0
128986 0
69445.3 0
93495.3 0
113734 0
99173.2 0
106206 0
111173 0
121281 0
87594.7 0
108333 0
66527 0
83803.3 0
87274.2 0
64622.9 0
102590 1
86368 0
114176 0
108472 0
85885 0
65082.8 0
62843.8 0
133974 0
123562 0
128630 0
65993.2 0
95363 0
107757 0
118951 0
66203.9 0
69766.5 0
95897.1 0
128111 0
97881.8 0
132425 0
69455.4 0
92254.4 0
81043.6 0
83913.5 0
68453.2 0
69344.6 0
85399 0
65374.1 0
124763 0
83391.2 0
98302.7 0
74563.7 0
70419.2 1
84433 0
76276.5 0
84070.8 0
88849.5 0
92944.4 0
109416 0
98283.6 0
127191 0
82233.3 0
118603 0
74673.9 0
64014.3 0
68952.6 0
64339.6 0
73760.4 0
89504 0
116704 0
78042.8 0
77808.5 0
76572.1 0
80921.9 0
70513.1 0
89146.2 0
75779.3 0
60463.1 0
102996 0
71639 0
61504.5 0
108346 0
74238.8 0
83719.3 0
69789.7 0
78460.7 1
74746.2 0
66711.3 0
84930.7 0
90532.5 0
53322.2 0
86594.8 0
81854.1 0
87569.8 0
72310.6 0
107981 0
65547 0
123902 0
70590.2 0
76670.5 0
74122 0
89906.6 0
112568 0
77887.2 0
75812.4 0
60534.8 0
74270.5 0
94356.6 0
93244.1 0
99775.1 0
64102.2 0
94960.2 0
77268.3 0
60640.6 0
75217.3 0
72444.6 0
96745.6 0
78401.8 0
65382.5 0
68776.1 0
77994.6 1
98750.1 0
94147.6 0
83864.4 0
74316 0
71918.4 0
71548.4 0
80357.4 0
94056 0
87656.8 0
67770.9 0
88564.6 0
94285.7 0
65923.2 0
79924.4 0
59539.3 0
69901.3 0
74752 0
85405.4 0
63806.7 0
69566.9 0
81660.7 0
87886.2 0
101002 0
118163 0
136408 0
70565.1 0
57364.3 0
96941.2 0
95257.1 0
74791.4 0
110294 0
66503.2 0
85168.7 0
80276.1 1
143320 0
79409.9 0
66450.7 0
75052.9 0
80185.5 0
65989.2 0
70471.6 0
82215.1 0
93381.3 0
89932.1 0
100241 0
89539.4 0
90882.8 0
67513.9 0
79136.4 0
70422.1 0
71705.1 0
81642.3 0
87898.3 0
61703.2 0
81768.4 0
72022.6 0
111481 0
105439 0
78878.7 0
67792.4 0
138229 0
86404.3 0
67176.9 0
55231.4 0
108095 1
74598.4 0
74264.7 0
66405.6 0
100266 0
71257.9 0
73295.1 0
99778.9 0
67708.3 0
91864.2 0
94844.7 0
90068.4 0
91350.8 0
74352.2 0
66985.1 0
56932.7 0
71219.2 0
68392.4 0
74604.6 0
64442.7 0
67005.3 0
77082.9 0
110416 0
119216 0
81903.8 0
83953.3 0
85630.9 0
75073.5 0
108641 0
73074.4 0
66445.4 0
72575.5 0
66092.7 0
75963.4 0
