497225 0
492888 0
550835 0
533660 0
530178 0
536432 0
502094 0
571429 0
466866 0
523787 0
504398 0
505822 0
461630 1
598692 0
521817 0
538769 0
541613 0
550454 0
583251 0
520449 0
507579 0
549820 0
542612 0
560876 0
520129 0
554111 0
494230 0
624592 0
515569 1
532371 0
489859 0
557947 0
558044 0
497476 0
486871 0
589765 0
732325 0
516438 0
541387 0
558171 0
577247 0
549425 0
458404 0
570332 0
673228 0
546236 0
444033 0
413428 0
402530 0
450711 1
524197 0
459480 0
462478 0
448346 0
490635 0
472597 0
521867 0
413216 0
483301 0
397935 0
513418 0
547796 0
486106 1
503292 0
473671 0
464476 0
491827 0
464861 0
413600 0
474924 0
507049 0
483739 0
451490 0
455004 0
499974 0
499114 0
505973 0
526447 1
499608 0
494426 0
481874 0
538384 0
535177 0
515604 0
524948 0
470629 0
467968 0
512200 0
460887 0
537199 0
432018 0
398616 0
450171 0
440600 0
465764 1
476386 0
517914 0
421748 0
477530 0
511545 0
426880 0
442729 0
403282 0
453240 0
441077 0
453388 0
429296 0
448621 1
489014 0
534813 0
451633 0
439310 0
424787 0
514555 0
507647 0
444903 0
395971 0
501884 0
427267 0
473006 1
447717 0
492673 0
432260 0
464149 0
445446 0
456181 0
436147 0
462208 0
476712 0
404480 0
465169 0
458520 0
473335 0
460152 0
412291 0
454572 1
418971 0
423161 0
499098 0
422717 0
423150 0
434946 0
393659 0
405084 0
486202 0
466617 0
510380 0
414020 0
449980 1
449593 0
428117 0
422481 0
442617 0
428818 0
429702 0
434772 0
432748 0
460118 0
429932 0
495925 0
448780 0
411201 0
484788 0
489521 0
436328 1
429779 0
523598 0
472862 0
467170 0
458620 0
474183 0
459593 0
488118 0
406006 0
520391 0
410813 0
429607 0
426742 1
460048 0
358252 0
