11404 0
10080.2 0
13544.7 0
12313 1
7167.3 0
6733.7 0
10156.1 0
10784 0
11268.4 0
8070.9 0
5990.1 0
12299.1 0
9704.7 0
8589.5 0
12889.5 0
8644.8 0
8957 0
7064.5 0
7015.5 0
6136.4 0
13023.4 0
10226.5 0
9100.8 0
11309.6 0
9192.5 0
7632.6 0
10432.7 0
9661 0
8941.3 0
9153 0
11101 0
9494.4 0
7841.4 0
11500 0
10616.4 0
8182.6 0
11527.5 0
8607.2 0
8192.9 0
6648.9 0
8559.9 0
9655 0
10108 0
7152.2 0
9159.3 0
8565.9 0
10697.3 0
6470.8 0
10135.2 0
7089.3 0
9474.6 0
10509.8 0
7468.5 0
10793.5 0
8311.4 0
10341.7 0
10168.9 0
11521.4 0
11211.7 0
12730.7 0
10080.9 0
12839 0
11493.7 0
9752.2 0
12601.9 0
10525.7 0
10094.7 0
10791.2 0
13257.9 0
6295.9 0
10461.6 0
9619.4 0
6767.1 0
13660.8 0
6798.1 0
12137.7 0
7016.2 0
8368.2 0
9246.8 0
11465.6 0
10374.3 1
7462 0
10860.9 0
9646.2 0
14467.1 0
6257.4 0
10146 0
8112 0
10516.7 0
12395.9 0
7833 0
10438.6 0
11380.7 0
8672.2 0
13331.6 0
9438.2 0
8652.9 0
9693.7 0
7369.5 0
12927.7 0
10082.1 0
9045 0
11745.1 0
8152.1 0
9780.5 0
12739.8 0
11740 0
13760.1 0
8571 0
9233.8 0
9755.5 0
9701.4 0
14908.3 0
12008.5 0
12053 0
9894.6 0
9054.8 0
13824.9 0
9949.5 0
11771.3 0
8088.2 0
13293.7 0
8048.2 0
13227.3 0
7802.8 0
10681.7 0
12044.2 0
11915.9 0
13034 0
10672.5 0
12031.7 0
11758 0
9664.5 0
11146.4 0
14553.8 0
8597.8 0
9279 0
11346.7 0
8752.8 0
10851.9 0
11620.5 0
9798.2 0
11891.7 0
9118 0
10938.1 0
9454.9 0
7172.6 0
7753.1 0
8898.8 1
11421.2 0
10111.2 0
10124 0
9639.1 0
16585.2 0
13055 0
14820.3 0
10773.4 0
10162.7 0
10073.3 0
10845.3 0
8974 0
11263.7 0
9337.2 0
10044.2 0
8493.7 0
9504.1 0
8160.6 0
12917.6 0
9911.7 0
14201.3 0
14180.2 0
8050.3 0
11942.7 0
10032.5 0
8875.6 0
11738.9 0
9806.3 0
9520.8 0
12941.4 0
10397.1 0
9301.2 0
13971.3 0
12575 0
10415.9 0
10256.4 0
12692.7 0
11433.1 0
10862.4 0
11462.7 0
10239.2 0
9216.8 0
11927.4 0
11442.1 0
9912.4 0
9999 0
7881.2 0
7989.9 0
11412.4 0
9294.9 0
10634.9 0
11867.3 0
15933.3 0
13299.8 0
15560.2 0
10458.5 0
14157.1 0
10511.5 0
9573.7 0
11937.3 0
12641.6 0
12959.8 0
11718.6 0
12439.3 0
10194.8 0
9689.9 0
12591.6 0
16134.3 1
13245.9 0
11551.7 0
12529.9 0
11841.6 0
10530.7 0
8802.8 0
7921.3 0
8298.7 0
13762.4 0
12496.1 0
11876.1 0
11805 0
13412.6 0
12201.3 0
16874.9 0
12056.1 0
14660.9 0
10059.2 0
13014.6 0
9351.3 0
11706 0
10064.5 0
13488.1 0
11024.5 0
12274.9 0
10561.7 0
9599 0
9261.9 0
9587.4 0
12043.6 0
10745.6 0
12713.6 0
9340.3 0
14833.3 0
11875.8 0
10072.2 0
13244.5 0
14246.3 0
8722.8 0
12962.3 0
8836.5 0
8501.3 0
13068.3 0
13456.7 0
7876.3 0
11953.1 0
12122.7 0
10242 0
12188.7 0
11461.2 0
13298.4 0
11008.2 0
12157 0
8666.8 0
8892.1 0
11822 0
13112.6 0
12015.8 0
13663.1 0
10447 0
11343.6 0
22174.2 0
12005.4 0
13712.2 0
10653.1 0
11716.7 0
15618.3 0
9654.9 0
9812.7 1
11747.6 0
15565.6 0
11384.2 0
11859.9 0
16218.9 0
11113.5 0
11141.8 0
10892.3 0
7883.5 0
12158 0
13244.6 0
9599 0
10980.5 0
9489.9 0
