1 1.5 0.5
100
5
19 26 48 94 80 21 77 68 12 54 53 13 75 75 69 6 32 64 96 59 72 28 29 87 98 37 80 26 84 70 18 1 94 65 93 74 84 70 40 93 22 92 6 96 68 74 3 97 39 96 54 9 24 83 95 22 20 73 45 2 42 62 1 36 26 93 10 8 63 49 1 83 40 7 79 8 80 79 3 17 75 55 23 96 38 16 17 55 89 61 55 31 22 53 66 45 46 73 52 7
492 1080 939 445 950 763 982 1323 1215 646 467 718 1412 1365 993 707 309 862 441 697 1149 679 628 511 1029 870 973 426 409 890 495 666 757 946 1049 588 560 1192 1132 513 629 487 1015 839 915 1160 1250 1084 638 1126 1261 671 733 872 653 853 796 484 995 772 1161 490 809 700 1130 1110 923 438 1126 894 136 840 601 746 972 1095 1255 826 929 551 665 1242 943 325 1055 1206 360 830 345 1039 538 561 474 534 624 593 823 1054 822 1049
11 14 8 62 59 19 9 42 11 38 25 6 32 5 38 1 11 30 2 41 8 12 5 9 57 13 7 9 77 18 9 1 17 10 39 18 57 13 33 41 12 27 1 40 24 45 1 74 28 21 16 5 9 82 69 19 18 51 8 1 8 42 1 2 23 26 7 6 45 43 1 20 32 3 29 7 21 19 2 4 4 13 8 28 13 6 6 13 7 16 14 22 12 32 47 4 30 60 20 7
1.7 4 2.2 3.4 3.6 1.1 4.4 3.8 1.7 4.7 1 1 2.5 1.2 3.8 2.7 3.9 2.6 2.5 2.6 4.6 2.6 4.5 3.8 3.9 4.2 1.6 4.6 3.5 4.2 1.2 4.4 3.3 2.4 2.7 1.8 2.7 2.3 4.8 3.4 2.1 4.9 3.6 3.7 1 2.3 1.5 4.1 4.2 3 1.6 3.9 4.8 1.1 2.8 3.7 4.5 3.4 3.4 2.9 2.7 3.6 2.4 5 5 4.2 1.9 2.7 1.6 1.7 1.2 2.7 1.7 3.9 1.5 1.7 1.3 2 4.8 4.5 4.3 1.6 3.5 4 1.7 1.2 2.8 1.1 3.8 1.1 3.3 1.4 3.7 4.7 1.3 3.9 4 2.3 1.7 4.6
596 598 542 580 611
59600 59800 54200 58000 61100
0 292 448 306 329 341 431 239 431 397 426 306 444 460 449 267 393 168 444 190 350 357 208 492 173 440 431 158 355 111 429 367 468 182 379 329 389 128 316 478 295 409 108 412 378 332 308 491 489 261 433 463 258 409 308 185 386 366 263 338 331 420 336 428 213 454 400 456 118 463 437 125 397 263 202 367 259 431 438 133 263 461 464 285 189 194 472 260 146 132 366 225 331 359 263 240 469 487 420 330 456
292 0 688 304 607 153 343 254 663 445 135 204 719 733 263 506 478 172 176 252 342 160 245 450 371 161 183 425 461 188 667 575 594 125 578 40 645 252 82 236 504 283 286 257 244 220 83 784 595 254 557 541 384 683 574 218 672 242 433 73 328 457 87 170 294 590 483 730 317 661 367 418 689 548 290 543 353 687 610 213 237 186 551 548 463 326 758 392 190 391 194 301 104 651 219 392 521 275 505 282 374
448 688 0 747 454 780 582 467 637 404 795 754 145 143 693 184 346 516 778 445 474 658 654 547 560 849 745 461 320 549 624 131 277 563 140 728 556 573 740 771 603 615 544 645 826 578 733 392 319 707 279 363 659 502 492 633 208 814 268 699 769 833 757 754 649 257 791 148 536 719 563 359 373 238 411 687 677 577 183 475 500 873 840 495 448 614 466 322 593 476 809 659 759 355 516 631 406 744 806 777 584
306 304 747 0 465 194 621 466 439 662 408 113 717 733 566 571 673 355 471 433 582 460 101 715 211 341 485 316 641 239 449 674 764 315 685 308 454 178 244 539 287 571 203 552 141 496 237 679 780 56 728 744 140 519 414 133 643 129 563 378 27 152 259 471 99 753 182 728 212 404 639 391 585 533 463 285 101 491 744 360 471 346 248 388 348 141 618 549 187 287 179 90 235 556 459 169 739 579 204 49 651
329 607 454 465 0 604 740 548 182 650 743 537 348 362 776 367 619 497 771 500 641 687 417 776 262 734 760 182 577 419 169 469 637 509 487 639 102 365 607 807 201 729 327 737 596 655 599 216 674 457 614 678 329 80 56 422 262 583 464 663 474 475 628 756 380 617 413 355 297 268 739 230 130 231 496 268 365 130 564 458 579 750 439 77 144 332 155 498 423 216 612 383 615 117 582 298 702 816 418 512 760
341 153 780 194 604 0 497 391 616 588 220 82 786 801 410 596 616 289 290 376 490 311 188 603 343 147 313 429 593 232 623 681 726 237 687 136 617 243 72 364 457 436 282 408 93 374 70 804 731 163 688 682 315 670 560 182 725 93 547 216 211 334 76 296 233 719 376 797 309 593 521 461 707 604 413 472 276 657 730 318 380 154 439 533 466 279 760 514 197 394 40 234 52 673 364 334 666 412 397 155 527
431 343 582 621 740 497 0 193 862 190 349 539 678 688 141 454 249 281 288 242 111 193 534 112 593 454 245 587 264 406 859 451 365 309 443 367 814 493 425 238 724 67 506 106 587 125 427 843 344 565 337 277 652 820 730 499 673 584 330 289 647 772 427 263 573 372 780 688 531 893 30 510 765 572 244 790 634 856 429 301 168 479 850 711 613 583 859 276 448 564 537 584 447 727 172 646 238 188 803 611 30
239 254 467 466 548 391 193 0 669 199 334 407 533 545 244 304 225 111 311 49 117 191 370 257 406 408 278 393 207 232 666 342 340 158 341 292 621 316 328 307 534 182 321 198 469 119 325 667 341 410 303 291 473 629 537 336 510 462 198 241 493 610 339 286 401 336 608 544 344 702 198 319 584 398 61 602 461 662 362 114 35 434 677 517 420 404 674 148 281 371 429 413 351 545 49 463 277 292 630 468 217
431 663 637 439 182 616 862 669 0 800 795 538 528 541 874 539 777 594 837 620 774 774 432 914 292 760 835 275 734 488 17 645 808 591 664 686 81 411 640 887 160 840 381 840 581 761 631 348 842 453 782 840 302 156 151 450 442 568 623 729 437 389 660 828 384 789 319 534 350 94 866 370 291 410 625 162 342 81 740 563 694 770 317 161 252 342 253 648 473 298 612 381 641 292 694 281 860 906 315 488 886
397 445 404 662 650 588 190 199 800 0 497 607 516 523 324 309 59 310 451 228 108 335 563 145 571 588 411 530 86 424 794 275 175 357 264 479 739 500 523 416 686 242 498 280 668 244 521 711 160 606 146 98 651 726 654 529 526 661 189 415 689 800 531 425 589 182 791 525 514 849 166 429 646 446 200 763 645 776 240 302 208 614 858 640 547 584 745 152 474 517 628 601 546 611 225 637 78 374 813 666 185
426 135 795 408 743 220 349 334 795 497 0 297 840 854 225 619 542 285 76 349 389 163 369 462 505 112 111 561 534 324 799 675 663 248 675 108 779 386 164 152 635 282 421 244 309 253 172 917 656 366 628 595 507 818 709 345 798 312 530 96 428 554 149 92 418 663 591 851 452 788 378 550 823 676 385 668 473 822 696 330 307 133 656 684 599 454 894 482 324 527 252 424 173 785 289 519 567 209 613 374 376
306 204 754 113 537 82 539 407 538 607 297 0 746 761 468 571 627 297 362 383 516 364 120 640 275 229 380 368 600 208 546 665 730 249 673 200 543 191 135 432 380 483 228 460 71 413 129 743 740 84 692 696 235 600 490 126 680 60 539 276 131 257 147 364 159 721 295 757 250 512 560 416 647 561 418 391 196 582 723 316 404 235 359 464 405 206 693 514 161 335 75 158 123 614 390 257 685 477 316 78 570
444 719 145 717 348 786 678 533 528 516 840 746 0 16 773 229 463 554 835 500 567 721 634 661 513 876 808 407 429 555 513 244 414 594 259 759 446 555 757 840 525 700 521 726 816 651 750 249 456 685 409 492 609 381 395 619 86 803 348 744 735 779 776 813 618 393 728 11 505 616 664 329 244 185 472 604 634 460 320 509 568 899 768 404 383 577 330 404 590 431 809 627 774 236 581 578 532 823 739 753 686
460 733 143 733 362 801 688 545 541 523 854 761 16 0 785 241 469 568 848 513 577 733 650 668 529 891 820 423 436 570 526 250 416 609 264 773 459 571 772 852 540 711 537 737 832 662 765 255 458 701 413 497 625 393 410 635 101 819 358 758 752 795 791 826 634 395 744 7 522 630 673 345 256 201 484 619 650 472 322 523 580 914 784 419 399 593 339 414 605 447 825 643 789 249 593 594 537 834 755 769 694
449 263 693 566 776 410 141 244 874 324 225 468 773 785 0 544 380 281 154 286 225 106 494 249 588 336 114 606 387 389 874 563 500 284 558 274 838 474 339 96 723 82 496 48 503 125 343 909 482 513 470 416 626 856 757 461 754 503 428 194 590 719 335 133 539 505 739 784 526 889 171 552 824 642 305 777 601 880 555 317 209 359 809 734 639 560 910 373 418 578 449 548 358 785 199 627 379 51 762 545 163
267 506 184 571 367 596 454 304 539 309 619 571 229 241 544 0 266 336 609 274 343 493 474 451 397 667 580 311 226 365 529 112 270 381 128 547 466 394 556 612 467 472 368 497 643 422 550 401 306 527 247 316 496 436 388 452 219 631 125 523 594 669 573 586 474 250 635 240 365 608 442 199 340 142 243 552 509 498 203 293 339 691 690 381 309 444 440 178 410 318 625 485 575 307 352 470 347 594 651 597 464
393 478 346 673 619 616 249 225 777 59 542 627 463 469 380 266 0 330 500 244 157 382 573 200 565 628 461 514 42 434 770 220 122 380 207 515 712 505 554 470 672 297 498 334 692 291 551 667 116 619 89 70 650 694 628 540 479 684 155 456 700 806 564 475 595 125 792 471 511 831 225 407 606 406 210 751 648 748 181 314 242 654 857 616 527 584 706 134 486 504 654 607 576 572 260 633 83 430 813 682 244
168 172 516 355 497 289 281 111 594 310 285 297 554 568 281 336 330 0 288 87 227 190 260 363 314 333 268 325 305 125 594 403 437 52 407 212 556 212 233 312 448 247 225 246 361 168 229 646 444 299 399 398 370 577 476 225 514 353 263 190 382 500 247 268 294 430 502 566 252 616 294 280 556 393 124 509 355 599 443 45 117 357 571 453 358 301 637 226 171 297 326 306 255 517 109 364 388 318 524 356 309
444 176 778 471 771 290 288 311 837 451 76 362 835 848 154 609 500 288 0 335 344 121 421 399 545 187 42 590 498 354 841 653 623 262 651 163 815 426 227 76 679 221 457 181 381 210 234 933 611 425 589 548 560 848 741 394 801 383 509 108 492 620 216 25 470 624 653 846 489 837 317 565 841 680 367 719 528 858 664 333 278 208 720 716 627 502 917 458 364 558 325 477 240 802 262 568 516 134 675 441 313
190 252 445 433 500 376 242 49 620 228 349 383 500 513 286 274 244 87 335 0 161 220 334 303 359 411 307 344 217 195 617 326 349 139 328 292 572 274 319 341 486 229 277 242 448 160 315 623 357 378 312 313 430 580 488 301 472 440 182 254 460 572 332 313 362 343 567 511 298 653 247 271 538 357 38 555 420 613 358 73 79 437 635 468 371 361 627 140 246 322 413 374 341 499 86 419 306 332 589 438 266
350 342 474 582 641 490 111 117 774 108 389 516 567 577 225 343 157 227 344 161 0 227 487 142 520 481 304 499 161 350 770 342 279 268 335 375 721 433 422 313 645 143 438 178 574 136 421 735 268 525 246 206 590 720 636 452 562 568 219 308 609 727 429 318 519 282 726 577 459 812 100 412 659 463 149 716 578 761 330 231 112 507 794 618 522 521 754 165 398 479 530 531 445 622 126 580 180 276 748 580 122
357 160 658 460 687 311 193 191 774 335 163 364 721 733 106 493 382 190 121 220 227 0 387 305 486 262 87 512 377 287 775 532 504 183 530 177 743 370 239 123 622 127 395 96 404 91 242 834 495 406 469 433 520 766 664 355 692 402 389 97 485 613 238 96 433 505 633 732 425 787 220 469 745 574 249 673 495 785 543 232 158 287 702 640 546 455 827 337 313 482 351 442 260 706 142 522 404 132 656 441 222
208 245 654 101 417 188 534 370 432 563 369 120 634 650 494 474 573 260 421 334 487 387 0 623 155 328 427 248 540 139 438 576 663 225 586 261 428 81 209 481 271 488 112 474 185 411 200 622 679 53 627 643 139 482 372 34 564 172 462 317 127 239 228 416 49 651 247 645 131 419 550 304 526 448 363 299 108 469 643 261 377 340 317 345 284 90 573 448 89 215 194 56 209 493 367 151 640 514 270 123 563
492 450 547 715 776 603 112 257 914 145 462 640 661 668 249 451 200 363 399 303 142 305 623 0 662 567 357 639 232 488 910 420 296 399 408 476 859 573 532 345 787 180 579 218 692 229 533 852 266 658 277 200 730 854 774 588 670 688 327 400 741 862 536 375 657 309 865 670 601 954 84 548 783 583 290 858 717 898 376 372 245 592 934 757 661 661 881 282 534 621 644 669 555 747 255 721 155 290 887 709 86
173 371 560 211 262 343 593 406 292 571 505 275 513 529 588 397 565 314 545 359 520 486 155 662 0 479 543 106 526 199 295 508 632 303 522 396 276 119 355 595 136 562 91 558 335 482 346 471 656 195 598 635 99 326 216 164 435 321 426 437 225 273 375 535 118 616 237 523 62 302 603 201 376 332 375 196 121 318 590 292 425 493 297 190 137 70 418 431 181 83 350 123 359 345 421 72 642 618 255 254 620
440 161 849 341 734 147 454 408 760 588 112 229 876 891 336 667 628 333 187 411 481 262 328 567 479 0 223 554 614 329 767 736 746 285 739 120 756 369 127 263 600 387 407 351 220 347 135 924 744 310 710 686 461 804 694 315 825 226 593 172 356 475 106 204 376 744 521 888 436 740 482 565 828 702 449 619 423 797 768 374 386 26 583 667 592 419 889 551 312 519 167 379 120 792 368 479 661 322 542 300 483
431 183 745 485 760 313 245 278 835 411 111 380 808 820 114 580 461 268 42 307 304 87 427 357 543 223 0 581 460 347 837 619 583 250 617 179 809 425 245 53 679 179 454 139 405 172 251 915 571 436 550 507 565 838 733 398 777 406 477 109 508 636 237 19 475 585 665 819 485 840 275 548 824 658 337 723 535 852 627 312 245 245 733 708 617 505 903 424 364 549 349 483 261 785 229 572 474 100 688 459 271
158 425 461 316 182 429 587 393 275 530 561 368 407 423 606 311 514 325 590 344 499 512 248 639 106 554 581 0 472 237 272 424 564 331 439 457 231 186 427 630 159 567 147 570 433 490 418 375 593 294 533 581 202 257 151 246 329 419 364 482 332 374 447 577 220 546 329 417 119 318 591 113 279 228 349 242 227 274 512 291 419 570 380 128 38 174 335 381 242 34 441 226 435 245 420 171 595 643 344 357 610
355 461 320 641 577 593 264 207 734 86 534 600 429 436 387 226 42 305 498 217 161 377 540 232 526 614 460 472 0 403 727 190 133 356 180 499 669 470 533 474 631 305 461 340 666 287 530 627 140 587 96 109 613 651 586 508 440 657 112 445 667 771 545 472 560 129 755 438 473 790 243 365 565 365 181 711 612 705 168 284 228 640 819 573 485 548 664 95 454 463 631 572 556 530 246 595 125 438 775 651 264
111 188 549 239 419 232 406 232 488 424 324 208 555 570 389 365 434 125 354 195 350 287 139 488 199 329 347 237 403 0 490 457 528 104 465 222 462 87 205 398 335 368 108 360 279 288 197 597 542 184 491 505 245 495 387 106 498 268 332 245 265 377 225 341 169 518 376 566 138 500 419 236 501 375 224 389 229 504 516 122 243 349 445 362 275 177 569 312 51 204 259 181 219 464 235 241 501 419 398 249 434
429 667 624 449 169 623 859 666 17 794 799 546 513 526 874 529 770 594 841 617 770 775 438 910 295 767 837 272 727 490 0 635 799 592 653 691 67 414 646 889 166 838 383 840 590 760 637 331 833 461 773 832 311 139 142 455 427 577 615 732 448 403 665 830 391 779 333 519 352 111 863 364 275 398 621 175 350 64 729 562 692 777 333 153 248 348 236 642 476 297 620 389 647 277 692 288 853 907 329 498 883
367 575 131 674 469 681 451 342 645 275 675 665 244 250 563 112 220 403 653 326 342 532 576 420 508 736 619 424 190 457 635 0 178 453 18 615 570 496 633 642 579 484 473 515 736 450 628 466 219 628 167 248 606 532 494 550 273 725 144 579 698 778 649 628 579 157 746 252 472 717 432 311 421 237 289 664 618 599 95 366 374 761 802 490 421 552 521 195 504 429 713 591 654 393 390 581 288 614 763 697 454
468 594 277 764 637 726 365 340 808 175 663 730 414 416 500 270 122 437 623 349 279 504 663 296 632 746 583 564 133 528 799 178 0 489 160 632 736 589 666 592 724 417 576 455 797 413 663 644 42 712 37 95 724 705 657 633 451 788 205 576 791 888 678 597 679 21 867 420 584 873 338 451 599 409 313 806 727 768 94 414 360 772 928 649 569 662 699 216 580 561 763 691 689 569 378 703 141 550 886 778 356
182 125 563 315 509 237 309 158 591 357 248 249 594 609 284 381 380 52 262 139 268 183 225 399 303 285 250 331 356 104 592 453 489 0 458 165 560 191 181 299 439 265 212 256 311 186 177 671 495 258 451 448 347 588 483 190 550 304 314 157 342 463 196 247 264 482 471 606 242 605 325 303 578 427 176 494 326 603 495 88 156 309 541 459 366 279 654 278 139 300 274 275 203 540 144 345 436 315 494 312 338
379 578 140 685 487 687 443 341 664 264 675 673 259 264 558 128 207 407 651 328 335 530 586 408 522 739 617 439 180 465 653 18 160 458 0 619 588 507 639 638 596 478 485 510 744 446 633 484 201 639 150 232 620 551 512 560 291 733 145 580 710 792 654 626 591 138 760 267 485 735 423 326 439 256 291 680 631 617 76 371 372 764 817 507 437 565 539 193 514 444 720 603 659 412 389 595 273 609 778 708 444
329 40 728 308 639 136 367 292 686 479 108 200 759 773 274 547 515 212 163 292 375 177 261 476 396 120 179 457 499 222 691 615 632 165 619 0 672 279 66 232 526 304 314 274 229 248 71 819 631 261 595 576 400 713 603 237 711 229 473 80 329 457 61 164 310 628 489 770 345 679 392 455 724 587 329 560 367 714 650 253 273 145 556 577 495 346 791 432 217 422 175 316 84 687 255 411 554 277 511 279 397
389 645 556 454 102 617 814 621 81 739 779 543 446 459 838 466 712 556 815 572 721 743 428 859 276 756 809 231 669 462 67 570 736 560 588 672 0 393 632 859 167 798 358 801 593 721 623 275 772 458 712 773 314 81 84 441 360 580 557 707 458 431 652 803 384 716 363 452 327 173 816 310 211 333 573 206 353 42 665 522 649 769 374 104 201 338 185 586 455 260 618 384 636 210 651 287 795 874 364 503 836
128 252 573 178 365 243 493 316 411 500 386 191 555 571 474 394 505 212 426 274 433 370 81 573 119 369 425 186 470 87 414 496 589 191 507 279 393 0 242 477 253 456 38 447 260 376 233 560 608 134 553 575 158 436 326 64 489 247 386 318 203 301 263 417 90 577 292 567 67 416 506 226 463 371 299 303 145 435 565 201 329 385 361 299 224 89 520 376 62 151 259 102 250 429 322 154 576 502 314 204 521
316 82 740 244 607 72 425 328 640 523 164 135 757 772 339 556 554 233 227 319 422 239 209 532 355 127 245 427 533 205 646 633 666 181 639 66 632 242 0 297 480 364 280 336 164 303 8 797 670 202 629 618 346 678 568 191 703 163 495 145 265 393 20 229 258 661 427 769 310 627 449 441 701 580 357 507 311 674 676 267 314 145 493 542 465 298 762 459 185 392 112 262 23 665 298 361 600 343 449 214 455
478 236 771 539 807 364 238 307 887 416 152 432 840 852 96 612 470 312 76 341 313 123 481 345 595 263 53 630 474 398 889 642 592 299 638 232 859 477 297 0 731 175 505 136 455 192 303 957 576 490 560 510 619 886 782 452 814 457 502 163 561 690 288 68 529 596 719 851 536 893 267 592 868 697 368 776 589 902 642 355 272 283 787 758 665 558 949 448 417 599 399 537 313 829 259 625 474 60 741 511 259
295 504 603 287 201 457 724 534 160 686 635 380 525 540 723 467 672 448 679 486 645 622 271 787 136 600 679 159 631 335 166 579 724 439 596 526 167 253 480 731 0 696 227 693 427 617 471 416 753 295 693 740 146 238 145 289 439 414 524 571 290 274 499 670 224 706 212 533 197 168 732 273 331 365 497 84 186 204 669 423 556 610 244 126 158 181 341 539 315 168 454 222 481 312 553 122 753 754 219 336 750
409 283 615 571 729 436 67 182 840 242 282 483 700 711 82 472 297 247 221 229 143 127 488 180 562 387 179 567 305 368 838 484 417 265 478 304 798 456 364 175 696 0 472 40 528 79 366 849 400 515 387 334 612 809 715 454 686 525 353 224 596 723 365 196 530 423 736 711 499 864 96 501 766 579 241 757 592 840 473 276 150 412 805 694 597 545 856 297 405 541 476 540 386 728 147 610 298 133 758 557 95
108 286 544 203 327 282 506 321 381 498 421 228 521 537 496 368 498 225 457 277 438 395 112 579 91 407 454 147 461 108 383 473 576 212 485 314 358 38 280 505 227 472 0 467 296 392 271 521 597 164 541 568 153 399 289 102 452 283 371 349 226 311 301 447 106 562 294 532 31 393 516 191 425 336 298 284 151 401 546 207 338 423 360 263 185 86 481 366 97 112 297 118 288 390 333 141 572 527 315 234 533
412 257 645 552 737 408 106 198 840 280 244 460 726 737 48 497 334 246 181 242 178 96 474 218 558 351 139 570 340 360 840 515 455 256 510 274 801 447 336 136 693 40 467 0 501 82 339 865 439 497 424 374 602 817 720 441 708 499 380 193 577 705 335 157 517 460 721 737 495 860 136 511 781 597 259 750 580 844 509 279 164 375 791 698 601 535 869 325 394 543 448 527 357 742 156 601 338 99 744 535 132
378 244 826 141 596 93 587 469 581 668 309 71 816 832 503 643 692 361 381 448 574 404 185 692 335 220 405 433 666 279 590 736 797 311 744 229 593 260 164 455 427 528 296 501 0 463 161 805 806 139 759 759 280 655 547 196 749 13 608 309 147 257 169 388 216 788 308 827 316 545 611 486 710 631 484 427 240 631 793 383 462 218 365 521 469 264 751 582 232 400 56 212 145 678 447 306 746 505 327 93 618
332 220 578 496 655 374 125 119 761 244 253 413 651 662 125 422 291 168 210 160 136 91 411 229 482 347 172 490 287 288 760 450 413 186 446 248 721 376 303 192 617 79 392 82 463 0 303 784 404 440 379 342 533 735 639 376 629 459 310 175 522 647 306 184 451 414 658 662 420 784 147 428 699 516 180 677 513 763 454 199 83 373 728 617 520 465 786 255 326 463 414 462 325 660 74 530 314 173 681 485 156
308 83 733 237 599 70 427 325 631 521 172 129 750 765 343 550 551 229 234 315 421 242 200 533 346 135 251 418 530 197 637 628 663 177 633 71 623 233 8 303 471 366 271 339 161 303 0 789 667 194 626 616 338 670 559 182 695 160 490 149 258 386 29 235 249 657 420 762 301 618 450 433 693 572 353 498 302 665 672 262 313 153 486 533 456 289 753 455 176 383 110 254 26 656 296 352 598 348 442 207 457
491 784 392 679 216 804 843 667 348 711 917 743 249 255 909 401 667 646 933 623 735 834 622 852 471 924 915 375 627 597 331 466 644 671 484 819 275 560 797 957 416 849 521 865 805 784 789 0 685 665 632 710 544 194 271 622 193 792 524 829 689 691 818 915 589 622 626 249 494 443 835 368 96 271 607 475 580 268 554 602 701 942 646 294 337 541 99 573 613 409 816 594 808 132 709 513 745 954 631 724 857
489 595 319 780 674 731 344 341 842 160 656 740 456 458 482 306 116 444 611 357 268 495 679 266 656 744 571 593 140 542 833 219 42 495 201 631 772 608 670 576 753 400 597 439 806 404 667 685 0 727 60 67 747 742 691 648 492 797 229 572 807 908 680 586 698 63 889 462 607 905 316 481 638 447 321 835 748 804 136 424 358 770 952 682 600 683 738 231 594 589 769 710 692 608 376 727 110 531 909 791 332
261 254 707 56 457 163 565 410 453 606 366 84 685 701 513 527 619 299 425 378 525 406 53 658 195 310 436 294 587 184 461 628 712 258 639 261 458 134 202 490 295 515 164 497 139 440 194 665 727 0 675 689 151 517 408 79 615 126 513 328 83 207 218 423 76 701 228 696 180 429 583 356 570 500 408 309 112 498 695 305 414 318 297 382 329 124 612 496 132 262 159 74 196 539 403 172 684 528 251 70 595
433 557 279 728 614 688 337 303 782 146 628 692 409 413 470 247 89 399 589 312 246 469 627 277 598 710 550 533 96 491 773 167 37 451 150 595 712 553 629 560 693 387 541 424 759 379 626 632 60 675 0 84 689 683 631 596 439 750 171 540 754 853 641 563 643 35 832 416 550 845 312 421 582 388 275 775 692 745 99 376 324 736 895 622 540 627 682 179 543 529 725 655 651 551 342 669 128 520 852 741 331
463 541 363 744 678 682 277 291 840 98 595 696 492 497 416 316 70 398 548 313 206 433 643 200 635 686 507 581 109 505 832 248 95 448 232 576 773 575 618 510 740 334 568 374 759 342 616 710 67 689 84 0 721 751 690 611 519 752 217 513 770 877 627 522 665 110 863 500 581 897 249 472 656 458 280 820 719 808 183 384 303 712 928 679 592 655 756 203 556 573 721 678 641 623 321 703 45 464 883 751 265
258 384 659 140 329 315 652 473 302 651 507 235 609 625 626 496 650 370 560 430 590 520 139 730 99 461 565 202 613 245 311 606 724 347 620 400 314 158 346 619 146 612 153 602 280 533 338 544 747 151 689 721 0 379 275 166 529 267 518 455 146 173 364 554 90 709 142 619 140 280 664 300 453 430 451 160 40 351 687 358 487 469 207 251 227 69 479 518 208 182 309 83 344 426 480 32 725 649 162 189 680
409 683 502 519 80 670 820 629 156 726 818 600 381 393 856 436 694 577 848 580 720 766 482 854 326 804 838 257 651 495 139 532 705 588 551 713 81 436 678 886 238 809 399 817 655 735 670 194 742 517 683 751 379 0 110 490 298 642 539 740 525 508 699 834 441 684 441 386 368 250 819 310 138 296 576 286 418 79 627 538 659 819 455 137 221 393 104 575 496 291 675 443 685 147 663 350 777 896 443 567 840
308 574 492 414 56 560 730 537 151 654 709 490 395 410 757 388 628 476 741 488 636 664 372 774 216 694 733 151 586 387 142 494 657 483 512 603 84 326 568 782 145 715 289 720 547 639 559 271 691 408 631 690 275 110 0 379 308 534 473 633 421 419 588 728 332 637 357 403 258 227 732 225 186 260 488 213 313 125 589 440 566 708 384 26 118 284 204 502 386 183 566 334 574 170 568 245 712 794 363 461 752
185 218 633 133 422 182 499 336 450 529 345 126 619 635 461 452 540 225 394 301 452 355 34 588 164 315 398 246 508 106 455 550 633 190 560 237 441 64 191 452 289 454 102 441 196 376 182 622 648 79 596 611 166 490 379 0 553 183 433 289 159 274 211 388 77 621 281 631 127 443 515 290 525 435 330 325 139 483 615 227 342 328 351 353 284 109 577 416 54 212 195 86 195 491 332 174 606 483 304 147 529
386 672 208 643 262 725 673 510 442 526 798 680 86 101 754 219 479 514 801 472 562 692 564 670 435 825 777 329 440 498 427 273 451 550 291 711 360 489 703 814 439 686 452 708 749 629 695 193 492 615 439 519 529 298 308 553 0 736 344 704 660 698 723 780 545 429 645 94 434 530 661 264 165 123 449 518 556 376 361 469 545 847 683 318 302 502 258 397 528 355 746 553 718 151 557 498 555 802 655 682 684
366 242 814 129 583 93 584 462 568 661 312 60 803 819 503 631 684 353 383 440 568 402 172 688 321 226 406 419 657 268 577 725 788 304 733 229 580 247 163 457 414 525 283 499 13 459 160 792 797 126 750 752 267 642 534 183 736 0 598 309 136 249 169 389 202 779 298 814 303 533 607 473 696 618 476 415 227 618 783 374 456 226 357 508 455 251 737 572 221 387 60 199 145 664 441 293 739 506 318 81 614
263 433 268 563 464 547 330 198 623 189 530 539 348 358 428 125 155 263 509 182 219 389 462 327 426 593 477 364 112 332 615 144 205 314 145 473 557 386 495 502 524 353 371 380 608 310 490 524 229 513 171 217 518 539 473 433 344 598 0 435 589 683 510 485 475 191 661 359 379 680 317 254 457 257 145 605 522 593 184 229 231 619 723 461 374 457 555 55 383 359 581 487 516 421 247 498 238 479 680 580 339
338 73 699 378 663 216 289 241 729 415 96 276 744 758 194 523 456 190 108 254 308 97 317 400 437 172 109 482 445 245 732 579 576 157 580 80 707 318 145 163 571 224 349 193 309 175 149 829 572 328 540 513 455 740 633 289 704 309 435 0 401 530 142 99 366 574 556 756 380 731 315 461 736 582 289 614 426 749 603 235 216 198 625 608 519 396 810 388 256 449 256 374 164 698 198 463 488 201 579 354 319
331 328 769 27 474 211 647 493 437 689 428 131 735 752 590 594 700 382 492 460 609 485 127 741 225 356 508 332 667 265 448 698 791 342 710 329 458 203 265 561 290 596 226 577 147 522 258 689 807 83 754 770 146 525 421 159 660 136 589 401 0 128 278 493 120 779 165 746 233 397 666 412 596 552 490 280 109 493 769 387 498 359 228 397 363 158 625 575 214 305 191 110 254 568 486 176 766 603 186 56 677
420 457 833 152 475 334 772 610 389 800 554 257 779 795 719 669 806 500 620 572 727 613 239 862 273 475 636 374 771 377 403 778 888 463 792 457 431 301 393 690 274 723 311 705 257 647 386 691 908 207 853 877 173 508 419 274 698 249 683 530 128 0 405 622 211 874 70 789 306 326 789 474 605 602 599 228 161 459 856 499 617 475 110 399 396 227 613 677 328 356 308 199 380 583 607 203 876 732 80 179 801
336 87 757 259 628 76 427 339 660 531 149 147 776 791 335 573 564 247 216 332 429 238 228 536 375 106 237 447 545 225 665 649 678 196 654 61 652 263 20 288 499 365 301 335 169 306 29 818 680 218 641 627 364 699 588 211 723 169 510 142 278 405 0 220 277 673 441 788 330 645 452 461 722 599 370 525 328 694 690 283 323 124 507 562 486 318 782 472 205 413 114 281 24 685 306 380 608 336 463 225 457
428 170 754 471 756 296 263 286 828 425 92 364 813 826 133 586 475 268 25 313 318 96 416 375 535 204 19 577 472 341 830 628 597 247 626 164 803 417 229 68 670 196 447 157 388 184 235 915 586 423 563 522 554 834 728 388 780 389 485 99 493 622 220 0 464 599 652 824 478 830 293 547 823 660 344 713 524 846 638 313 254 226 719 703 613 495 901 433 355 544 332 472 245 785 237 562 490 119 674 443 289
213 294 649 99 380 233 573 401 384 589 418 159 618 634 539 474 595 294 470 362 519 433 49 657 118 376 475 220 560 169 391 579 679 264 591 310 384 90 258 529 224 530 106 517 216 451 249 589 698 76 643 665 90 441 332 77 545 202 475 366 120 211 277 464 0 666 207 629 113 369 587 292 494 433 388 250 62 424 652 289 412 386 277 306 254 48 535 466 124 190 234 12 257 463 403 103 665 561 230 137 601
454 590 257 753 617 719 372 336 789 182 663 721 393 395 505 250 125 430 624 343 282 505 651 309 616 744 585 546 129 518 779 157 21 482 138 628 716 577 661 596 706 423 562 460 788 414 657 622 63 701 35 110 709 684 637 621 429 779 191 574 779 874 673 599 666 0 852 399 570 855 347 433 577 388 305 789 713 748 74 405 358 770 913 630 551 648 677 206 569 545 756 678 683 548 376 688 156 556 871 767 365
400 483 791 182 413 376 780 608 319 791 591 295 728 744 739 635 792 502 653 567 726 633 247 865 237 521 665 329 755 376 333 746 867 471 760 489 363 292 427 719 212 736 294 721 308 658 420 626 889 228 832 863 142 441 357 281 645 298 661 556 165 70 441 652 207 852 0 737 282 255 795 436 543 557 591 158 147 389 828 494 619 523 69 338 346 208 546 660 332 317 355 196 418 524 611 165 866 757 22 221 809
456 730 148 728 355 797 688 544 534 525 851 757 11 7 784 240 471 566 846 511 577 732 645 670 523 888 819 417 438 566 519 252 420 606 267 770 452 567 769 851 533 711 532 737 827 662 762 249 462 696 416 500 619 386 403 631 94 814 359 756 746 789 788 824 629 399 737 0 516 623 673 340 249 196 483 612 644 465 326 521 579 910 777 412 393 587 332 414 601 441 821 637 785 242 592 588 540 834 749 764 695
118 317 536 212 297 309 531 344 350 514 452 250 505 522 526 365 511 252 489 298 459 425 131 601 62 436 485 119 473 138 352 472 584 242 485 345 327 67 310 536 197 499 31 495 316 420 301 494 607 180 550 581 140 368 258 127 434 303 379 380 233 306 330 478 113 570 282 516 0 364 540 179 398 321 316 258 145 370 550 230 363 452 346 232 157 80 452 378 127 85 321 123 317 364 358 122 587 557 302 247 557
463 661 719 404 268 593 893 702 94 849 788 512 616 630 889 608 831 616 837 653 812 787 419 954 302 740 840 318 790 500 111 717 873 605 735 679 173 416 627 893 168 864 393 860 545 784 618 443 905 429 845 897 280 250 227 443 530 533 680 731 397 326 645 830 369 855 255 623 364 0 900 425 384 486 664 120 317 175 811 591 724 747 239 227 305 335 347 699 476 333 583 364 624 382 721 268 913 918 246 452 918
437 367 563 639 739 521 30 198 866 166 378 560 664 673 171 442 225 294 317 247 100 220 550 84 603 482 275 591 243 419 863 432 338 325 423 392 816 506 449 267 732 96 516 136 611 147 450 835 316 583 312 249 664 819 732 515 661 607 317 315 666 789 452 293 587 347 795 673 540 900 0 509 760 564 243 799 649 857 406 310 178 507 864 713 616 595 855 264 463 569 561 599 472 722 184 657 209 217 818 631 22
125 418 359 391 230 461 510 319 370 429 550 416 329 345 552 199 407 280 565 271 412 469 304 548 201 565 548 113 365 236 364 311 451 303 326 455 310 226 441 592 273 501 191 511 486 428 433 368 481 356 421 472 300 310 225 290 264 473 254 461 412 474 461 547 292 433 436 340 179 425 509 0 276 144 266 356 318 349 398 237 350 586 491 210 120 255 358 278 263 119 482 302 455 237 355 273 490 594 453 425 530
397 689 373 585 130 707 765 584 291 646 823 647 244 256 824 340 606 556 841 538 659 745 526 783 376 828 824 279 565 501 275 421 599 578 439 724 211 463 701 868 331 766 425 781 710 699 693 96 638 570 582 656 453 138 186 525 165 696 457 736 596 605 722 823 494 577 543 249 398 384 760 276 0 200 525 398 487 218 514 513 617 846 569 206 241 446 100 501 516 313 720 499 712 39 624 421 687 868 549 630 782
263 548 238 533 231 604 572 398 410 446 676 561 185 201 642 142 406 393 680 357 463 574 448 583 332 702 658 228 365 375 398 237 409 427 256 587 333 371 580 697 365 579 336 597 631 516 572 271 447 500 388 458 430 296 260 435 123 618 257 582 552 602 599 660 433 388 557 196 321 486 564 144 200 0 337 448 453 361 333 348 433 723 603 259 210 393 299 302 407 249 626 442 595 165 443 400 488 689 570 568 586
202 290 411 463 496 413 244 61 625 200 385 418 472 484 305 243 210 124 367 38 149 249 363 290 375 449 337 349 181 224 621 289 313 176 291 329 573 299 357 368 497 241 298 259 484 180 353 607 321 408 275 280 451 576 488 330 449 476 145 289 490 599 370 344 388 305 591 483 316 664 243 266 525 337 0 570 444 613 320 103 96 474 658 470 373 383 616 102 276 330 450 400 379 486 109 438 277 353 612 471 264
367 543 687 285 268 472 790 602 162 763 668 391 604 619 777 552 751 509 719 555 716 673 299 858 196 619 723 242 711 389 175 664 806 494 680 560 206 303 507 776 84 757 284 750 427 677 498 475 835 309 775 820 160 286 213 325 518 415 605 614 280 228 525 713 250 789 158 612 258 120 799 356 398 448 570 0 196 231 753 488 621 627 171 200 243 218 390 618 360 247 463 244 504 383 617 151 831 804 157 334 816
259 353 677 101 365 276 634 461 342 645 473 196 634 650 601 509 648 355 528 420 578 495 108 717 121 423 535 227 612 229 350 618 727 326 631 367 353 145 311 589 186 592 151 580 240 513 302 580 748 112 692 719 40 418 313 139 556 227 522 426 109 161 328 524 62 713 147 644 145 317 649 318 487 453 444 196 0 391 695 347 472 431 216 288 256 65 517 517 186 204 270 52 307 460 464 68 720 622 169 149 663
431 687 577 491 130 657 856 662 81 776 822 582 460 472 880 498 748 599 858 613 761 785 469 898 318 797 852 274 705 504 64 599 768 603 617 714 42 435 674 902 204 840 401 844 631 763 665 268 804 498 745 808 351 79 125 483 376 618 593 749 493 459 694 846 424 748 389 465 370 175 857 349 218 361 613 231 391 0 694 564 691 809 394 146 243 378 172 624 497 303 657 424 677 224 693 325 831 917 388 540 877
438 610 183 744 564 730 429 362 740 240 696 723 320 322 555 203 181 443 664 358 330 543 643 376 590 768 627 512 168 516 729 95 94 495 76 650 665 565 676 642 669 473 546 509 793 454 672 554 136 695 99 183 687 627 589 615 361 783 184 603 769 856 690 638 652 74 828 326 550 811 406 398 514 333 320 753 695 694 0 412 389 794 886 583 511 629 613 218 566 514 764 664 698 487 406 663 227 606 846 763 425
133 213 475 360 458 318 301 114 563 302 330 316 509 523 317 293 314 45 333 73 231 232 261 372 292 374 312 291 284 122 562 366 414 88 371 253 522 201 267 355 423 276 207 279 383 199 262 602 424 305 376 384 358 538 440 227 469 374 229 235 387 499 283 313 289 405 494 521 230 591 310 237 513 348 103 488 347 564 412 0 133 398 563 418 321 289 595 198 173 264 352 301 288 474 130 348 379 358 516 367 327
263 237 500 471 579 380 168 35 694 208 307 404 568 580 209 339 242 117 278 79 112 158 377 245 425 386 245 419 228 243 692 374 360 156 372 273 649 329 314 272 556 150 338 164 462 83 313 701 358 414 324 303 487 659 566 342 545 456 231 216 498 617 323 254 412 358 619 579 363 724 178 350 617 433 96 621 472 691 389 133 0 412 689 545 448 418 706 179 289 395 420 423 337 578 18 479 285 256 642 468 194
461 186 873 346 750 154 479 434 770 614 133 235 899 914 359 691 654 357 208 437 507 287 340 592 493 26 245 570 640 349 777 761 772 309 764 145 769 385 145 283 610 412 423 375 218 373 153 942 770 318 736 712 469 819 708 328 847 226 619 198 359 475 124 226 386 770 523 910 452 747 507 586 846 723 474 627 431 809 794 398 412 0 583 682 609 431 905 576 329 536 168 388 134 810 394 489 687 342 543 302 507
464 551 840 248 439 439 850 677 317 858 656 359 768 784 809 690 857 571 720 635 794 702 317 934 297 583 733 380 819 445 333 802 928 541 817 556 374 361 493 787 244 805 360 791 365 728 486 646 952 297 895 928 207 455 384 351 683 357 723 625 228 110 507 719 277 913 69 777 346 239 864 491 569 603 658 171 216 394 886 563 689 583 0 368 392 274 560 724 401 372 416 265 483 554 680 225 932 826 47 283 879
285 548 495 388 77 533 711 517 161 640 684 464 404 419 734 381 616 453 716 468 618 640 345 757 190 667 708 128 573 362 153 490 649 459 507 577 104 299 542 758 126 694 263 698 521 617 533 294 682 382 622 679 251 137 26 353 318 508 461 608 397 399 562 703 306 630 338 412 232 227 713 210 206 259 470 200 288 146 583 418 545 682 368 0 97 258 229 488 360 159 539 308 548 186 547 220 699 771 345 436 733
189 463 448 348 144 466 613 420 252 547 599 405 383 399 639 309 527 358 627 371 522 546 284 661 137 592 617 38 485 275 248 421 569 366 437 495 201 224 465 665 158 597 185 601 469 520 456 337 600 329 540 592 227 221 118 284 302 455 374 519 363 396 486 613 254 551 346 393 157 305 616 120 241 210 373 243 256 243 511 321 448 609 392 97 0 207 296 396 280 73 478 260 474 209 450 195 609 676 359 391 636
194 326 614 141 332 279 583 404 342 584 454 206 577 593 560 444 584 301 502 361 521 455 90 661 70 419 505 174 548 177 348 552 662 279 565 346 338 89 298 558 181 545 86 535 264 465 289 541 683 124 627 655 69 393 284 109 502 251 457 396 158 227 318 495 48 648 208 587 80 335 595 255 446 393 383 218 65 378 629 289 418 431 274 258 207 0 487 453 142 146 282 52 300 416 411 67 658 586 229 183 611
472 758 466 618 155 760 859 674 253 745 894 693 330 339 910 440 706 637 917 627 754 827 573 881 418 889 903 335 664 569 236 521 699 654 539 791 185 520 762 949 341 856 481 869 751 786 753 99 738 612 682 756 479 104 204 577 258 737 555 810 625 613 782 901 535 677 546 332 452 347 855 358 100 299 616 390 517 172 613 595 706 905 560 229 296 487 0 599 577 369 767 538 770 134 712 449 787 953 548 665 876
260 392 322 549 498 514 276 148 648 152 482 514 404 414 373 178 134 226 458 140 165 337 448 282 431 551 424 381 95 312 642 195 216 278 193 432 586 376 459 448 539 297 366 325 582 255 455 573 231 496 179 203 518 575 502 416 397 572 55 388 575 677 472 433 466 206 660 414 378 699 264 278 501 302 102 618 517 624 218 198 179 576 724 488 396 453 599 0 364 371 550 478 481 465 195 500 214 423 680 561 286
146 190 593 187 423 197 448 281 473 474 324 161 590 605 418 410 486 171 364 246 398 313 89 534 181 312 364 242 454 51 476 504 580 139 514 217 455 62 185 417 315 405 97 394 232 326 176 613 594 132 543 556 208 496 386 54 528 221 383 256 214 328 205 355 124 569 332 601 127 476 463 263 516 407 276 360 186 497 566 173 289 329 401 360 280 142 577 364 0 207 219 135 195 480 279 209 552 443 354 197 477
132 391 476 287 216 394 564 371 298 517 527 335 431 447 578 318 504 297 558 322 479 482 215 621 83 519 549 34 463 204 297 429 561 300 444 422 260 151 392 599 168 541 112 543 400 463 383 409 589 262 529 573 182 291 183 212 355 387 359 449 305 356 413 544 190 545 317 441 85 333 569 119 313 249 330 247 204 303 514 264 395 536 372 159 73 146 369 371 207 0 407 197 401 279 395 154 585 613 333 327 588
366 194 809 179 612 40 537 429 612 628 252 75 809 825 449 625 654 326 325 413 530 351 194 644 350 167 349 441 631 259 620 713 763 274 720 175 618 259 112 399 454 476 297 448 56 414 110 816 769 159 725 721 309 675 566 195 746 60 581 256 191 308 114 332 234 756 355 821 321 583 561 482 720 626 450 463 270 657 764 352 420 168 416 539 478 282 767 550 219 407 0 233 91 686 404 332 705 449 375 134 568
225 301 659 90 383 234 584 413 381 601 424 158 627 643 548 485 607 306 477 374 531 442 56 669 123 379 483 226 572 181 389 591 691 275 603 316 384 102 262 537 222 540 118 527 212 462 254 594 710 74 655 678 83 443 334 86 553 199 487 374 110 199 281 472 12 678 196 637 123 364 599 302 499 442 400 244 52 424 664 301 423 388 265 308 260 52 538 478 135 197 233 0 261 469 414 100 677 570 219 131 613
331 104 759 235 615 52 447 351 641 546 173 123 774 789 358 575 576 255 240 341 445 260 209 555 359 120 261 435 556 219 647 654 689 203 659 84 636 250 23 313 481 386 288 357 145 325 26 808 692 196 651 641 344 685 574 195 718 145 516 164 254 380 24 245 257 683 418 785 317 624 472 455 712 595 379 504 307 677 698 288 337 134 483 548 474 300 770 481 195 401 91 261 0 676 321 360 623 361 439 201 477
359 651 355 556 117 673 727 545 292 611 785 614 236 249 785 307 572 517 802 499 622 706 493 747 345 792 785 245 530 464 277 393 569 540 412 687 210 429 665 829 312 728 390 742 678 660 656 132 608 539 551 623 426 147 170 491 151 664 421 698 568 583 685 785 463 548 524 242 364 382 722 237 39 165 486 383 460 224 487 474 578 810 554 186 209 416 134 465 480 279 686 469 676 0 585 394 653 829 531 600 744
263 219 516 459 582 364 172 49 694 225 289 390 581 593 199 352 260 109 262 86 126 142 367 255 421 368 229 420 246 235 692 390 378 144 389 255 651 322 298 259 553 147 333 156 447 74 296 709 376 403 342 321 480 663 568 332 557 441 247 198 486 607 306 237 403 376 611 592 358 721 184 355 624 443 109 617 464 693 406 130 18 394 680 547 450 411 712 195 279 395 404 414 321 585 0 474 302 246 633 455 199
240 392 631 169 298 334 646 463 281 637 519 257 578 594 627 470 633 364 568 419 580 522 151 721 72 479 572 171 595 241 288 581 703 345 595 411 287 154 361 625 122 610 141 601 306 530 352 513 727 172 669 703 32 350 245 174 498 293 498 463 176 203 380 562 103 688 165 588 122 268 657 273 421 400 438 151 68 325 663 348 479 489 225 220 195 67 449 500 209 154 332 100 360 394 474 0 709 653 183 217 674
469 521 406 739 702 666 238 277 860 78 567 685 532 537 379 347 83 388 516 306 180 404 640 155 642 661 474 595 125 501 853 288 141 436 273 554 795 576 600 474 753 298 572 338 746 314 598 745 110 684 128 45 725 777 712 606 555 739 238 488 766 876 608 490 665 156 866 540 587 913 209 490 687 488 277 831 720 831 227 379 285 687 932 699 609 658 787 214 552 585 705 677 623 653 302 709 0 426 887 744 224
487 275 744 579 816 412 188 292 906 374 209 477 823 834 51 594 430 318 134 332 276 132 514 290 618 322 100 643 438 419 907 614 550 315 609 277 874 502 343 60 754 133 527 99 505 173 348 954 531 528 520 464 649 896 794 483 802 506 479 201 603 732 336 119 561 556 757 834 557 918 217 594 868 689 353 804 622 917 606 358 256 342 826 771 676 586 953 423 443 613 449 570 361 829 246 653 426 0 779 555 205
420 505 806 204 418 397 803 630 315 813 613 316 739 755 762 651 813 524 675 589 748 656 270 887 255 542 688 344 775 398 329 763 886 494 778 511 364 314 449 741 219 758 315 744 327 681 442 631 909 251 852 883 162 443 363 304 655 318 680 579 186 80 463 674 230 871 22 749 302 246 818 453 549 570 612 157 169 388 846 516 642 543 47 345 359 229 548 680 354 333 375 219 439 531 633 183 887 779 0 242 832
330 282 777 49 512 155 611 468 488 666 374 78 753 769 545 597 682 356 441 438 580 441 123 709 254 300 459 357 651 249 498 697 778 312 708 279 503 204 214 511 336 557 234 535 93 485 207 724 791 70 741 751 189 567 461 147 682 81 580 354 56 179 225 443 137 767 221 764 247 452 631 425 630 568 471 334 149 540 763 367 468 302 283 436 391 183 665 561 197 327 134 131 201 600 455 217 744 555 242 0 641
456 374 584 651 760 527 30 217 886 185 376 570 686 694 163 464 244 309 313 266 122 222 563 86 620 483 271 610 264 434 883 454 356 338 444 397 836 521 455 259 750 95 533 132 618 156 457 857 332 595 331 265 680 840 752 529 684 614 339 319 677 801 457 289 601 365 809 695 557 918 22 530 782 586 264 816 663 877 425 327 194 507 879 733 636 611 876 286 477 588 568 613 477 744 199 674 224 205 832 641 0

