40_500_0.2 40_800_0.2 40_1000_0.2 40_500_0.3 40_800_0.3 40_1000_0.3 40_500_0.5 40_800_0.5 40_1000_0.5 50_500_0.2 50_800_0.2 50_1000_0.2 50_500_0.3 50_800_0.3 50_1000_0.3 50_500_0.5 50_800_0.5 50_1000_0.5 70_500_0.2 70_800_0.2 70_1000_0.2 70_500_0.3 70_800_0.3 70_1000_0.3 70_500_0.5 70_800_0.5 70_1000_0.5 OVER_1 OVER_2 OVER_3 OVER_4 OVER_5 OVER_6 OVER_7 OVER_8 OVER_9 OVER_10 OVER_11 OVER_12 OVER_13 OVER_14 OVER_15 OVER_16 OVER_17 OVER_18 OVER_19 OVER_20 OVER_21 OVER_22 OVER_23 OVER_24 OVER_25 OVER_26 OVER_27 TIME_1 TIME_2 TIME_3 TIME_4 TIME_5 TIME_6 TIME_7 TIME_8 TIME_9 TIME_10 TIME_11 TIME_12 TIME_13 TIME_14 TIME_15 TIME_16 TIME_17 TIME_18 TIME_19 TIME_20 TIME_21 TIME_22 TIME_23 TIME_24 TIME_25 TIME_26 TIME_27 
1.03858e+06 914970 951857 958995 867382 877226 959478 882941 859675 905917 909347 917193 883139 932342 880318 885849 895153 815659 920747 857925 910037 868932 903130 877107 916286 870607 809014 88 0 25 0 0 0 80 0 0 0 0 0 0 0 0 0 0 0 0 0 0 0 0 0 0 0 0 0 1 1 0 1 1 0 1 1 1 0 1 1 1 1 0 1 2 0 1 2 1 1 1 1 1 2
1.03651e+06 965162 982097 977811 992590 909845 1.0145e+06 986327 894361 929269 1.04315e+06 936715 999192 944249 989834 892750 894580 944519 937469 1.03568e+06 956848 1.02065e+06 969181 1.02082e+06 910431 952704 940582 0 0 0 0 43 0 0 0 0 0 43 0 0 16 26 0 0 0 0 106 0 0 0 24 0 0 0 1 0 1 0 1 1 1 0 1 1 1 1 0 1 2 0 1 1 1 1 2 1 1 1 1 2 1
1.04144e+06 1.00731e+06 1.05166e+06 1.07857e+06 1.01975e+06 998418 1.01436e+06 1.00099e+06 975985 1.00169e+06 991383 959046 982303 982207 980031 945978 957256 923096 981792 953537 955490 960655 917212 896803 950251 972454 900678 0 0 10 55 0 0 0 0 0 28 0 0 0 0 13 0 7 0 16 0 0 0 0 0 0 0 0 1 0 1 1 1 0 1 1 1 0 1 1 1 0 2 0 1 2 0 1 2 1 1 1 1 2 1
908212 1.00426e+06 929234 1.00859e+06 969661 1.08495e+06 918993 883187 893798 939964 953736 923309 979034 894236 908332 958657 915866 879627 931657 913711 955168 910382 900180 912059 923219 859967 925516 0 0 0 13 0 139 0 0 0 0 0 0 0 0 0 0 0 0 0 0 0 0 0 0 0 0 11 1 0 1 1 0 1 1 1 1 0 1 1 1 0 1 1 1 1 1 1 2 0 2 1 1 1 2
928783 930700 904486 950112 1.01112e+06 892810 968052 874410 877042 898224 928438 895661 968707 937164 944044 877366 880898 944919 914812 905640 880879 883871 888681 953966 857494 894376 872325 0 0 0 3 55 0 56 0 0 0 0 0 58 0 59 0 0 60 0 0 0 0 19 87 0 32 0 0 1 1 0 1 1 1 0 1 1 1 1 0 1 1 1 1 1 1 1 2 1 1 2 1 1 2
1.05093e+06 1.10063e+06 995409 994649 984239 963235 988588 960690 997087 1.02412e+06 974618 1.00102e+06 1.04678e+06 995198 986068 996482 960914 968300 1.01669e+06 989238 1.01657e+06 1.00913e+06 978440 971631 1.00256e+06 966026 964274 0 42 0 0 0 0 0 0 0 0 0 0 0 0 0 0 0 0 0 0 0 0 0 0 0 0 0 0 1 1 0 1 1 0 1 1 0 1 1 1 1 1 0 1 2 0 1 2 1 1 1 1 2 1
1.04325e+06 1.0408e+06 987568 1.03933e+06 999651 992713 958923 1.02882e+06 971026 1.07343e+06 1.03113e+06 1.15298e+06 1.02099e+06 969870 1.01917e+06 1.00061e+06 987013 944881 981670 986585 1.03934e+06 950565 1.02702e+06 1.00672e+06 974294 977539 948676 0 0 0 0 0 54 0 19 0 13 0 164 0 0 0 0 0 0 0 0 36 0 0 0 0 0 0 1 0 1 1 0 1 1 1 1 0 1 1 1 1 1 0 1 2 0 1 2 1 1 2 0 2 1
938984 880346 877443 900036 901224 866859 877506 841302 830931 926337 874930 822539 812657 921306 846535 862005 819052 886668 869180 874967 845734 827776 841048 878556 839710 793831 835231 41 23 3 0 0 0 0 0 0 0 0 0 0 31 0 0 0 69 0 23 0 11 0 0 0 0 0 1 1 1 0 1 1 0 1 1 0 1 1 1 1 1 0 1 2 0 2 1 1 1 2 0 2 1
967043 846128 973915 835984 815749 798092 835836 826138 800961 835776 780705 824930 830920 823105 837794 780641 804873 833242 826632 830052 848847 872756 886594 835803 815278 813861 786419 10 0 98 0 0 0 0 0 0 0 0 0 12 0 0 0 0 0 0 0 1 0 123 3 0 11 0 1 1 0 1 1 0 1 1 1 0 1 1 1 1 1 0 1 1 1 1 2 0 2 2 1 1 2
849207 799837 816325 841462 833314 770553 820028 792429 929633 894062 822262 774226 824897 826803 825806 782570 793644 825940 837392 815828 777551 826882 771430 777524 757031 746851 788044 0 0 20 0 0 0 8 0 125 0 0 0 0 0 0 0 40 54 0 29 0 0 0 0 0 0 0 0 1 1 0 1 1 0 1 1 1 1 1 0 1 1 1 1 1 1 1 2 0 2 1 1 1 2
1.11713e+06 1.12845e+06 1.08317e+06 1.1291e+06 1.16234e+06 1.08294e+06 1.08364e+06 1.0762e+06 1.07491e+06 1.16227e+06 1.12122e+06 1.11067e+06 1.10198e+06 1.13829e+06 1.11217e+06 1.1644e+06 1.08133e+06 1.10346e+06 1.1488e+06 1.08813e+06 1.06599e+06 1.11072e+06 1.09022e+06 1.08142e+06 1.08733e+06 1.06226e+06 1.11356e+06 0 0 0 0 0 0 0 0 0 0 0 0 0 25 0 0 0 0 0 0 0 0 0 0 0 0 0 1 0 1 0 1 1 0 1 1 1 0 1 1 1 1 1 1 1 0 2 1 1 1 2 0 2 1
992247 988957 950869 944027 950070 953994 970523 941282 959951 955680 965188 908156 974830 992297 919220 966465 1.08021e+06 908330 970080 926862 924716 959938 916034 944059 903643 893945 881646 0 4 0 0 0 0 0 0 0 0 39 0 0 0 0 0 135 0 0 0 0 0 0 0 0 0 0 1 1 0 1 1 0 1 1 1 0 1 1 0 1 1 1 1 1 1 1 2 0 2 1 1 1 2
1.04514e+06 992944 994462 976833 950162 947464 978431 994272 960285 1.00869e+06 976692 974414 977970 905917 937841 938664 955081 970832 955999 974676 918180 951844 923143 973583 996312 981027 924799 0 0 0 0 0 0 0 0 0 0 0 0 0 0 0 0 0 0 0 0 0 0 0 0 0 19 0 0 1 1 0 1 1 0 1 1 1 0 1 1 1 1 0 1 2 0 1 2 1 1 1 1 2 1
1.16156e+06 1.18268e+06 1.17567e+06 1.19201e+06 1.18508e+06 1.17144e+06 1.22859e+06 1.11154e+06 1.17882e+06 1.16104e+06 1.19038e+06 1.11011e+06 1.22863e+06 1.17541e+06 1.11237e+06 1.14642e+06 1.12396e+06 1.10692e+06 1.19984e+06 1.12774e+06 1.15293e+06 1.15094e+06 1.1541e+06 1.12891e+06 1.18298e+06 1.11955e+06 1.11248e+06 0 0 0 0 0 0 0 0 0 0 0 0 0 0 0 0 0 0 0 0 0 0 0 0 0 0 0 1 0 1 1 0 1 1 0 1 1 1 1 0 1 1 1 1 1 1 1 1 1 1 2 0 2 1
1.00793e+06 963356 931883 1.06707e+06 961598 983753 978850 945837 998350 1.02188e+06 934830 937090 960505 961688 933905 995490 955485 938312 980041 984269 1.00342e+06 950315 1.00698e+06 935892 981390 937558 932157 0 0 0 20 0 0 0 0 0 0 0 0 0 0 0 0 0 0 0 0 0 0 17 0 0 0 0 1 0 1 1 0 1 1 1 1 0 1 1 1 0 1 1 1 1 1 1 1 1 2 1 1 1 2
690679 705855 665254 708153 704003 676055 657065 687484 689496 737824 773817 701318 715488 686861 728008 660464 668400 705146 753140 701982 738166 692664 702629 660259 681897 705398 673800 0 0 10 0 0 0 0 0 0 0 42 0 0 0 0 0 0 6 39 0 60 0 0 0 0 0 0 0 1 1 1 0 1 1 1 1 0 1 2 0 1 1 1 1 1 1 2 2 0 2 1 1 2 2
856410 818179 941497 864342 854702 846966 827157 818950 795544 844744 862651 835046 856376 853469 786680 773224 807983 762068 816867 830904 846793 821796 837964 798081 823905 820966 767159 0 0 85 0 0 56 27 0 11 0 29 0 55 29 0 0 0 0 0 0 4 0 0 34 0 18 22 0 1 1 1 0 2 0 1 1 1 1 1 1 1 1 1 1 1 1 1 2 1 2 2 1 1 2
789020 744747 807221 753287 791847 779008 763817 778495 732285 762667 796486 786229 851255 800170 872051 761992 795949 790324 724423 786734 770125 777426 728259 832830 729729 753271 750574 0 0 49 8 56 25 0 34 0 0 73 42 69 61 159 0 60 73 0 23 62 0 0 118 0 0 0 1 0 1 1 1 1 1 1 1 0 1 2 0 1 2 1 1 2 0 2 2 1 1 2 1 1 2
847879 827202 799954 838455 817777 786556 805047 876899 808235 886959 822296 810538 819568 815215 931503 842282 792020 805198 853487 810801 938675 782701 791377 798768 803001 788098 805608 0 0 0 0 0 0 0 46 0 32 0 0 0 0 98 0 0 0 14 0 102 0 0 0 0 0 32 1 1 0 1 1 1 0 1 1 1 1 1 0 1 2 1 1 1 1 1 2 1 1 2 1 1 2
857771 871791 860813 791749 813794 789562 850832 822877 790529 832515 827279 782334 808240 765712 798259 800943 791238 762692 828569 789633 827491 891681 803841 759639 785263 768545 737986 0 0 42 0 0 0 35 0 0 0 19 0 0 0 0 0 0 0 0 0 33 51 0 0 0 0 0 1 1 1 0 1 1 0 1 1 1 1 1 1 1 1 0 1 2 1 1 2 1 1 2 1 1 2
982091 1.04924e+06 991005 914044 989193 927249 985646 899812 958757 975778 958071 890207 1.04879e+06 984250 884882 892627 871255 996719 933358 882099 929208 920124 928662 896709 947593 894672 864746 0 54 40 0 32 0 29 0 59 0 0 2 114 0 0 0 0 144 0 0 0 0 0 0 0 0 0 0 1 1 1 1 1 0 1 1 1 1 1 1 1 1 0 1 2 1 1 2 1 1 1 1 2 2
974856 925291 913172 905319 920375 897394 992507 887121 870750 956514 879213 919913 939838 906632 877104 935027 871702 866826 906729 853901 872451 913105 858261 882614 893737 890728 877051 0 12 0 0 0 0 59 0 0 0 0 0 0 0 0 44 0 0 0 0 0 0 0 0 15 26 0 0 1 1 0 1 1 1 1 1 0 1 1 1 1 1 1 1 1 1 1 2 0 2 1 1 2 2
828618 848293 772779 822924 771946 803938 787977 759322 847168 798619 790886 788539 782932 738370 801241 789210 739046 735012 805748 890045 762021 810490 750857 744687 759564 769665 742342 0 0 0 0 0 0 0 0 68 0 16 0 0 0 0 0 0 19 0 108 17 0 0 0 0 0 0 0 1 1 0 1 1 1 1 1 0 1 2 0 1 1 1 1 2 0 2 2 0 2 1 1 2 2
918299 908247 883717 943260 866543 902584 904684 858792 896702 1.0281e+06 947309 908309 892480 877060 923870 923138 890552 904551 925402 905087 910931 927740 927116 842288 930283 868519 865558 0 0 0 0 0 0 0 0 0 64 0 0 0 0 0 9 4 23 0 0 0 0 0 0 0 0 0 0 1 1 0 1 1 0 1 1 1 1 1 1 1 1 0 2 1 1 1 2 1 1 2 1 1 2
934454 922826 942407 878638 946648 986181 931759 941027 886237 947444 890347 923264 909848 910721 895824 910011 896395 913130 956465 1.00504e+06 942478 959444 867104 850956 910498 861913 934873 0 0 0 0 0 0 0 18 0 0 0 0 0 0 0 0 0 0 12 69 0 0 0 0 0 0 0 0 1 1 0 1 1 1 1 1 0 1 1 1 1 1 0 2 1 1 1 2 1 1 2 1 1 2
988538 930300 948249 946106 1.05251e+06 932616 937363 917870 900540 949044 943602 899378 936512 912928 941776 937221 889850 963035 934515 946088 918524 907295 916355 979459 949988 889519 915561 0 0 0 0 118 0 0 0 0 0 0 0 0 0 3 0 0 57 0 0 0 0 0 73 0 0 0 0 1 1 0 1 1 1 1 1 0 1 1 1 1 1 1 1 1 1 1 2 1 1 2 1 2 1
1.01936e+06 1.03375e+06 985363 1.04966e+06 992527 969226 992847 973454 971624 992135 969701 999144 946233 974159 947082 995147 990796 928236 972076 982728 968940 998494 979932 918923 966907 957943 989117 0 0 0 18 0 0 0 0 0 0 0 14 0 0 0 0 15 0 0 0 0 0 0 0 0 0 0 1 1 0 1 1 1 0 1 1 1 1 1 0 1 1 1 1 1 1 2 1 1 1 2 1 1 2
992463 927145 968568 957406 932804 975400 962075 921317 949503 964375 979478 935116 931021 988907 927794 975150 936071 912377 1.00374e+06 922170 899598 927734 912473 917235 950976 960702 950624 0 0 0 0 0 0 0 0 0 0 0 0 0 0 0 0 21 0 0 0 0 0 0 0 0 0 0 1 0 1 1 1 0 1 1 1 0 1 1 1 1 1 1 1 1 1 1 2 1 1 2 1 1 2
934149 920031 971009 959743 983345 932075 959302 919693 947067 980126 1.03491e+06 900433 953181 939363 930032 929472 947742 904259 962425 883316 894327 969316 883964 899768 910000 939128 878419 0 0 0 0 0 0 0 0 0 0 81 0 0 0 0 0 7 0 0 0 0 0 0 0 0 0 0 0 1 1 0 1 1 1 1 1 0 1 1 1 1 1 1 1 1 1 1 2 1 1 2 0 2 2
1.01142e+06 1.01726e+06 969894 925893 952797 934410 992371 983371 1.05396e+06 1.01567e+06 1.02636e+06 1.01448e+06 969976 977187 933262 970696 957136 929312 946830 958818 919430 954517 941722 914243 934659 940496 945147 0 0 0 0 0 0 0 0 126 0 0 43 0 0 0 0 0 0 0 0 0 0 0 0 0 0 0 0 1 1 0 1 1 0 1 2 0 1 2 0 1 1 1 1 1 1 1 2 1 1 2 1 1 2
749072 735032 709643 766624 713120 708766 747366 693605 829281 755393 728680 782628 716650 926019 850177 713512 786036 689022 786340 769947 736367 724169 717336 693356 748474 708228 728523 0 4 0 12 0 0 15 0 104 1 0 38 0 185 129 0 69 0 21 50 0 0 12 0 0 0 20 0 1 1 1 1 1 0 1 2 0 1 2 0 1 2 1 1 1 1 1 2 1 2 1 1 2 2
789190 793212 826812 778690 814003 756315 776740 777500 770968 780456 749694 765411 822260 740562 790139 778138 767985 853817 837153 740173 779840 782539 869850 742746 782034 786372 812203 0 0 36 0 40 0 0 0 0 0 0 11 37 0 26 0 0 119 42 0 0 0 92 0 0 29 33 1 0 1 1 1 1 0 1 1 1 1 1 1 1 1 1 1 1 1 2 1 1 2 2 0 2 2
851900 859696 771423 793295 746136 755254 758489 759125 778162 825443 791198 802333 782467 786799 886482 776757 755622 767102 784377 725741 795371 768361 792705 729779 769540 851483 745659 0 82 12 0 0 0 0 0 0 0 6 0 0 0 151 0 0 0 0 0 29 0 10 0 0 75 0 1 1 1 0 1 1 0 1 1 1 1 1 1 1 1 1 1 1 1 2 2 1 1 2 1 1 2
731094 790181 697348 720986 685446 718089 748476 702073 679185 771043 684910 720478 697904 702506 674544 666803 692822 713556 742486 706171 681352 716859 681366 675746 715752 692476 777392 4 40 0 7 0 0 19 0 0 36 0 0 0 0 0 0 0 0 0 8 0 0 0 0 0 0 92 1 1 1 0 1 1 1 1 1 0 1 1 1 1 1 1 1 1 1 2 1 1 2 1 1 2 2
799582 656316 764606 756406 724620 656045 685019 709650 680951 757255 646115 657784 689671 641646 782750 678496 652998 679039 742464 674810 732373 655595 641528 660427 647878 780041 618378 111 0 77 74 52 24 23 38 40 52 0 0 0 0 119 22 0 17 82 36 105 0 0 41 0 150 0 1 0 2 0 1 1 1 1 1 1 1 1 0 1 2 1 1 1 1 2 2 1 1 2 1 2 2
807526 775428 754718 797076 736009 773792 767339 762158 732611 793736 782480 764867 765410 785851 759347 780903 742044 778876 775664 764318 759147 774768 807914 741121 765560 732183 723437 0 0 0 0 0 0 0 0 0 0 0 0 0 0 0 0 0 0 0 0 0 0 31 0 0 0 0 0 1 1 0 1 1 1 1 1 0 1 1 1 1 1 1 1 1 1 1 2 1 1 2 1 2 1
743504 782535 730419 745922 728242 750931 753987 720441 717979 730758 770414 752195 730146 782662 702537 727992 701405 691521 733362 703092 751730 760682 703448 731915 725560 705027 710520 0 44 0 0 0 19 0 31 0 0 28 0 0 40 0 0 0 0 0 0 34 0 0 0 0 0 0 1 1 1 0 1 1 1 1 1 0 1 2 0 1 2 0 1 2 1 1 2 1 1 2 1 1 2
758934 743478 713796 740571 666619 700359 721772 717886 693049 750750 769359 717426 738654 866493 728414 738526 712056 704220 728039 733628 727290 719875 683633 703947 814304 705662 711494 11 0 0 0 0 0 0 20 0 0 0 0 0 130 31 0 0 0 0 30 0 0 0 0 94 0 0 1 0 1 1 1 1 0 1 1 1 1 1 1 1 1 1 1 1 1 2 1 1 1 2 1 2 2
842763 803330 757535 828638 791763 791107 813598 764924 769731 840011 810717 789291 985278 798118 809667 768248 788802 792166 803607 793926 776398 778802 801495 781268 821534 797575 764301 0 0 0 0 0 0 0 0 0 0 0 0 169 0 34 0 0 0 0 0 5 0 41 0 0 0 0 0 1 1 1 0 1 1 1 1 0 1 1 1 1 2 0 1 2 1 1 2 1 1 2 1 1 2
726598 780896 699497 703813 679942 673801 691458 661602 681518 723043 675454 749398 693788 673383 683476 717044 660366 660896 688541 661630 852165 704677 682574 732479 721522 653332 664130 0 74 0 0 0 6 0 0 0 0 0 55 0 0 4 0 0 0 0 0 187 0 0 48 40 0 23 1 1 1 0 1 1 1 1 1 0 1 2 0 1 2 0 1 2 1 1 2 1 1 2 1 2 2
945784 952294 953358 925829 876624 911418 924905 918332 877413 950297 956377 901905 936545 899599 908117 931794 913175 908404 925737 925881 946030 898072 913178 902154 896220 885952 878692 0 0 19 0 0 10 0 0 0 0 0 0 0 0 0 0 0 0 0 0 0 0 0 0 0 0 0 0 1 1 1 0 1 1 1 1 1 0 2 0 1 2 0 1 2 1 1 1 1 2 1 1 2 2
813421 793898 827207 788519 758046 802892 803904 773515 753098 809542 796470 784665 816254 759079 743670 790880 780592 739924 798396 774406 769898 776944 762294 738747 810849 755954 745376 39 0 0 0 0 0 0 0 0 0 0 0 0 0 0 0 0 0 0 0 0 0 0 0 0 0 0 0 1 1 1 0 1 1 1 1 1 0 2 0 1 2 0 1 2 1 1 1 1 2 1 1 2 2
885182 806580 790905 821827 816862 795214 804392 784015 780242 862931 806838 810282 791530 777920 778191 811038 791683 783300 818880 801470 809728 845453 799111 786955 808017 840382 752220 0 0 0 0 0 0 0 0 0 0 0 0 0 0 0 0 0 0 0 0 0 0 0 0 0 46 0 0 1 1 0 1 1 1 1 1 0 1 1 1 1 1 1 1 1 1 2 1 1 1 2 1 2 2
922519 861911 1.0043e+06 871116 864450 844000 914582 824262 863331 888326 917749 841556 834546 832640 840123 869553 842624 835004 862960 818469 935805 883146 846114 843429 813510 946432 812688 17 0 112 0 0 0 65 0 16 0 50 0 0 0 0 16 0 0 0 0 78 0 0 0 0 98 3 0 1 1 1 1 1 0 1 2 0 1 1 1 1 1 1 1 2 1 1 2 1 2 2 1 2 2
810457 811895 774468 821188 779283 823142 793770 767346 769729 790358 792728 779170 771661 777220 783806 776911 769104 759844 808795 760144 815140 762087 780083 799502 811592 780904 758422 0 10 0 0 0 0 0 0 0 0 0 0 0 0 0 0 0 0 0 0 13 0 0 43 0 0 0 1 1 1 0 1 2 0 1 1 1 1 1 1 1 1 1 2 1 1 1 2 0 2 2 1 1 2
788496 760878 737117 800612 731898 753065 773382 793007 707510 780262 736829 727072 743098 721158 738953 717225 714252 777178 764369 824131 736349 752977 874050 747863 728753 741102 811017 13 0 0 18 0 0 0 24 0 8 0 0 0 0 6 0 0 21 5 76 0 0 131 20 0 0 47 0 1 1 1 1 1 0 2 1 0 1 2 0 1 2 0 2 1 1 2 1 1 2 2 1 2 2
863816 875437 877556 808933 830473 835579 837841 811610 876525 816929 837337 858852 823491 786412 871846 820787 800760 795246 815723 787825 789359 811962 817603 852600 779166 781469 819096 0 0 32 0 0 9 4 4 84 0 35 39 13 0 65 0 0 3 2 0 0 0 0 30 0 0 0 0 1 1 1 1 1 1 1 1 1 1 1 1 1 1 1 1 2 0 2 2 0 2 2 1 2 2
786795 775503 735408 775464 762069 746334 780664 760889 789824 751933 769899 733592 759822 750302 747063 819356 704939 731712 750987 726359 753047 726505 718938 699988 698658 753283 776542 0 0 0 0 0 9 25 0 60 0 15 0 0 0 11 45 0 5 0 0 0 0 0 0 0 21 39 0 1 1 0 1 1 1 1 1 1 1 1 1 1 1 1 1 2 0 2 2 1 1 2 1 1 3
733123 737097 701493 688988 715724 697508 713231 739884 661416 708632 699446 685883 705862 726657 675009 788068 652318 707128 729383 716949 691899 675917 669981 641695 724470 670042 670044 0 13 0 0 0 0 14 35 0 0 0 0 4 38 0 64 0 31 15 27 0 0 0 0 42 2 2 0 1 1 1 1 1 0 1 1 1 1 1 1 1 1 1 1 2 1 1 2 1 2 1 2 1 3
871068 841605 862029 885236 826480 802912 900808 840901 815958 879693 895264 822025 847032 841693 814490 821918 832627 813181 843188 815669 789723 827872 809314 810433 828315 819530 802830 0 0 28 39 0 0 46 0 0 11 28 0 0 0 0 0 0 13 0 0 0 0 0 0 0 0 0 0 1 1 1 0 1 1 1 1 1 1 1 1 1 1 1 1 2 0 2 1 1 2 2 1 1 2
854590 869464 836184 842860 848083 863133 837235 803958 835593 880635 831952 846081 872687 861393 834366 861072 853475 806854 880713 825608 826654 852080 912022 820969 841586 821852 816863 0 0 0 0 0 0 0 0 0 0 0 0 0 0 0 9 50 0 0 0 0 0 54 0 0 0 7 1 0 1 1 1 1 0 1 1 1 1 1 1 1 1 1 1 2 1 1 2 1 1 2 1 2 2
840698 833258 832408 838946 838816 805540 814132 827782 821419 835297 915228 836295 921877 834380 808067 819251 780632 788917 821135 900439 806773 878018 798653 798465 817559 786484 784013 0 0 7 0 26 0 0 0 8 0 81 0 65 8 0 0 0 0 3 85 0 47 0 0 1 0 0 0 1 1 1 1 1 0 1 2 0 1 2 0 1 2 0 1 2 1 1 2 1 1 2 1 2 2
789021 776964 786563 798050 769639 784092 783194 757047 764673 766621 795064 821332 820655 782526 773834 815326 835646 762506 778098 755288 748671 777083 782365 780417 744119 761441 738100 0 0 0 0 0 0 0 0 0 0 9 20 0 0 0 0 51 0 0 0 0 0 0 0 0 0 0 0 1 1 1 0 1 1 1 1 1 1 1 1 1 1 1 1 1 1 2 1 1 2 1 1 2 2
752971 751621 803040 854514 736774 723142 766873 791620 749782 793935 744456 752798 801822 753089 740366 821085 753753 769637 798682 795104 747207 738528 762451 745085 739277 753350 752705 0 0 28 57 0 0 0 18 0 1 0 0 29 0 0 82 0 0 26 28 0 0 0 0 0 0 0 1 0 1 1 1 1 1 1 1 0 1 1 1 1 1 1 1 2 1 1 2 1 2 1 1 2 2
784012 750814 733818 733958 731741 684185 722706 712918 729822 719414 723148 709426 735661 734242 711448 702530 700230 716013 712091 709815 712135 727316 681222 718194 709302 727621 724784 17 0 0 0 0 0 0 0 0 0 0 0 0 0 0 0 5 0 0 0 0 0 0 0 0 0 0 1 0 1 1 1 1 0 1 1 1 1 1 1 1 1 1 1 2 1 1 2 1 1 2 1 2 2
928360 903644 904281 937274 906059 891394 884858 890473 903657 904236 889804 867850 923094 906132 887411 894675 867426 893280 904890 899297 900657 883344 882425 840684 879799 846589 848284 0 0 0 0 0 0 0 0 0 0 0 0 0 0 0 0 0 0 0 0 0 0 0 0 0 0 0 0 1 1 0 1 1 1 1 1 0 1 2 0 1 1 1 1 2 1 1 2 0 2 2 1 1 2
837122 838626 787854 799996 840197 775674 794910 792234 789605 812114 815567 843040 816701 812992 791399 829365 772008 775348 817217 784887 788887 809354 769443 779276 798194 806554 789614 0 0 0 0 0 0 0 0 0 0 0 27 0 0 0 0 0 0 0 0 0 0 0 0 0 0 0 1 0 1 1 1 1 0 1 1 1 1 1 1 1 1 1 1 2 0 2 2 1 1 2 1 1 2
803415 798884 824486 797708 787448 805775 768118 799864 779504 801284 784694 783886 800650 778721 775242 788482 766014 769354 804235 787225 843291 773467 765420 779239 765145 776828 738977 0 0 0 0 0 28 0 0 0 0 0 0 0 0 0 0 0 0 0 0 42 0 0 0 0 0 0 1 0 1 1 1 1 1 0 2 0 1 1 1 1 1 1 1 2 0 2 2 1 1 2 1 2 2
819510 815447 816094 800714 784900 772552 818819 837869 807094 835858 825223 787083 854289 787023 788619 808838 763758 779866 813576 802870 767812 791559 772442 775953 812115 841740 772239 0 0 0 0 0 0 0 21 0 0 0 0 0 0 0 0 0 0 0 0 0 0 0 0 11 67 0 0 1 1 0 1 1 1 1 1 1 1 1 0 1 2 0 2 1 1 1 2 1 1 2 1 2 2
909313 892031 900219 907064 902037 884395 892918 857816 858092 896783 881098 894341 971922 849569 855212 896766 869354 861151 883638 870867 894507 863014 885653 865369 881674 858059 826375 0 0 0 0 0 0 0 0 0 0 0 0 46 0 0 0 0 0 0 0 0 0 0 0 0 0 0 0 1 1 1 0 1 1 1 1 1 1 1 1 1 1 1 1 1 1 1 2 1 1 2 1 2 2
