1 375 
2 386 
3 446 
4 382 
5 367 
6 408 
7 363 
8 430 
9 395 
10 358 
11 419 
12 417 
13 291 
14 391 
15 419 
16 485 
17 497 
18 435 
19 417 
20 488 
21 442 
22 365 
23 491 
24 469 
25 415 
26 399 
27 420 
28 416 
29 416 
30 456 
31 519 
32 471 
33 502 
34 453 
35 433 
36 512 
37 493 
38 424 
39 400 
40 416 
41 456 
42 459 
43 524 
44 521 
45 505 
46 340 
47 337 
48 325 
49 368 
50 354 
51 398 
52 382 
53 297 
54 329 
55 334 
56 366 
57 354 
58 439 
59 378 
60 321 
61 421 
62 389 
63 438 
64 329 
65 319 
66 391 
67 402 
68 356 
69 405 
70 420 
71 372 
72 373 
73 434 
74 384 
75 394 
76 384 
77 385 
78 451 
79 421 
80 330 
81 423 
82 428 
83 354 
84 358 
85 314 
86 346 
87 333 
88 430 
89 375 
90 374 
91 294 
92 275 
93 320 
94 348 
95 381 
96 327 
97 264 
98 360 
99 325 
100 299 
101 301 
102 293 
103 309 
104 237 
105 305 
106 326 
107 289 
108 325 
109 338 
110 353 
111 261 
112 340 
113 306 
114 405 
115 342 
116 328 
117 283 
118 300 
119 334 
120 329 
121 324 
122 355 
123 326 
124 380 
125 374 
126 378 
127 301 
128 426 
129 354 
130 420 
131 387 
132 374 
133 373 
134 330 
135 325 
136 310 
137 340 
138 333 
139 267 
140 402 
141 285 
142 328 
143 297 
144 346 
145 328 
146 405 
147 257 
148 284 
149 328 
150 358 
151 261 
152 338 
153 381 
154 346 
155 408 
156 367 
157 309 
158 360 
159 368 
160 268 
161 334 
162 310 
163 321 
164 375 
165 390 
166 370 
167 332 
168 397 
169 381 
170 298 
171 389 
172 367 
173 326 
174 360 
175 428 
176 353 
177 435 
178 320 
179 381 
180 363 
