1 357 
2 377 
3 382 
4 371 
5 386 
6 349 
7 400 
8 318 
9 396 
10 341 
11 375 
12 359 
13 327 
14 386 
15 387 
16 478 
17 411 
18 468 
19 436 
20 419 
21 394 
22 464 
23 402 
24 368 
25 430 
26 419 
27 415 
28 403 
29 359 
30 458 
31 459 
32 442 
33 368 
34 419 
35 440 
36 494 
37 408 
38 415 
39 482 
40 495 
41 397 
42 474 
43 477 
44 502 
45 423 
46 362 
47 295 
48 256 
49 325 
50 323 
51 370 
52 340 
53 309 
54 290 
55 336 
56 317 
57 349 
58 399 
59 308 
60 332 
61 350 
62 364 
63 306 
64 388 
65 341 
66 293 
67 335 
68 355 
69 365 
70 359 
71 388 
72 384 
73 371 
74 399 
75 359 
76 320 
77 321 
78 369 
79 378 
80 303 
81 342 
82 327 
83 455 
84 373 
85 375 
86 355 
87 414 
88 395 
89 418 
90 396 
91 329 
92 275 
93 314 
94 352 
95 312 
96 313 
97 312 
98 342 
99 301 
100 323 
101 284 
102 290 
103 368 
104 357 
105 312 
106 287 
107 339 
108 388 
109 275 
110 321 
111 345 
112 345 
113 373 
114 328 
115 361 
116 427 
117 312 
118 351 
119 315 
120 346 
121 332 
122 348 
123 263 
124 405 
125 292 
126 420 
127 407 
128 398 
129 304 
130 285 
131 344 
132 320 
133 411 
134 339 
135 419 
136 328 
137 360 
138 382 
139 403 
140 358 
141 327 
142 365 
143 294 
144 280 
145 310 
146 352 
147 263 
148 344 
149 329 
150 307 
151 399 
152 287 
153 376 
154 390 
155 311 
156 314 
157 329 
158 368 
159 396 
160 293 
161 335 
162 345 
163 351 
164 358 
165 333 
166 363 
167 318 
168 321 
169 371 
170 436 
171 300 
172 389 
173 379 
174 360 
175 353 
176 338 
177 400 
178 351 
179 336 
180 326 
