1 399 
2 351 
3 399 
4 358 
5 377 
6 415 
7 413 
8 296 
9 368 
10 372 
11 354 
12 317 
13 294 
14 375 
15 368 
16 480 
17 469 
18 444 
19 455 
20 477 
21 390 
22 327 
23 454 
24 413 
25 406 
26 413 
27 326 
28 396 
29 381 
30 450 
31 558 
32 482 
33 483 
34 474 
35 429 
36 467 
37 467 
38 462 
39 462 
40 445 
41 411 
42 450 
43 365 
44 515 
45 438 
46 306 
47 421 
48 315 
49 335 
50 329 
51 325 
52 380 
53 268 
54 319 
55 300 
56 267 
57 325 
58 342 
59 293 
60 307 
61 348 
62 419 
63 346 
64 327 
65 316 
66 301 
67 354 
68 439 
69 310 
70 411 
71 365 
72 397 
73 403 
74 338 
75 319 
76 378 
77 324 
78 346 
79 411 
80 368 
81 403 
82 421 
83 389 
84 457 
85 331 
86 359 
87 309 
88 442 
89 404 
90 389 
91 355 
92 384 
93 270 
94 363 
95 330 
96 350 
97 366 
98 291 
99 299 
100 360 
101 342 
102 314 
103 376 
104 327 
105 252 
106 335 
107 309 
108 345 
109 271 
110 338 
111 301 
112 331 
113 353 
114 344 
115 378 
116 337 
117 377 
118 308 
119 339 
120 349 
121 455 
122 382 
123 339 
124 375 
125 387 
126 391 
127 406 
128 374 
129 391 
130 365 
131 383 
132 345 
133 334 
134 402 
135 438 
136 347 
137 380 
138 318 
139 305 
140 266 
141 329 
142 342 
143 268 
144 357 
145 312 
146 348 
147 302 
148 371 
149 295 
150 349 
151 356 
152 335 
153 370 
154 346 
155 396 
156 336 
157 324 
158 313 
159 384 
160 348 
161 339 
162 302 
163 351 
164 388 
165 396 
166 420 
167 310 
168 378 
169 418 
170 432 
171 368 
172 315 
173 422 
174 327 
175 330 
176 342 
177 348 
178 347 
179 368 
180 386 
