1 289191 312688 317152 316418 298058 318418 325476 318514 298687 317061 314780 317995 284947 304732 314559 316753 292166 311376 312050 315393 284305 309176 316984 303277 
2 317354 325576 311557 330140 305925 313400 313745 316575 300024 314642 312902 324248 298679 296018 310535 318376 298161 305150 319478 321437 296239 306983 321585 313174 
3 329605 330535 349791 354570 311382 355404 346790 350694 318777 348977 349339 346439 302660 334171 353009 339793 319612 348856 346563 340062 316013 343401 341016 342235 
4 316679 343614 356252 344208 317918 343336 342752 355740 325439 351501 350593 353759 323423 345226 340668 346978 324873 335410 352663 355399 319298 345526 343131 347474 
5 296156 318464 311652 322776 294578 314399 309498 319702 294445 324952 313812 308865 292925 300102 317295 311058 279764 312016 308141 317320 281660 308075 316984 305957 
6 356797 364900 364281 355873 351115 363831 376661 378913 337692 378067 374466 384626 340092 359362 364270 366431 344434 361632 367668 372977 346700 367090 362539 357297 
7 344833 380746 381479 380325 348009 381083 382869 378459 335807 369001 363622 378662 354712 365368 371177 375107 352947 384791 366878 367900 344635 370483 364021 372051 
8 310300 326479 307983 321611 281646 312603 317879 315349 283651 302710 318430 318363 289508 308911 309686 315639 289764 310835 318600 316806 290554 306654 317796 301050 
9 333813 361821 355890 361652 334001 355538 358639 343915 341520 359111 343802 361188 327801 356297 352146 352908 323168 355228 354665 368654 324386 355279 343471 355997 
10 320474 356087 356528 356329 323210 351710 355528 353995 322831 352390 348359 340321 315786 350574 344633 349683 327469 343422 349663 354957 318796 347717 353980 343167 
11 365827 393086 392419 403788 365520 389539 398667 395362 373269 400922 398518 401721 364784 385935 389483 397355 364853 385454 400178 399877 369165 375291 389698 385649 
12 326427 350969 360082 362892 325501 347755 359847 358290 330923 349716 360082 347095 324294 348698 360082 356454 336229 353991 359456 361059 327993 346540 353738 352523 
13 312775 330868 339033 324857 308209 331984 328056 334196 320698 338894 340274 339750 307912 329661 334915 338358 289625 334349 333345 339171 304493 329529 332165 332501 
14 348929 375802 376630 386145 344818 365567 374507 370728 353364 367573 372350 374578 350101 367002 373907 372860 352586 369009 363744 367410 344198 363512 372329 373391 
15 371378 371710 389036 385026 357033 377322 388787 388513 358585 384112 385067 382122 358453 377407 378376 376744 347230 379040 381889 378467 359987 370330 375222 384140 
16 326906 336719 334559 344326 322593 318167 337766 340364 318827 332588 342071 345065 308916 326961 335440 327780 319173 337950 338049 340497 319122 334175 342960 333724 
17 248473 251591 261163 253288 241592 253906 253356 250668 241997 245829 248610 251526 239685 248476 256519 243215 249531 255837 256264 251066 241049 252738 243449 245094 
18 290352 305114 314617 294267 290077 298129 294352 300791 280383 294356 296818 293540 282094 283046 284623 283896 280262 300357 292106 297283 267148 288783 288718 290910 
19 280796 290897 302318 295171 281227 297455 295042 298412 284493 283590 293979 283834 267445 274976 291185 286128 264658 289734 291362 299274 276309 272837 286430 290543 
20 347291 360087 362094 360827 338252 356225 367388 361912 347745 364433 369635 365838 345982 360807 361890 354759 344222 350842 364805 357519 345066 354833 361192 353855 
21 308724 322083 328877 333911 300548 321617 325228 324382 312668 313293 314534 324066 301149 313175 317804 315564 312349 316047 318672 325640 301516 310257 315463 314562 
22 288555 301257 297513 295452 278064 293148 298086 305465 281911 301886 303705 299562 281947 291563 302466 294444 283121 299801 301013 298797 288652 295597 293849 299626 
23 335675 349421 346845 352237 331894 340643 356808 352276 329314 356507 338454 360100 330022 348991 343297 344527 335797 344964 347801 351002 321928 335560 348554 342804 
24 337090 344609 364922 348838 342972 350955 341199 360375 339698 330647 354266 348138 327286 327533 357443 340059 333764 344784 348361 356244 322423 346547 346602 335367 
25 322107 330853 338736 338411 313856 331394 329957 335009 319768 335631 339085 329715 308310 338302 323169 330109 307892 336362 331226 330368 303255 332326 330345 330064 
26 318381 342436 332424 329654 315064 305186 323074 328267 307437 315720 324720 324904 300725 321283 323469 328701 310027 330501 323092 320485 308576 318037 317551 318394 
27 303593 327643 318500 333130 310951 306936 326350 332772 316804 317947 323796 314636 297745 321167 312946 322755 307999 313537 320835 322352 294523 308339 316689 317917 
28 310171 313402 309359 314752 290312 296892 315410 311044 295856 302946 305293 321111 288585 310499 317872 314972 297050 315226 319499 316589 291578 309290 310690 307484 
29 319901 341929 331821 336755 326069 339315 343016 346959 325958 339136 343965 344949 321303 328731 340653 337803 319837 337524 327544 338210 320597 330953 340467 321733 
30 304863 323564 315622 319501 295747 300474 317392 314286 301570 313193 310080 312002 297952 311138 309740 308086 289237 304745 312242 306785 295824 302324 301990 309681 
31 304575 298170 303839 305325 292022 289753 308225 296413 295148 302689 305605 300262 290133 294827 293589 303312 284645 299300 294484 301310 286159 293695 286970 299231 
32 290182 300804 293956 303612 289850 299838 301491 306427 290070 299313 301958 300167 288056 293496 303214 298485 289984 290118 291404 290936 287431 295527 298579 297644 
33 284430 288582 298872 293849 282858 289633 288527 288913 280112 290062 286167 287217 285044 286192 283210 288012 283667 287442 288388 290899 275222 280554 285042 285813 
34 305567 315030 306738 308087 304737 311291 304163 320105 300113 308226 308441 303980 302459 301168 308514 314058 302609 309069 314286 315926 297824 307742 304645 306604 
35 222547 242110 238625 250467 220999 233584 231925 248987 225624 242901 241611 241315 226275 229475 236431 229667 227145 228842 237956 232908 226889 238777 232884 234653 
36 331387 342736 324138 336779 336894 341042 342392 336701 324551 339474 331459 341130 313606 342367 324201 329360 318509 338847 340961 338064 317746 329258 334315 328443 
37 356716 360716 353583 377953 358946 368466 375113 369538 357852 348212 365688 363800 348762 357455 361076 363153 351185 360072 371608 364322 352382 362461 350301 361573 
38 240342 244921 241951 265864 239546 248221 257074 252470 235881 251163 247600 254085 240327 244212 242603 249934 239420 250340 244753 241962 242088 245620 251143 249870 
39 261853 280579 272289 273523 260850 267845 274824 269886 260764 268960 268704 267164 252432 268656 262774 274323 260965 271408 265282 273966 260676 262894 262137 269338 
40 270312 280896 288368 285284 266802 285568 278187 287738 268128 283502 274648 277562 262816 281099 277170 266712 272703 277508 264453 280902 247074 269046 275362 273334 
41 338386 354271 357010 369170 339502 343330 364159 359603 352832 349887 363829 348994 345866 344661 357303 356901 335696 347252 350294 350631 343793 352868 356582 365606 
42 329643 339421 351240 349980 334201 341299 341521 339153 334234 326016 347790 348721 317753 333591 330968 349316 337158 338971 348266 346378 329280 324540 345245 338300 
43 311246 330961 326443 330415 314240 315243 316689 328070 309841 323464 324797 325691 316603 323782 325040 319407 301530 317795 322633 319269 303531 326390 319437 319135 
44 283910 289800 305258 303154 283167 292473 298900 296990 273381 290214 304254 296500 281966 294871 287813 292906 279967 293265 296740 297324 277373 294885 298128 300781 
45 268107 310857 292820 294956 282889 289039 292542 303940 283501 295649 293416 299332 272937 295988 293840 297804 283338 291058 298440 299269 281945 291981 282502 294981 
46 248309 252917 270263 257008 251074 259156 261595 266439 254956 262385 256453 254325 249083 252224 256719 262782 244827 258671 262184 254193 247445 257861 257399 248462 
47 268035 282186 269972 279636 277204 283062 278020 287321 271351 279721 275306 278842 271927 272288 277899 279327 269453 275401 276305 280084 274703 278608 282069 274590 
48 273629 285220 292424 283692 280791 286570 285182 291663 285178 279991 282653 283710 280270 278004 284568 285171 280207 284739 284709 292347 278829 281121 286039 282658 
49 260700 272801 270868 270826 244643 260265 261013 262922 259825 257504 259549 272830 253775 253037 261540 264199 255159 249814 260563 256992 250301 254823 256369 254610 
50 288712 295472 292293 290656 286413 290152 288559 292494 290069 295023 294147 301739 287438 286956 289186 288560 288900 284014 295030 296007 275700 287817 290457 292000 
51 320185 316640 314488 313072 303847 305381 312916 309964 303045 308184 309584 320188 293916 309374 301911 304515 301270 306974 308057 313696 299718 305941 308431 308257 
52 266557 285876 275881 283008 266777 270652 280203 275231 268461 282133 275839 283279 265628 273622 270305 278876 267762 274021 276490 282741 265578 273527 268347 271337 
53 245476 247643 252820 247243 242167 243828 249696 248964 244786 249216 249382 257751 239241 247672 246467 249469 244110 242400 241448 245404 241239 250753 246578 250918 
54 259274 272088 272871 271853 266106 257470 268971 269069 268989 270167 269671 269448 260053 256670 267445 263576 259441 277498 270537 267536 261789 266953 264625 266719 
55 262392 272873 280947 279304 261567 263862 259220 264662 267426 266583 273290 277895 260294 269020 267396 264941 260853 273269 267294 276335 259655 259927 271366 266311 
56 315226 323708 326873 334762 305315 319719 320097 324517 314407 314323 333890 315231 305445 313499 313868 328775 313636 327594 329700 319930 313314 319153 321013 318351 
57 321610 345981 350303 360075 330714 340028 348316 353913 331015 337986 340334 342974 330175 344365 340676 346554 337074 341841 343201 344934 325704 343322 338433 328995 
58 281779 290734 300147 306466 288986 300115 299860 289014 288823 301921 300230 303467 287824 298950 304363 297541 295659 294986 295018 300052 288063 302215 304740 303775 
59 231291 246089 243460 247048 232260 235172 245015 242743 231437 237632 244403 243533 231009 236150 247142 229941 226654 239447 243669 239895 231676 239099 241101 231357 
60 277246 291734 296512 293201 284851 290573 295862 293015 283480 286557 289769 280033 279867 277514 286259 287812 277790 291161 293201 293201 273693 283353 282118 292323 
