1 296967 312244 314836 321961 296539 314590 321692 319675 288925 323002 305659 310710 292510 314796 314809 304296 296501 316245 317963 316672 283881 314803 316539 300982 
2 291435 309286 317639 318296 286084 321030 321007 318162 291680 322226 315348 326967 291553 305299 316793 313847 299142 315985 322529 313956 297756 309368 311188 314155 
3 324548 338702 343132 346913 319484 350378 352711 349882 316034 354739 344999 360006 323275 337438 344533 347947 325111 333120 349749 343575 302525 337000 345785 347361 
4 324633 362072 345091 338921 318659 342432 352509 355005 333541 345942 342067 353426 321272 336075 342846 353258 318441 338112 338887 344201 329602 342570 341742 344664 
5 302606 309828 317459 315925 289877 315337 314558 312298 298717 320875 313164 319334 291327 308784 313080 316627 299170 312748 306833 309637 294403 300208 314393 307459 
6 349915 374258 364338 374886 346266 372663 369410 364472 345374 374067 375000 371914 332725 369526 361724 368805 349667 375951 378483 375569 337148 362753 363800 370353 
7 356694 374369 386729 381346 345994 367999 371566 368497 352379 381786 372972 383754 347288 375111 368197 373070 341576 372751 365550 372111 338476 373041 377728 383978 
8 294007 314192 321973 324040 282510 318527 313072 315888 297889 303818 320908 317357 279828 303319 315257 306230 297866 317694 313635 304658 289824 313796 306511 302876 
9 331591 363805 359064 348528 338542 354110 358825 348532 334936 355946 337459 356952 323793 352844 343085 354086 324409 349918 362759 357337 328841 349732 351901 356231 
10 326265 355653 358448 342844 332576 352736 354126 346895 328399 360403 352497 353070 319540 348248 352859 346757 324453 337533 352696 351774 317554 347085 346698 351306 
11 367677 407248 394480 406043 363210 386218 396082 389864 374440 388940 400343 395652 357513 399403 390684 397500 360151 379953 399505 395684 360271 387781 383990 390269 
12 311077 339888 357195 359259 319366 356869 354913 357560 330238 355870 349442 356107 328303 352527 346461 347500 341689 343795 357049 351997 322684 351200 357596 354624 
13 322160 332094 338705 331860 316698 332809 322504 329642 317842 318621 337223 335678 313509 325879 334523 334498 312728 329274 331865 334010 310045 330215 338984 339542 
14 344455 373925 372968 392959 352291 366032 374848 374267 348495 371479 371267 368104 348720 366498 368933 371322 352051 364344 375732 374266 342462 367882 368536 367845 
15 353726 388355 372299 391142 346958 365851 383584 386066 358974 385103 389406 378414 354478 375999 378580 385573 347576 381702 382426 375995 356836 376050 375776 382452 
16 309806 338253 352095 330279 316273 348122 330075 324304 330512 343309 341713 333235 322536 335514 341231 333752 323196 335009 322305 328556 311338 337907 328742 338028 
17 244787 258498 250366 252030 241835 243257 262413 252460 242869 250302 247148 252728 234242 243659 247582 249796 247892 246611 259956 257768 241407 248091 247144 255233 
18 288155 287884 281175 292955 291015 305563 278465 300029 289780 272649 292971 287082 280263 279214 291836 290246 269001 286492 297897 289639 276024 292796 293305 292598 
19 293957 273167 278288 305441 275394 289188 291221 292294 277866 288826 289952 294342 276243 285785 286938 270546 274968 289393 292800 296002 264461 280366 288298 279069 
20 354041 361525 377651 379738 339264 345327 366429 354683 347250 354949 359170 374195 341781 361822 359865 360752 343964 366390 358315 363632 338566 353101 355508 358630 
21 319876 321773 313965 339033 307404 323477 320800 301784 313280 325142 321770 319912 310263 318043 325091 306766 315487 322194 306664 328353 300445 325555 323126 318431 
22 289751 303708 301101 301097 282242 299351 300275 291642 286259 301533 304022 302790 283436 288496 291057 298639 277143 291451 299508 292844 283774 302070 293975 290670 
23 327973 346080 350275 368625 334045 349125 337374 337785 334973 343862 334633 348878 338864 336513 333533 355745 323633 347780 334042 345307 325499 340735 343362 351417 
24 347736 356470 349888 343015 342223 353366 359832 357866 327740 334376 352565 340618 328470 331562 352546 341940 324460 355794 340095 345240 331110 328782 337321 342367 
25 321186 334314 347977 342000 315236 341396 325509 339736 318347 339885 345253 335340 309688 330775 330128 324759 317927 320526 336128 334509 312321 321443 331213 330960 
26 298524 320642 326746 315762 328159 324911 335289 340222 315674 326850 319256 337427 297786 329710 317322 314614 303446 332078 314204 320771 303068 315380 325411 323088 
27 301203 322664 329344 331260 298227 309620 312096 332414 297837 312554 317670 315177 299728 324148 318784 318944 300306 319398 311009 309943 302084 305235 313990 315570 
28 301407 316956 321431 324819 290959 318021 312666 321260 288796 312000 311881 304557 283877 303315 318955 315894 282320 306570 311218 314038 298632 310849 307607 309852 
29 322691 338591 341459 346626 326615 340839 336302 333023 318990 331284 352326 335904 319083 341968 338356 333332 321453 328567 335954 322328 317810 330638 339015 327468 
30 303161 312867 317059 316082 294699 308426 317335 321215 297753 306253 311562 306797 294763 299634 299147 309648 293449 305846 313074 315275 298409 300993 309170 306760 
31 292905 306477 295034 295334 286922 294021 292372 298706 287576 298405 306663 302574 283624 295802 295003 304029 293110 293504 297271 302833 279573 296676 290389 305349 
32 295160 312146 307885 303408 296545 300579 301941 298883 295189 294692 301636 299679 286477 294751 296733 296862 288428 296496 296430 295289 292981 296026 300047 304124 
33 282355 289976 287492 294014 277392 291673 299404 290379 284305 285194 289306 291935 287126 286856 277989 292754 283519 295542 287253 290976 277172 283077 287059 288677 
34 307516 298957 314900 321345 294845 311673 320661 304601 307691 304608 303634 310241 302575 300662 300550 310293 293699 306183 314972 311656 292347 303952 311216 307929 
35 226955 239363 242949 244493 225331 239633 229936 238115 233990 228678 240940 239427 228603 235478 240875 236906 225627 239467 243793 234163 229144 231603 233156 237472 
36 332023 337719 335813 350801 321012 344892 338995 336127 318182 339526 338566 336924 327264 322967 331034 337757 326100 330686 339272 327098 318858 327693 333665 338838 
37 339168 355259 373460 375417 351524 359234 368570 360800 344126 351854 368557 370270 338857 360660 366310 358644 348330 355079 346102 354218 352091 359414 362152 356946 
38 238713 258716 258410 255040 227590 246358 256086 258106 245506 245488 250860 248373 241814 243529 253276 256928 246280 242310 252218 259492 240536 246152 245323 256083 
39 259080 265818 271097 278095 262948 261554 266898 265272 263604 272125 274909 263536 258400 264231 274146 264337 266415 270358 270747 270102 254522 264540 263391 263556 
40 276937 275646 290183 293246 267252 283991 282322 283096 275444 281096 284130 275792 254090 277987 275228 269485 269424 268554 278945 280080 260145 265240 280322 272443 
41 343950 365206 357094 368435 347157 359952 366508 371434 332045 356423 364071 353175 337803 349613 354751 359238 339312 354057 362244 364883 334164 349110 349256 344445 
42 321136 345895 343019 339181 334092 347493 351949 341809 335786 349019 337604 344170 331021 333940 342627 345327 324745 344128 341189 354705 330830 333744 341120 345179 
43 308014 330425 320054 322181 299082 328917 332236 324901 302520 317778 333175 330105 303309 321705 318772 321024 310611 322269 330156 312545 306272 324729 322374 321717 
44 294072 308574 295502 307768 292174 301447 298807 298525 288358 295845 297769 292370 289650 289814 287950 300110 282114 293832 302134 294109 283371 292635 294858 292265 
45 289753 297290 298203 305478 282133 289168 298575 307817 278536 305352 300730 303294 281287 291353 291208 294743 280866 288968 291947 298834 274970 293115 288014 295921 
46 253997 256919 261421 250819 254058 254442 256935 258908 258085 261993 265928 255799 247798 264170 259190 255045 248501 254421 262246 252515 249387 258360 256699 259136 
47 271038 280713 281066 288584 270677 278645 282470 279424 276504 280709 282763 281212 275437 271634 271803 276849 270949 277835 282505 280515 271271 275499 279129 270859 
48 289462 292449 292816 289227 280553 287763 284992 281242 286778 278694 291916 287616 279854 286907 277175 278111 278532 290008 287742 288387 277504 277891 290109 278943 
49 256959 268464 261638 256341 254459 254624 255516 260068 254231 261691 259441 266832 253486 254863 262158 265317 251103 261115 256320 259633 253673 257743 256658 258383 
50 288998 298131 297725 296024 284964 292483 292637 297070 286928 296589 293138 293890 285602 287913 288097 278103 283860 296146 295759 292687 284625 290703 295591 293811 
51 302733 310600 324550 321640 303084 318532 321136 308430 300984 309835 321406 316839 301218 315458 314185 305028 294805 310493 317807 312338 297132 313124 310481 306301 
52 283061 280593 279687 280279 274377 274017 280470 285498 272230 281960 277108 284445 273894 273663 274063 266968 264830 266669 273226 278748 266789 274294 275865 271053 
53 249117 261470 255201 254536 242678 244748 254850 252591 242930 250338 253361 254499 243104 246624 252017 253628 241459 244301 249985 254882 238813 254795 250146 245259 
54 263884 266767 285742 275482 258097 261577 266207 271394 256804 264389 263324 277254 254963 272153 263442 269966 267004 278196 261291 270718 258184 260303 271905 269746 
55 266600 271515 286774 274348 264394 274206 270819 268961 260907 270765 274061 270790 264585 271478 266721 271310 265053 273219 271795 272982 261323 267504 267754 259675 
56 309832 330188 320832 326127 301882 327997 322961 322613 303787 317156 318150 335851 312875 324348 323761 324943 310248 320534 322124 326049 312438 304890 311652 319862 
57 336303 342611 356329 357949 330123 340943 340769 349078 337228 337548 340586 348911 328393 348685 341755 346043 333027 343521 345906 352737 333980 332437 345158 342857 
58 300127 306121 301612 302560 287383 295185 296398 300332 299701 311683 309674 303766 287241 298356 304581 304099 297546 296830 302446 282929 292358 296108 301043 306221 
59 236870 248107 254219 248908 237535 235320 246861 242850 235528 239213 237080 235035 227352 235274 240248 242117 233358 243790 243771 243645 235509 241099 241323 234671 
60 272230 291719 293201 296033 276260 290014 288734 293201 282299 290302 292324 293201 282217 287098 294634 289651 284238 291209 294158 289828 279271 290061 285334 283677 
