1 1 
2 0 
3 1 
4 0 
5 0 
6 1 
7 0 
8 1 
9 0 
10 1 
11 0 
12 0 
13 1 
14 0 
15 1 
16 0 
17 0 
18 1 
19 0 
20 1 
21 0 
22 0 
23 1 
24 0 
25 1 
26 0 
27 1 
28 0 
29 1 
30 1 
31 0 
32 1 
33 0 
34 1 
35 0 
36 1 
37 0 
38 1 
39 0 
40 1 
41 0 
42 1 
43 1 
44 0 
45 1 
46 1 
47 0 
48 0 
49 1 
50 0 
51 1 
52 1 
53 0 
54 1 
55 0 
56 1 
57 0 
58 1 
59 0 
60 1 
61 0 
62 1 
63 0 
64 1 
65 1 
66 0 
67 1 
68 0 
69 1 
70 0 
71 1 
72 1 
73 0 
74 1 
75 0 
76 1 
77 1 
78 0 
79 1 
80 1 
81 0 
82 1 
83 0 
84 1 
85 1 
86 0 
87 1 
88 0 
89 1 
90 1 
91 1 
92 0 
93 1 
94 0 
95 1 
96 1 
97 0 
98 1 
99 3 
100 0 
101 1 
102 1 
103 1 
104 1 
105 0 
106 1 
107 0 
108 1 
109 1 
110 1 
111 0 
112 1 
113 1 
114 0 
115 1 
116 1 
117 1 
118 0 
119 1 
120 1 
121 0 
122 1 
123 1 
124 1 
125 1 
126 1 
127 1 
128 0 
129 1 
130 1 
131 1 
132 0 
133 1 
134 1 
135 1 
136 1 
137 1 
138 0 
139 1 
140 1 
141 0 
142 1 
143 1 
144 1 
145 0 
146 1 
147 1 
148 1 
149 1 
150 1 
151 0 
152 1 
153 1 
154 1 
155 1 
156 1 
157 2 
158 0 
159 2 
160 1 
161 1 
162 1 
163 1 
164 1 
165 1 
166 1 
167 1 
168 1 
169 1 
170 0 
171 2 
172 1 
173 1 
174 1 
175 1 
176 1 
177 1 
178 1 
179 1 
180 1 
181 2 
182 1 
183 1 
184 1 
185 1 
186 1 
187 1 
188 1 
189 1 
190 2 
191 1 
192 1 
193 1 
194 1 
195 1 
196 1 
197 1 
198 1 
199 1 
200 2 
201 1 
202 1 
203 1 
204 1 
205 1 
206 2 
207 1 
208 1 
209 1 
210 1 
211 1 
212 1 
213 2 
214 1 
215 1 
216 1 
217 1 
218 2 
219 1 
220 1 
221 1 
222 1 
223 1 
224 1 
225 1 
226 2 
227 2 
228 1 
229 2 
230 1 
231 2 
232 1 
233 2 
234 1 
235 1 
236 2 
237 8 
238 1 
239 2 
240 1 
241 2 
242 1 
243 1 
244 2 
245 1 
246 2 
247 1 
248 2 
249 1 
250 1 
251 2 
252 2 
253 1 
254 2 
255 1 
256 2 
257 1 
258 2 
259 1 
260 1 
261 2 
262 1 
263 2 
264 1 
265 2 
266 1 
267 1 
268 2 
269 1 
270 2 
271 1 
272 2 
273 1 
274 2 
275 1 
276 2 
277 1 
278 2 
279 1 
280 2 
281 1 
282 2 
283 1 
284 2 
285 1 
286 2 
287 1 
288 1 
289 2 
290 1 
291 2 
292 1 
293 2 
294 1 
295 2 
296 1 
297 1 
298 2 
299 1 
300 1 
