1 0 
2 1 
3 0 
4 1 
5 0 
6 0 
7 1 
8 0 
9 1 
10 0 
11 1 
12 0 
13 0 
14 1 
15 0 
16 1 
17 0 
18 0 
19 1 
20 0 
21 0 
22 1 
23 0 
24 1 
25 1 
26 0 
27 0 
28 1 
29 1 
30 0 
31 1 
32 0 
33 1 
34 0 
35 1 
36 0 
37 1 
38 0 
39 1 
40 0 
41 1 
42 1 
43 0 
44 1 
45 1 
46 0 
47 1 
48 0 
49 1 
50 0 
51 1 
52 0 
53 1 
54 0 
55 1 
56 0 
57 1 
58 0 
59 1 
60 1 
61 0 
62 1 
63 0 
64 1 
65 1 
66 0 
67 1 
68 0 
69 1 
70 0 
71 1 
72 1 
73 0 
74 1 
75 0 
76 1 
77 1 
78 0 
79 1 
80 1 
81 0 
82 1 
83 1 
84 0 
85 1 
86 1 
87 0 
88 1 
89 1 
90 0 
91 1 
92 0 
93 1 
94 1 
95 0 
96 1 
97 0 
98 1 
99 3 
100 0 
101 1 
102 1 
103 0 
104 1 
105 1 
106 0 
107 1 
108 1 
109 0 
110 1 
111 1 
112 0 
113 1 
114 1 
115 1 
116 0 
117 1 
118 1 
119 1 
120 0 
121 1 
122 1 
123 1 
124 1 
125 0 
126 1 
127 1 
128 1 
129 1 
130 0 
131 1 
132 1 
133 1 
134 1 
135 0 
136 1 
137 1 
138 1 
139 1 
140 0 
141 1 
142 1 
143 0 
144 1 
145 1 
146 1 
147 1 
148 1 
149 0 
150 1 
151 1 
152 1 
153 1 
154 1 
155 1 
156 1 
157 1 
158 1 
159 1 
160 1 
161 1 
162 2 
163 0 
164 1 
165 1 
166 1 
167 1 
168 1 
169 1 
170 1 
171 1 
172 1 
173 1 
174 1 
175 1 
176 1 
177 1 
178 1 
179 1 
180 2 
181 1 
182 1 
183 1 
184 1 
185 1 
186 1 
187 1 
188 1 
189 2 
190 1 
191 1 
192 1 
193 1 
194 1 
195 1 
196 1 
197 1 
198 1 
199 1 
200 2 
201 1 
202 1 
203 1 
204 2 
205 1 
206 1 
207 1 
208 1 
209 1 
210 1 
211 1 
212 2 
213 1 
214 1 
215 1 
216 1 
217 2 
218 1 
219 1 
220 1 
221 1 
222 1 
223 1 
224 2 
225 1 
226 1 
227 2 
228 1 
229 2 
230 1 
231 2 
232 1 
233 2 
234 1 
235 2 
236 1 
237 8 
238 1 
239 2 
240 1 
241 2 
242 1 
243 1 
244 2 
245 1 
246 2 
247 1 
248 1 
249 2 
250 1 
251 2 
252 1 
253 2 
254 2 
255 1 
256 1 
257 2 
258 1 
259 1 
260 2 
261 1 
262 2 
263 1 
264 1 
265 2 
266 2 
267 1 
268 2 
269 1 
270 2 
271 1 
272 1 
273 2 
274 1 
275 2 
276 2 
277 1 
278 1 
279 2 
280 1 
281 2 
282 1 
283 2 
284 1 
285 1 
286 2 
287 1 
288 2 
289 1 
290 2 
291 1 
292 1 
293 2 
294 1 
295 2 
296 1 
297 2 
298 1 
299 1 
300 2 
