1 673213 668355 671110 676920 678302 669488 670691 671933 669564 668914 676695 671564 669966 669294 668490 673988 673174 671540 670898 672810 668252 670062 669788 672612 
2 715533 709186 708037 710877 701221 702775 712717 710832 707324 706111 705130 708881 705802 707854 706082 706037 710988 710483 708996 705274 704797 708935 705099 702921 
3 743733 734845 736838 744271 736833 735014 737160 748890 741866 739538 736796 746411 735647 732658 744864 733797 742827 740659 722371 737319 736918 738384 738173 742414 
4 705219 703985 694867 699072 696187 699345 694749 701290 705758 700779 699777 695134 694621 697457 698864 704588 706308 699626 700109 696574 693598 694139 701621 701011 
5 678406 680918 699476 689917 687346 685629 676928 689978 688909 689878 692914 691594 688034 683338 686120 689516 693354 685353 689031 687729 683827 658090 681552 684924 
6 776682 769584 761272 770168 763036 764120 760744 766372 762241 764235 764897 767333 765501 765686 770329 762892 773845 768214 762177 763722 767449 759041 761735 765444 
7 753527 750985 750538 755527 753560 754090 752831 746749 756622 751012 753876 753779 746444 748712 750350 752303 746363 754683 748719 753177 754275 750294 750929 751375 
8 641615 640911 644125 647477 640857 640753 641441 647438 639380 642070 643668 649373 640678 641592 645220 646882 645886 647260 643427 643989 645376 643082 641024 641987 
9 588656 587593 593045 586730 591551 586432 587760 589205 598369 588656 591925 588677 589090 591840 589205 591893 599108 590698 586465 586164 594276 586730 586326 587824 
10 592698 590393 590056 581354 581404 589194 588954 583511 589353 582959 586462 586203 590826 582114 582478 586894 582346 578352 586597 586345 582730 578239 580763 579696 
11 843296 844361 847708 850863 847698 849105 843934 845554 853832 848099 850466 846768 846365 846554 842182 846413 850642 847662 850823 847237 847083 842182 844554 843794 
12 704188 706712 701281 702964 703481 696711 696098 702108 708113 701912 700272 706181 700292 699007 698595 698343 713755 700450 701256 696820 700220 696124 697965 699887 
13 745940 729950 730645 732739 729350 728259 726460 731326 736757 729350 728561 733793 735851 728149 730873 732028 736250 733566 730125 734161 727461 729121 726253 726567 
14 908577 881124 883408 893081 892043 887452 891911 887602 879614 891241 889933 893461 893790 884104 888313 887335 883182 880581 878266 892196 886895 892769 885340 888619 
15 749468 759314 752025 756022 748276 753360 754891 753857 763044 755563 753842 756667 756356 753303 751096 757157 751618 758544 749838 758122 749011 746284 755162 754278 
16 526167 517398 533565 527472 528726 530748 526777 531777 526118 527932 521352 524145 519509 527157 527262 529093 527533 529501 529883 532523 526282 526848 529950 532772 
17 637607 623181 637816 625388 631254 626690 634860 638132 639032 634371 633034 636434 635196 626264 637266 627868 634229 632555 640783 635445 633676 635903 624221 641203 
18 538680 538299 547596 543977 541316 539148 538169 543216 540390 542707 541662 541286 537649 537280 534498 542738 539459 537644 540217 543356 540318 539047 537639 541391 
19 626966 624318 631355 630479 626373 625433 626859 628933 626931 626206 628797 629350 625093 625093 625741 626299 626496 627930 630036 630817 625818 625072 626102 628704 
20 610240 611516 604139 618184 608590 609584 612303 611594 609103 614624 613968 616800 608377 605806 611195 614315 614270 607971 612993 610861 608634 604237 610925 604150 
21 665257 666742 671903 672224 665290 668046 669071 674846 663705 669888 670829 665041 671228 664394 668112 669950 676694 672741 663231 673676 672481 671447 667426 673840 
22 677948 677347 680048 679785 674276 675252 676838 680341 676785 681905 678990 683927 675234 678988 678487 677232 679422 681074 681251 684733 678755 678422 677872 683745 
23 593432 583477 588512 585309 581670 582749 580876 587070 591414 589515 585951 591253 588097 590328 585898 587660 582772 587361 581728 590358 582818 584133 582881 586879 
24 684721 687840 684507 687352 673896 674538 683688 689434 681873 681931 683704 681518 678243 680000 686914 684270 679165 665530 679497 687873 670200 677404 684014 681287 
25 699529 700757 700338 713790 701173 703319 691869 696115 700443 708699 709731 703236 700069 702538 691803 692756 708988 705706 701581 703945 703611 703256 708871 703764 
26 689846 694235 701608 700850 690470 693144 690157 696965 689236 700204 699624 700360 697579 706946 688868 697475 700114 695456 709016 697517 695480 688990 701964 693286 
27 711993 698889 695619 705309 692774 691527 700220 700703 697975 702197 700292 691914 691727 698369 695658 694679 708708 703929 691527 703479 706367 696357 699430 692770 
28 688445 695197 694300 695268 693470 690327 689910 688497 685430 692561 695833 693528 687632 684897 691516 694218 692668 696464 689055 696322 695225 688076 687689 689794 
29 675108 671486 682144 680182 671591 676118 670965 677682 684994 674908 674685 680007 670195 672743 674000 674640 668720 676979 672048 684183 672281 674012 680519 677900 
30 728418 722545 730427 732959 719655 714572 726180 714986 731984 721810 726254 722210 724027 724723 701213 730024 712768 722859 725762 712936 718457 714932 717414 723192 
31 556543 557260 563018 563269 557312 557472 558965 556630 566360 559647 559459 565691 559116 562145 556330 561613 561113 561787 562678 561629 558767 557808 561144 559695 
32 602204 598679 598713 599547 598578 602746 600742 602968 604411 600554 601961 601950 596190 599559 601118 600071 601718 600591 600902 602569 598090 597594 600682 602983 
33 600674 595448 596083 600497 593572 592765 594636 592807 593897 594514 593167 596411 593203 592920 596025 594264 594187 593659 595177 594907 594292 591215 595694 594626 
34 531593 527314 532760 530302 529949 528094 528285 525540 531326 530410 531613 534090 523680 529773 528317 534118 534052 526460 531383 535695 530658 529482 532382 533678 
35 496436 503477 504809 504900 498858 490923 492242 493621 499542 491320 504808 508485 492653 492899 492076 492629 487389 498709 490651 494536 499879 488219 491298 495891 
36 570522 570798 568854 570786 562061 558635 573025 572015 554222 574890 571927 573763 561097 558358 572420 560932 568163 567772 559148 566425 568266 571192 575102 557857 
37 555443 554988 556789 554021 555174 554582 556240 554348 555234 556263 555354 556435 551590 552320 555453 556435 557414 558977 554754 556148 559296 554021 554609 556565 
38 527804 537748 524850 528327 527294 527080 527242 531905 525731 530727 529857 529022 525244 527172 523926 526752 526690 526319 534568 530142 526060 525066 527854 525645 
39 582181 579026 581751 581042 584546 578533 581061 577494 582640 581294 586308 583835 585920 576382 580419 577513 579068 579629 580903 581135 580769 578931 579358 577555 
40 510739 515823 513613 516395 510112 513006 512307 513269 509749 516723 514704 514090 515545 516602 513423 512462 509875 512909 513765 516666 514283 517387 512512 510493 
41 703305 703903 704291 706674 703918 702421 705271 704277 700942 700953 702757 701497 701442 706553 703486 705643 701297 701824 706058 707601 703260 701579 703473 702706 
42 551526 556051 554801 556885 555207 551695 553291 551569 555688 555928 551918 554477 554370 555136 555670 553380 559032 554802 551915 554251 552583 552391 553502 555390 
43 578009 574134 576922 578310 573409 573465 575647 576963 578566 574604 574477 576312 574795 574822 574569 574269 575198 579402 574804 579444 573409 574113 575455 578065 
44 604145 605002 600389 609845 601357 604957 601443 605801 604447 604302 604348 603275 604201 604215 601800 605223 603639 604573 606372 606391 599089 598755 602450 603884 
45 578209 575377 583256 580615 573086 573853 577015 572585 576944 574645 584182 574904 572574 571908 572766 577259 572285 577875 572704 575494 575480 570402 575708 570356 
46 571695 580585 586364 586776 582112 570918 571203 580109 583413 575272 572954 589134 569751 570493 580117 583761 586875 579316 587230 580372 570585 579236 575169 582892 
47 619581 619284 620271 620436 615800 618845 618553 617131 623202 622126 625176 624724 619574 616718 620658 621624 618409 618912 616311 618433 616004 617182 619386 613760 
48 563645 561879 559603 568865 557804 560598 558328 565488 563960 557252 561112 559551 553839 560846 565045 561521 564005 557570 556875 562911 554203 557956 564094 560731 
49 519376 518439 508402 510247 510279 508724 514100 510669 507004 518489 515497 523007 509486 508214 511561 512897 517241 509605 506986 514320 512637 513552 510292 513357 
50 653207 653124 656490 656223 652531 652086 652806 653009 654950 653629 653587 653119 651877 652469 655681 655687 655416 653755 653586 656317 651986 655124 654614 655405 
51 633541 630826 632388 633954 632684 628183 632635 629997 630373 628034 635708 635742 629566 631420 634437 633583 631598 633852 633755 629379 630052 629310 629964 631774 
52 617780 622292 616055 627024 615933 617538 619941 624758 615478 620166 620110 621477 616500 617828 621118 620665 613330 617828 622338 622602 613492 617269 622451 619701 
53 582525 584445 580966 590902 578749 576396 579112 581368 578648 577867 578771 588678 580295 578110 580440 587184 585614 582556 578138 580725 580834 579497 576977 581225 
54 572750 572594 572222 568414 568088 566959 570822 572392 572386 569362 570153 573794 571733 569491 570693 573888 577956 571288 569794 572283 569108 570371 572496 573800 
55 551317 550509 549401 543702 549440 555028 546084 545699 557757 544049 546603 554648 547370 541850 544760 550204 551081 551717 547563 555731 548608 543439 545835 545637 
56 634668 629440 635710 639892 633309 628869 630638 637551 630948 636382 631992 636640 629887 632633 629165 634035 631470 640024 630512 634448 632534 630939 635883 636036 
57 582262 588300 582851 582727 583002 584164 579200 584889 584004 581256 587719 584733 581300 582377 582174 584563 584459 579148 580144 581940 582395 580275 581082 582617 
58 534683 536625 532519 531211 531973 528716 532690 533999 529428 529078 533932 532550 534188 528899 529764 530923 532234 535851 533554 532930 533506 527527 534517 535617 
59 558486 561427 564064 565434 564502 562536 564798 561277 560287 563476 565944 567492 561278 560936 569197 561132 564998 563290 563229 564570 566622 560687 563936 562347 
60 646926 646915 641331 643149 641647 645072 641812 646386 650532 643480 650120 643315 640230 640202 641828 646607 645305 642433 648363 647834 645305 642459 642399 648884 
