1 881152 
2 838639 
3 685783 
4 924045 
5 784881 
6 722348 
7 752202 
8 741771 
9 710354 
10 806578 
11 866998 
12 682905 
13 741843 
14 739172 
15 808428 
16 727244 
17 785197 
18 864837 
19 751731 
20 929420 
21 694063 
22 732873 
23 798980 
24 767230 
25 804366 
26 812790 
27 897670 
28 813401 
29 729968 
30 759865 
31 782346 
32 779041 
33 995873 
34 1.00848e+06 
35 899191 
36 691884 
37 902792 
38 983621 
39 890537 
40 863651 
41 726011 
42 888950 
43 837903 
44 796435 
45 884901 
46 811978 
47 801439 
48 634280 
49 807834 
50 749723 
51 706055 
52 661158 
53 722693 
54 721284 
55 685881 
56 700820 
57 661454 
58 787900 
59 803702 
60 829372 
61 665110 
62 754043 
63 712121 
64 722654 
65 817708 
66 796398 
67 824784 
68 756098 
69 728655 
70 716479 
71 700453 
72 752734 
73 865983 
74 754886 
75 683788 
76 661953 
77 729344 
78 886360 
79 770797 
80 819232 
81 713753 
82 712143 
83 848444 
84 794362 
85 779367 
86 780898 
87 905425 
88 792805 
89 817204 
90 723884 
91 731172 
92 733405 
93 632589 
94 632176 
95 636278 
96 706427 
97 652419 
98 702103 
99 711316 
100 637905 
101 584829 
102 703236 
103 681361 
104 633241 
105 727782 
106 693293 
107 909177 
108 801654 
109 758593 
110 729570 
111 693947 
112 692807 
113 655232 
114 714540 
115 829029 
116 754206 
117 699553 
118 650396 
119 690462 
120 729172 
121 673793 
122 852383 
123 745460 
124 881771 
125 673408 
126 686870 
127 776539 
128 803907 
129 705790 
130 657773 
131 762458 
132 771991 
133 638328 
134 688434 
135 759103 
136 641464 
137 645175 
138 610536 
139 717710 
140 606109 
141 603492 
142 660998 
143 670170 
144 667814 
145 635578 
146 683548 
147 601488 
148 652871 
149 683872 
150 623934 
151 751053 
152 684311 
153 783714 
154 670581 
155 709813 
156 675092 
157 632503 
158 627228 
159 761604 
160 667215 
161 678859 
162 670057 
163 608043 
164 772929 
165 669117 
166 723906 
167 733914 
168 737965 
169 691240 
170 676547 
171 638558 
172 664519 
173 768267 
174 746600 
175 697335 
176 709333 
177 733573 
178 711327 
179 665053 
180 777333 
