1 874301 
2 824951 
3 674467 
4 917269 
5 789918 
6 720969 
7 746907 
8 733258 
9 709083 
10 797493 
11 848569 
12 709691 
13 736533 
14 733819 
15 800052 
16 730704 
17 798630 
18 864369 
19 744106 
20 936460 
21 702852 
22 723271 
23 792253 
24 769217 
25 807426 
26 834968 
27 896334 
28 816440 
29 744070 
30 765311 
31 784967 
32 796225 
33 991940 
34 985104 
35 885286 
36 693133 
37 887345 
38 989754 
39 888873 
40 862854 
41 728228 
42 884805 
43 841525 
44 791176 
45 890720 
46 835163 
47 789501 
48 635551 
49 814502 
50 754949 
51 687997 
52 650916 
53 720157 
54 729655 
55 715133 
56 721447 
57 648644 
58 766266 
59 796515 
60 824912 
61 651944 
62 742446 
63 694558 
64 734336 
65 831488 
66 802123 
67 822115 
68 762538 
69 742842 
70 712360 
71 708691 
72 740429 
73 875968 
74 775990 
75 685768 
76 670712 
77 737899 
78 883909 
79 768220 
80 847506 
81 722062 
82 698241 
83 827461 
84 777198 
85 791010 
86 775128 
87 903889 
88 828266 
89 827948 
90 737976 
91 718919 
92 744479 
93 652164 
94 623310 
95 624401 
96 735073 
97 647727 
98 696299 
99 700152 
100 650578 
101 588980 
102 713230 
103 675136 
104 617617 
105 721548 
106 702914 
107 902549 
108 792952 
109 751441 
110 727800 
111 689843 
112 698338 
113 642878 
114 721814 
115 830932 
116 749032 
117 697200 
118 655155 
119 686273 
120 708544 
121 688896 
122 861395 
123 754412 
124 887430 
125 676334 
126 700138 
127 787702 
128 802428 
129 687225 
130 657680 
131 765407 
132 784097 
133 640156 
134 675216 
135 768981 
136 649642 
137 644566 
138 600050 
139 716352 
140 620171 
141 606837 
142 626815 
143 660103 
144 675179 
145 628790 
146 689487 
147 597063 
148 656713 
149 675993 
150 612653 
151 746693 
152 691198 
153 780876 
154 674989 
155 711582 
156 690225 
157 621672 
158 617285 
159 766704 
160 674790 
161 682816 
162 662099 
163 618938 
164 788137 
165 639830 
166 729960 
167 740871 
168 735858 
169 690321 
170 656248 
171 640404 
172 637006 
173 771932 
174 733683 
175 697250 
176 739486 
177 733459 
178 703679 
179 662380 
180 756994 
