1 884601 
2 833085 
3 678367 
4 923214 
5 785548 
6 740400 
7 744434 
8 742482 
9 716997 
10 799243 
11 859192 
12 707856 
13 746712 
14 745355 
15 793954 
16 719090 
17 791311 
18 849595 
19 761417 
20 929533 
21 701845 
22 744399 
23 783704 
24 769942 
25 809384 
26 843146 
27 908416 
28 818704 
29 746408 
30 751589 
31 779554 
32 810569 
33 990576 
34 996444 
35 885727 
36 722391 
37 897263 
38 1.00062e+06 
39 891281 
40 859618 
41 739800 
42 897403 
43 856372 
44 780066 
45 893040 
46 836882 
47 786099 
48 654676 
49 805881 
50 747234 
51 706283 
52 664970 
53 726577 
54 725855 
55 717315 
56 717942 
57 641956 
58 767236 
59 799204 
60 828392 
61 659303 
62 745932 
63 707766 
64 738628 
65 808959 
66 809118 
67 814935 
68 760801 
69 745492 
70 721495 
71 708370 
72 747760 
73 856765 
74 772428 
75 682289 
76 664542 
77 731830 
78 899651 
79 764594 
80 822442 
81 710620 
82 696610 
83 870742 
84 769021 
85 794318 
86 774371 
87 887238 
88 811262 
89 820457 
90 724598 
91 720781 
92 738348 
93 652480 
94 626078 
95 634169 
96 720273 
97 646700 
98 684374 
99 712539 
100 645556 
101 589613 
102 710099 
103 674106 
104 631288 
105 725902 
106 710994 
107 913840 
108 800688 
109 751622 
110 705421 
111 690662 
112 702040 
113 660066 
114 719096 
115 831657 
116 757463 
117 712161 
118 651725 
119 688907 
120 714270 
121 673561 
122 843231 
123 742182 
124 872913 
125 687521 
126 693453 
127 782342 
128 807997 
129 696039 
130 664901 
131 743985 
132 774282 
133 629697 
134 676194 
135 760846 
136 644208 
137 639791 
138 612324 
139 724239 
140 618715 
141 604351 
142 643311 
143 670004 
144 678354 
145 629010 
146 697630 
147 614314 
148 653160 
149 684353 
150 620999 
151 758531 
152 683475 
153 774610 
154 683240 
155 712722 
156 690439 
157 626137 
158 624744 
159 762278 
160 661697 
161 685261 
162 670812 
163 606515 
164 789288 
165 636058 
166 736360 
167 730666 
168 761578 
169 695285 
170 671002 
171 634853 
172 663938 
173 782797 
174 736634 
175 695245 
176 733449 
177 743188 
178 711044 
179 655876 
180 786524 
