1 52 
2 53 
3 49 
4 52 
5 53 
6 53 
7 53 
8 49 
9 57 
10 51 
11 53 
12 52 
13 49 
14 48 
15 50 
16 49 
17 52 
18 55 
19 51 
20 56 
21 49 
22 49 
23 51 
24 51 
25 50 
26 54 
27 49 
28 51 
29 54 
30 52 
31 56 
32 50 
33 52 
34 48 
35 51 
36 54 
37 54 
38 51 
39 50 
40 53 
41 47 
42 49 
43 53 
44 55 
45 51 
46 59 
47 62 
48 60 
49 60 
50 63 
51 59 
52 63 
53 58 
54 62 
55 62 
56 62 
57 62 
58 62 
59 59 
60 63 
61 64 
62 61 
63 58 
64 58 
65 59 
66 60 
67 59 
68 62 
69 67 
70 62 
71 57 
72 62 
73 64 
74 65 
75 61 
76 58 
77 61 
78 61 
79 61 
80 57 
81 59 
82 60 
83 63 
84 62 
85 59 
86 60 
87 59 
88 60 
89 62 
90 58 
91 65 
92 73 
93 71 
94 69 
95 75 
96 68 
97 72 
98 72 
99 69 
100 66 
101 68 
102 72 
103 76 
104 70 
105 70 
106 71 
107 69 
108 74 
109 68 
110 68 
111 70 
112 67 
113 69 
114 66 
115 70 
116 70 
117 64 
118 69 
119 70 
120 64 
121 67 
122 68 
123 70 
124 70 
125 68 
126 76 
127 66 
128 66 
129 67 
130 67 
131 70 
132 65 
133 68 
134 68 
135 62 
136 84 
137 81 
138 90 
139 79 
140 76 
141 77 
142 83 
143 78 
144 78 
145 75 
146 79 
147 85 
148 78 
149 74 
150 79 
151 75 
152 74 
153 83 
154 82 
155 74 
156 76 
157 77 
158 80 
159 72 
160 72 
161 75 
162 78 
163 75 
164 76 
165 76 
166 74 
167 71 
168 74 
169 76 
170 73 
171 72 
172 71 
173 73 
174 81 
175 74 
176 77 
177 77 
178 78 
179 79 
180 80 
