1 1 
2 0 
3 0 
4 1 
5 0 
6 1 
7 0 
8 1 
9 0 
10 1 
11 0 
12 1 
13 0 
14 0 
15 1 
16 0 
17 1 
18 0 
19 0 
20 1 
21 0 
22 1 
23 0 
24 1 
25 0 
26 0 
27 1 
28 1 
29 0 
30 0 
31 1 
32 0 
33 1 
34 1 
35 0 
36 1 
37 0 
38 1 
39 1 
40 0 
41 1 
42 0 
43 0 
44 1 
45 1 
46 0 
47 1 
48 0 
49 1 
50 0 
51 1 
52 0 
53 1 
54 1 
55 0 
56 1 
57 1 
58 0 
59 1 
60 1 
61 0 
62 1 
63 0 
64 1 
65 1 
66 0 
67 1 
68 1 
69 0 
70 1 
71 0 
72 1 
73 1 
74 0 
75 1 
76 0 
77 1 
78 1 
79 0 
80 1 
81 0 
82 0 
83 1 
84 1 
85 0 
86 1 
87 0 
88 1 
89 0 
90 1 
91 1 
92 0 
93 1 
94 0 
95 1 
96 0 
97 1 
98 0 
99 1 
100 1 
101 0 
102 1 
103 0 
104 1 
105 1 
106 1 
107 0 
108 1 
109 1 
110 0 
111 1 
112 0 
113 1 
114 0 
115 1 
116 0 
117 1 
118 1 
119 0 
120 1 
121 1 
122 1 
123 0 
124 1 
125 0 
126 1 
127 1 
128 0 
129 1 
130 1 
131 0 
132 1 
133 0 
134 1 
135 1 
136 0 
137 1 
138 1 
139 1 
140 0 
141 1 
142 1 
143 0 
144 1 
145 1 
146 0 
147 1 
148 1 
149 0 
150 1 
151 1 
152 0 
153 1 
154 1 
155 0 
156 1 
157 1 
158 0 
159 1 
160 1 
161 0 
162 1 
163 1 
164 1 
165 0 
166 1 
167 1 
168 0 
169 1 
170 1 
171 0 
172 1 
173 1 
174 1 
175 0 
176 1 
177 1 
178 1 
179 0 
180 1 
181 1 
182 1 
183 0 
184 1 
185 1 
186 1 
187 0 
188 1 
189 1 
190 1 
191 0 
192 1 
193 1 
194 0 
195 1 
196 1 
197 1 
198 0 
199 1 
200 1 
201 0 
202 1 
203 1 
204 0 
205 1 
206 1 
207 1 
208 1 
209 0 
210 1 
211 1 
212 1 
213 0 
214 1 
215 1 
216 1 
217 0 
218 1 
219 1 
220 1 
221 0 
222 1 
223 1 
224 1 
225 1 
226 0 
227 1 
228 1 
229 1 
230 0 
231 1 
232 1 
233 1 
234 1 
235 0 
236 1 
237 1 
238 1 
239 0 
240 1 
241 1 
242 1 
243 1 
244 1 
245 1 
246 1 
247 1 
248 0 
249 1 
250 1 
251 1 
252 1 
253 0 
254 1 
255 1 
256 1 
257 1 
258 1 
259 1 
260 1 
261 0 
262 1 
263 1 
264 1 
265 1 
266 0 
267 1 
268 1 
269 1 
270 1 
271 0 
272 1 
273 1 
274 1 
275 1 
276 1 
277 1 
278 0 
279 2 
280 0 
281 1 
282 1 
283 1 
284 1 
285 1 
286 0 
287 1 
288 1 
289 1 
290 1 
291 1 
292 1 
293 1 
294 0 
295 1 
296 1 
297 1 
298 1 
299 1 
300 1 
