OBJ_F: 43476.2
1_TERM: 3938
2_TERM: 7980
3_TERM: 31553


Ci
649 90 199 191 134 218 737 232 409 512 417 319 252 597 824 
Sk
597 252 824 
Yk
1 1 1 
Di
1394 1543 1343 718 1652 866 1427 550 1518 743 1102 1352 1919 908 1091 
Ti
806 995 828 282 1328 484 895 134 935 349 906 995 1523 526 510 
Aij
1 1 1 1 1 1 1 1 1 1 1 1 1 1 1 
0 0 0 0 0 0 1 0 0 0 0 0 0 0 1 
0 1 1 1 1 1 1 1 1 1 1 1 1 1 1 
0 1 -0 0 0 1 1 1 1 1 1 1 1 1 1 
0 1 -0 1 0 1 1 1 1 1 1 1 1 1 1 
0 1 -0 1 1 1 1 1 1 1 1 1 1 1 1 
0 1 -0 0 0 0 1 1 1 1 1 1 1 1 1 
0 0 0 -0 -0 0 -0 0 0 0 0 0 0 0 1 
0 1 0 0 -0 0 0 1 1 1 1 1 1 1 1 
0 1 -0 0 -0 -0 0 1 0 1 1 0 0 1 1 
0 1 -0 0 -0 -0 0 1 0 -0 0 0 0 1 1 
0 1 -0 0 -0 -0 0 1 0 0 1 0 0 1 1 
0 1 -0 0 -0 -0 0 1 0 1 1 1 0 1 1 
0 1 0 0 0 0 0 1 0 1 1 1 1 1 1 
0 1 0 0 0 0 -0 1 0 0 0 0 0 -0 1 
0 0 0 0 -0 0 0 0 0 0 0 -0 0 -0 0 

