1 7 13 18 17 12 27 35 40 12 17 25 29 18 39 51 61 12 31 29 31 27 50 63 75 
2 6 11 11 21 14 22 33 39 9 19 25 34 19 34 47 55 16 23 32 36 23 41 62 65 
3 5 10 13 16 11 19 35 32 9 15 24 27 17 33 51 55 12 22 37 30 24 42 66 70 
4 6 10 17 16 10 28 37 47 9 17 22 31 21 32 57 56 15 23 30 32 24 42 67 63 
5 6 16 15 21 10 36 28 43 10 20 26 30 20 39 63 66 12 22 30 37 30 45 65 76 
6 8 14 18 20 14 21 39 32 9 18 24 32 19 34 57 53 13 27 33 34 27 47 59 68 
7 7 13 19 27 13 31 35 42 10 21 23 28 19 48 55 64 14 25 34 36 23 47 63 67 
8 5 11 12 16 10 17 21 31 12 17 22 26 16 36 43 49 12 21 27 29 20 42 56 64 
9 7 14 16 22 11 34 38 36 12 22 25 32 18 39 52 61 14 23 33 40 24 41 66 72 
10 8 13 22 17 13 20 42 43 12 21 33 40 18 37 65 72 12 26 37 36 26 52 64 76 
11 7 11 19 20 12 22 30 33 10 17 27 28 24 37 55 52 12 21 30 35 22 42 62 64 
12 7 9 16 17 10 21 38 40 11 17 26 28 18 41 51 75 13 22 32 37 23 51 56 62 
13 8 9 13 18 14 21 25 31 11 16 26 29 22 35 44 47 14 24 28 35 26 36 56 75 
14 5 16 12 17 11 21 31 45 10 19 25 30 20 41 46 51 12 27 36 34 24 46 63 70 
15 6 13 19 23 13 27 32 45 11 18 25 28 18 38 49 57 14 26 31 36 26 46 70 72 
16 7 13 14 18 12 20 39 30 10 17 25 25 26 38 45 54 16 26 28 34 29 47 62 72 
17 7 9 15 12 13 20 26 33 14 16 20 21 20 35 39 43 15 20 24 29 28 45 58 67 
18 8 10 15 18 15 24 26 26 11 20 19 22 23 31 50 54 14 24 23 31 30 47 55 59 
19 6 10 18 19 15 18 28 33 13 21 24 24 25 35 45 57 13 23 27 34 25 43 53 73 
20 8 14 25 18 13 25 31 34 11 19 24 24 24 42 46 49 17 25 30 36 30 44 59 83 
21 10 13 15 21 15 23 28 38 11 18 26 29 26 42 49 53 15 25 31 35 31 54 59 71 
22 7 12 12 17 14 23 24 37 12 19 24 24 20 38 51 53 13 20 28 31 26 43 54 60 
23 8 12 18 15 12 24 33 33 11 19 23 26 22 38 44 54 16 26 30 33 29 46 64 70 
24 8 15 19 22 14 19 26 32 11 22 24 28 27 35 50 50 14 26 28 34 28 41 51 69 
25 7 10 13 13 18 22 30 28 12 18 21 23 21 35 45 46 15 21 26 30 30 47 60 59 
26 6 12 14 21 13 22 32 39 10 19 22 26 23 38 52 54 14 26 36 31 28 51 53 58 
27 6 11 16 16 19 24 33 34 11 16 21 22 22 36 38 44 12 22 30 35 28 50 56 56 
28 8 16 12 15 16 24 30 34 12 18 24 26 19 35 50 52 13 23 27 33 26 47 61 63 
29 4 9 12 16 10 18 24 28 10 14 20 24 20 29 40 40 13 21 30 26 21 37 58 58 
30 8 12 14 16 17 25 27 43 12 17 21 22 23 33 43 45 15 21 29 31 29 51 55 56 
31 5 10 10 13 11 18 25 24 11 16 19 21 21 30 47 41 14 27 29 26 29 39 51 51 
32 7 10 12 14 17 17 23 33 13 16 22 24 24 43 53 41 15 28 28 26 27 48 51 59 
33 5 9 11 14 15 22 23 24 12 17 18 20 24 33 37 39 15 22 28 26 28 40 48 56 
34 8 10 13 13 15 25 30 30 14 18 29 24 21 38 41 55 17 23 30 28 28 47 65 51 
35 10 11 22 18 15 19 30 39 17 18 23 25 30 44 54 54 15 23 34 35 31 52 58 55 
36 8 12 12 16 16 23 32 33 15 21 23 21 25 34 42 43 14 24 33 35 29 46 54 61 
37 7 12 16 15 18 20 24 26 16 17 20 25 27 37 40 47 14 22 28 30 31 46 61 82 
38 7 11 17 19 13 21 30 26 12 21 21 26 24 38 45 47 15 24 29 28 32 46 51 58 
39 8 15 14 17 20 24 39 40 13 23 27 27 25 45 58 55 16 26 28 35 37 59 58 69 
40 7 9 17 15 16 19 34 44 13 16 21 24 24 41 45 52 14 25 27 27 29 55 50 56 
41 8 10 14 14 17 24 25 36 12 24 20 26 23 36 55 45 17 23 34 32 31 50 54 57 
42 5 9 13 13 12 18 25 32 10 17 19 23 23 38 38 43 15 21 26 28 26 41 50 65 
43 9 12 14 13 12 18 24 29 11 20 20 24 20 32 41 46 15 20 32 27 30 43 49 53 
44 8 11 12 15 20 24 23 29 13 20 26 25 25 35 52 60 17 25 32 31 27 50 60 55 
45 7 11 16 14 15 21 35 30 11 17 22 26 22 36 48 55 17 21 28 28 29 45 50 64 
46 8 14 15 16 15 27 35 47 14 19 27 26 28 52 51 44 19 26 31 35 31 49 59 64 
47 9 14 14 23 22 25 33 39 14 24 29 27 34 44 49 68 19 26 32 35 35 54 69 76 
48 7 11 16 12 16 21 31 33 13 21 26 28 30 49 54 52 18 29 33 34 35 53 62 63 
49 7 14 19 17 22 28 37 50 13 26 32 29 30 48 66 72 21 26 37 38 38 50 58 75 
50 11 13 20 18 25 25 34 36 15 21 22 30 30 47 54 52 22 33 33 32 39 65 66 82 
51 8 13 21 19 14 24 31 40 14 26 24 29 24 48 48 68 18 27 36 33 37 57 62 64 
52 11 11 14 13 16 28 25 27 16 23 24 26 30 36 45 48 18 26 28 31 34 51 63 58 
53 8 11 12 17 15 24 30 32 13 19 21 22 26 34 41 44 16 26 33 34 31 47 56 59 
54 6 10 14 14 15 20 23 25 15 18 25 22 26 40 46 45 19 23 27 29 34 47 59 55 
55 8 10 16 13 14 27 29 29 13 20 23 25 25 39 47 47 17 25 28 33 33 48 61 56 
56 9 11 12 15 17 22 34 27 13 20 21 23 27 38 43 44 16 26 30 30 32 47 57 76 
57 9 12 13 14 15 24 31 33 14 18 24 29 28 40 49 54 16 28 30 31 35 49 57 66 
58 9 11 16 13 15 25 25 27 16 21 26 26 25 40 50 49 18 24 30 35 34 58 60 64 
59 7 12 13 18 16 21 25 27 15 18 22 25 27 36 43 51 16 22 32 31 33 52 58 62 
60 11 12 15 17 14 25 43 34 14 22 22 25 27 36 47 59 19 30 28 36 34 49 67 67 
