1 5 14 16 15 12 25 39 35 11 17 26 26 21 39 50 55 15 24 32 31 21 43 67 63 
2 6 10 17 21 14 26 32 36 12 17 26 32 16 38 54 65 15 24 34 39 28 50 69 74 
3 6 11 12 21 12 21 32 47 10 16 25 30 21 34 52 60 12 29 31 36 28 46 60 64 
4 6 14 17 19 12 23 37 32 10 20 21 24 21 36 47 52 12 24 28 35 36 49 59 65 
5 5 15 16 18 14 24 34 38 12 22 19 30 26 38 51 55 14 26 39 33 25 54 59 78 
6 7 13 15 22 12 23 32 38 9 21 26 31 22 33 52 61 15 21 34 35 24 42 61 82 
7 6 16 30 21 11 24 36 36 10 20 25 31 25 43 50 66 14 26 34 38 27 50 64 78 
8 5 7 13 23 10 23 30 32 9 15 21 29 17 28 41 55 12 20 34 39 23 46 59 68 
9 7 12 17 19 13 26 36 46 11 19 30 32 18 38 46 57 13 28 29 33 24 40 66 82 
10 8 14 23 24 14 21 43 45 9 21 30 36 23 39 57 55 19 23 32 48 25 50 75 70 
11 7 13 17 21 14 20 31 33 11 17 29 29 20 38 61 50 14 22 33 32 22 44 54 77 
12 6 15 18 19 11 22 33 31 11 20 26 29 22 34 54 64 12 22 31 38 27 40 66 64 
13 6 11 18 19 12 18 29 27 10 20 28 29 19 33 45 51 13 25 28 35 24 46 61 72 
14 5 14 14 25 13 18 32 48 11 19 21 30 19 37 60 55 13 23 30 35 25 43 57 75 
15 6 12 18 18 12 24 32 40 13 17 28 26 20 41 47 63 13 20 33 33 25 48 57 70 
16 7 11 14 18 19 22 26 40 10 19 21 25 19 33 46 65 15 26 31 32 32 50 63 70 
17 6 9 17 18 11 24 22 34 12 17 23 22 22 30 47 52 16 22 27 26 26 44 74 67 
18 6 9 14 12 16 21 28 34 10 16 26 30 22 32 45 54 14 20 25 31 27 42 49 52 
19 6 9 15 18 13 25 33 40 10 19 22 27 20 38 52 48 13 28 32 33 26 42 55 61 
20 7 12 19 19 15 24 35 35 12 22 24 27 21 33 54 56 17 24 29 39 29 42 60 71 
21 8 14 16 17 13 24 32 42 13 19 24 22 23 41 45 48 15 22 27 32 30 46 59 62 
22 10 11 19 15 17 21 33 31 14 20 22 27 22 36 48 48 15 25 28 40 26 49 51 58 
23 7 10 14 18 19 23 25 34 13 17 22 26 25 35 49 56 14 23 27 33 26 47 57 56 
24 7 16 18 16 14 19 26 30 14 16 26 27 26 38 41 57 13 26 28 34 30 49 60 67 
25 8 10 13 19 16 25 27 36 12 17 22 25 27 35 42 54 15 21 27 30 29 39 54 56 
26 8 13 15 18 16 30 34 38 12 17 27 25 21 31 47 58 15 22 29 30 25 42 55 57 
27 8 13 12 17 12 23 27 42 11 15 24 24 21 37 39 52 13 21 28 33 26 47 59 58 
28 7 13 14 19 14 22 31 33 13 19 28 24 22 33 41 50 15 22 26 28 29 42 59 60 
29 5 7 12 12 9 17 29 24 9 16 19 22 18 37 45 45 13 18 29 27 22 38 52 55 
30 7 11 13 17 16 22 35 29 12 18 22 25 20 34 46 46 14 24 27 30 28 42 62 57 
31 6 9 11 12 11 22 28 24 11 15 19 30 26 38 43 44 15 23 30 33 30 47 49 51 
32 8 9 16 13 16 24 23 23 10 17 28 22 24 34 42 62 18 22 28 37 33 63 57 58 
33 7 9 11 12 14 19 22 24 12 15 20 20 22 32 37 40 16 23 24 28 25 41 45 49 
34 9 9 17 14 18 26 27 41 13 17 25 24 26 39 46 54 18 30 28 31 30 47 63 57 
35 10 12 14 20 18 24 30 28 13 22 27 25 25 37 45 60 16 26 27 33 34 54 54 63 
36 10 11 11 14 13 20 23 32 13 19 22 24 24 39 48 44 17 25 27 29 31 43 49 57 
37 7 9 18 13 15 23 28 37 11 21 24 30 26 33 50 44 18 24 27 28 31 50 52 63 
38 9 10 14 18 16 22 28 33 12 18 24 24 23 38 42 49 15 26 30 39 28 42 53 62 
39 6 13 19 21 14 21 36 35 13 18 25 30 26 39 48 49 17 27 27 29 29 57 62 58 
40 10 10 14 19 14 23 27 28 12 17 28 30 23 40 61 61 17 20 26 29 29 53 65 60 
41 6 13 14 20 18 20 28 32 15 18 26 23 22 33 40 58 16 21 28 30 32 49 56 54 
42 6 9 12 12 11 18 21 27 9 17 19 20 22 32 37 41 12 20 25 34 26 41 52 51 
43 7 9 10 15 12 18 22 24 14 16 23 21 20 33 37 52 15 20 26 30 26 43 55 58 
44 7 12 13 15 16 26 32 39 11 21 22 25 24 32 44 50 15 21 29 27 29 47 55 58 
45 7 17 12 13 16 21 24 30 14 19 23 21 24 34 39 43 13 21 25 31 29 40 50 60 
46 9 12 11 15 14 20 31 29 13 19 22 26 23 44 41 59 18 22 32 33 32 48 59 69 
47 10 14 14 15 17 27 36 39 15 19 26 30 32 47 53 64 18 25 39 35 31 60 59 70 
48 8 9 18 12 15 25 29 29 11 19 26 24 25 41 45 51 15 27 28 30 33 47 55 67 
49 8 15 16 18 20 26 30 42 17 25 29 28 30 43 52 62 16 24 29 33 37 55 58 62 
50 7 15 15 20 15 31 33 31 14 22 27 30 23 37 61 59 20 27 32 31 30 59 74 60 
51 8 11 14 15 18 30 29 34 12 18 26 23 31 43 53 54 17 25 31 31 34 50 56 70 
52 11 9 12 15 16 23 39 24 13 18 19 21 25 37 43 50 19 24 26 30 34 48 58 58 
53 7 11 13 12 12 19 29 24 12 17 26 26 28 34 39 41 15 22 26 29 32 41 64 67 
54 8 10 12 12 15 26 22 31 12 17 20 23 24 33 45 42 16 22 30 30 32 43 50 66 
55 7 10 13 17 14 20 27 25 13 18 21 23 23 37 43 47 16 23 26 29 35 45 64 61 
56 8 11 11 14 16 22 24 40 11 18 19 22 25 39 41 54 16 23 26 28 31 50 53 56 
57 9 12 12 17 15 21 33 26 16 20 27 22 27 36 42 45 17 23 37 32 32 45 54 64 
58 8 12 15 14 14 21 34 37 13 22 22 30 23 40 45 60 17 24 29 31 35 52 59 62 
59 7 10 12 15 18 23 29 26 13 21 23 21 27 35 50 45 15 24 28 31 30 45 60 54 
60 8 13 15 20 15 20 31 30 13 25 22 26 25 41 59 52 17 25 31 33 32 44 55 60 
