1 7 11 17 20 13 24 34 38 11 18 29 23 20 40 48 68 14 22 33 38 25 41 62 74 
2 6 16 17 21 13 25 37 36 11 19 19 33 23 31 47 57 12 23 27 39 26 44 58 71 
3 6 11 11 17 13 21 33 38 11 18 28 32 21 33 50 71 13 24 31 36 25 45 68 65 
4 6 10 18 18 14 25 32 37 12 18 27 32 21 31 54 70 12 22 33 31 20 45 62 74 
5 5 12 13 20 15 19 28 40 11 18 22 35 23 35 54 63 12 23 30 35 22 57 65 90 
6 7 10 16 16 12 28 28 39 10 17 26 29 22 45 51 55 13 26 34 30 26 43 63 65 
7 8 12 18 20 11 30 34 40 11 21 29 33 25 32 52 59 13 24 36 38 24 48 60 70 
8 5 12 14 21 16 19 29 31 10 16 21 26 15 31 45 58 11 26 28 34 25 40 53 61 
9 8 13 17 17 10 23 33 36 11 22 26 30 19 35 49 50 14 30 33 40 25 41 62 71 
10 8 10 14 22 16 22 35 45 11 18 37 39 20 42 62 64 15 29 39 37 29 51 55 82 
11 6 10 14 19 12 21 27 33 10 17 25 28 22 32 49 53 14 22 39 34 23 46 58 63 
12 6 9 18 18 11 24 36 38 8 18 25 29 19 34 62 53 14 22 30 34 20 50 58 68 
13 6 9 12 16 12 26 29 45 12 19 25 27 19 39 39 53 13 24 32 40 26 44 57 76 
14 6 11 17 19 11 21 29 42 9 18 28 29 19 37 52 51 15 22 32 33 26 46 58 68 
15 7 14 19 16 14 24 37 37 11 17 25 27 19 35 49 61 13 26 27 44 23 47 63 73 
16 6 12 13 17 12 26 33 34 13 19 23 26 25 47 49 58 15 28 30 34 31 54 61 54 
17 8 10 15 18 11 27 23 24 12 19 22 23 22 35 46 48 14 23 23 36 24 38 62 66 
18 5 10 11 16 12 30 30 38 11 15 19 26 26 33 41 49 13 20 26 26 30 45 52 56 
19 6 13 20 20 16 20 28 36 11 20 24 24 20 36 41 51 15 24 26 28 29 46 59 59 
20 9 16 16 20 14 25 26 35 11 18 21 29 19 37 53 50 16 26 32 28 27 53 60 67 
21 9 14 16 16 14 32 32 45 13 19 27 24 22 36 50 65 13 20 33 33 34 51 57 63 
22 6 13 16 20 14 28 31 32 12 16 23 24 21 36 41 54 15 23 30 29 28 50 58 73 
23 7 11 20 16 15 29 28 36 12 19 23 25 23 34 47 59 16 26 30 32 25 52 53 58 
24 8 12 12 18 13 23 35 33 12 21 28 27 24 37 46 64 15 26 32 32 32 46 52 66 
25 8 12 12 14 13 27 30 31 11 18 23 24 24 43 44 54 16 21 25 28 31 46 61 59 
26 7 11 15 18 15 24 38 32 12 20 28 27 21 48 48 50 13 21 32 37 25 47 57 65 
27 6 11 14 15 12 24 23 31 12 18 20 23 22 37 41 48 15 21 26 29 25 45 54 61 
28 6 10 14 17 12 21 28 28 10 21 20 24 21 42 43 50 13 24 25 32 29 45 61 60 
29 5 9 12 11 11 19 25 31 10 17 19 26 17 31 42 40 13 19 25 27 23 37 56 52 
30 8 11 14 17 15 23 29 37 11 18 24 23 24 33 45 53 14 25 25 28 26 42 50 57 
31 7 9 13 13 13 18 27 28 11 16 18 21 21 34 51 47 14 20 27 25 26 40 50 59 
32 7 10 11 13 12 35 29 26 14 16 23 23 22 30 38 43 14 20 27 29 30 49 56 51 
33 7 9 11 14 15 18 22 23 12 15 19 20 21 31 37 41 14 20 25 25 28 41 49 52 
34 8 9 18 15 20 25 25 38 15 22 22 21 25 40 51 44 19 21 27 28 32 44 70 60 
35 9 12 17 15 15 30 29 32 16 21 22 25 27 39 50 49 17 23 36 28 30 47 64 67 
36 7 9 13 13 15 20 26 31 11 19 26 23 23 41 41 44 15 21 27 27 31 46 52 59 
37 7 10 11 15 18 22 31 32 14 18 19 28 23 41 52 43 17 22 29 34 28 52 49 66 
38 6 11 13 23 16 24 28 33 13 19 21 25 23 38 44 48 14 22 28 29 28 46 53 69 
39 7 14 17 17 16 25 41 32 13 21 21 27 26 44 48 59 15 24 33 33 33 63 60 72 
40 8 12 12 14 14 21 23 34 11 17 24 27 22 38 43 53 17 26 25 37 31 42 59 61 
41 7 10 13 18 18 27 32 30 13 17 22 24 24 34 42 50 17 22 31 38 29 43 61 73 
42 6 8 15 15 11 19 27 25 11 16 23 21 23 31 39 41 15 20 27 29 26 43 49 52 
43 6 9 13 15 12 22 23 29 12 19 24 24 25 37 39 46 17 22 26 27 29 43 52 54 
44 8 15 15 15 20 22 33 33 13 19 21 24 26 39 48 47 16 23 28 28 34 56 56 64 
45 7 13 15 18 15 26 27 30 12 18 22 23 23 34 45 53 15 22 26 32 31 46 58 58 
46 9 10 14 17 18 25 34 37 13 20 24 23 27 40 49 47 18 25 30 33 32 51 67 71 
47 8 16 18 16 20 35 34 41 16 20 25 26 34 46 66 61 17 36 35 37 35 57 57 64 
48 10 14 13 19 14 35 39 30 13 22 30 25 26 41 41 56 17 27 29 39 36 48 59 68 
49 8 14 21 19 21 21 27 56 15 25 24 29 31 41 57 54 18 27 37 41 33 51 67 68 
50 12 13 14 18 19 35 45 30 20 23 22 30 31 41 45 63 18 24 30 32 34 68 63 71 
51 7 15 18 20 19 26 35 39 13 19 26 28 33 41 50 59 19 29 34 33 36 55 75 72 
52 9 10 12 15 15 21 28 28 14 18 23 24 29 38 47 51 17 25 29 36 36 47 57 62 
53 7 9 13 15 15 21 24 28 14 17 22 22 24 43 40 52 16 24 30 28 35 50 59 64 
54 8 10 14 15 17 24 24 30 11 20 21 25 27 36 45 50 16 22 32 28 30 54 59 65 
55 7 13 16 12 16 21 24 30 13 18 22 26 24 36 57 46 19 24 26 33 30 50 52 63 
56 9 11 15 14 17 26 25 37 14 18 22 24 27 43 42 49 16 26 26 29 34 45 54 63 
57 8 14 13 18 15 24 30 35 13 19 22 28 30 38 50 50 17 24 30 29 33 58 60 60 
58 9 10 12 14 15 29 33 39 13 21 26 28 26 39 46 50 16 23 32 31 36 46 56 60 
59 7 11 13 19 18 22 26 30 15 18 22 23 26 38 45 50 17 24 29 29 34 48 55 62 
60 8 13 17 19 17 23 34 37 12 20 24 25 27 43 57 51 16 23 29 33 32 46 64 70 
