1 9 14 18 17 10 25 33 47 13 15 23 25 18 35 49 63 13 23 31 33 27 44 60 79 
2 6 11 14 22 12 28 30 41 10 17 25 26 23 43 50 56 13 26 32 29 27 43 61 66 
3 6 9 13 25 12 22 30 39 11 18 24 30 19 37 56 50 12 21 26 33 26 37 59 75 
4 7 10 14 22 11 26 32 43 12 20 27 28 18 33 45 51 11 24 26 33 22 46 64 68 
5 5 11 19 23 12 34 47 36 11 16 23 25 22 38 50 59 13 25 33 35 19 46 59 77 
6 6 13 18 19 11 24 32 37 10 17 26 30 22 37 50 49 13 24 31 33 25 50 57 74 
7 7 15 18 19 12 33 34 49 9 20 29 29 20 33 46 54 15 24 30 36 25 48 67 70 
8 7 11 16 16 10 20 34 29 10 20 20 31 18 30 51 48 11 24 34 39 26 40 62 59 
9 6 12 17 21 14 20 28 46 10 20 31 24 19 35 58 55 14 25 31 37 24 44 71 67 
10 6 11 21 19 16 28 32 39 11 19 34 42 17 38 57 80 13 24 37 40 25 51 81 93 
11 5 10 15 18 13 19 28 31 10 16 24 26 20 35 51 59 12 25 33 35 21 48 57 71 
12 5 12 14 17 12 22 31 36 11 17 23 29 21 29 53 48 14 25 27 37 24 48 61 66 
13 7 15 10 21 14 25 28 46 10 18 23 26 20 31 41 50 13 27 29 31 25 44 55 66 
14 6 11 20 21 12 21 33 35 10 18 27 27 18 37 46 58 14 22 33 38 23 45 65 73 
15 8 10 16 19 13 25 40 32 11 19 23 30 22 40 46 62 14 24 31 36 29 38 63 73 
16 7 14 16 14 18 34 36 33 13 21 24 28 27 36 53 50 14 23 29 33 30 44 55 76 
17 8 8 12 13 13 18 31 33 10 17 19 22 23 33 41 49 14 22 26 34 28 41 55 63 
18 7 11 13 15 11 22 24 28 12 19 26 23 19 33 39 61 14 21 28 30 30 38 52 61 
19 7 12 13 22 14 21 36 29 12 20 24 25 23 35 39 47 14 23 29 28 29 44 51 65 
20 6 10 14 15 16 29 31 28 15 19 25 27 24 47 40 52 15 25 35 32 29 46 52 77 
21 6 15 19 15 16 27 33 35 11 18 29 24 30 35 45 56 14 26 25 28 28 50 58 72 
22 6 13 14 17 14 24 33 49 11 15 22 23 25 41 41 44 15 20 29 30 28 56 66 61 
23 9 13 16 15 15 22 36 28 11 18 25 24 26 39 46 56 14 24 29 29 27 43 60 64 
24 9 10 14 16 13 30 37 33 12 16 23 29 22 43 54 57 15 23 28 34 25 44 62 79 
25 8 13 13 13 14 23 27 30 12 18 20 25 27 39 41 52 15 21 26 29 31 41 52 59 
26 7 12 15 14 13 21 31 38 11 23 23 24 26 33 41 53 14 20 32 34 28 45 56 63 
27 7 10 12 13 17 25 27 34 12 18 23 23 23 33 42 46 13 21 28 30 26 42 54 59 
28 8 16 20 14 12 27 27 34 14 16 23 27 19 35 43 52 14 22 27 32 31 44 50 60 
29 4 10 13 13 9 26 24 27 10 15 19 25 17 29 37 42 12 20 30 30 24 40 47 53 
30 8 12 13 18 15 22 25 27 11 20 21 22 20 39 40 44 15 24 27 30 31 44 57 62 
31 6 9 15 15 12 28 22 25 11 18 20 22 20 30 37 41 16 25 29 26 28 44 47 63 
32 7 11 12 12 17 18 23 26 12 18 22 22 27 39 48 41 16 19 28 34 31 48 57 60 
33 6 9 10 12 12 17 21 24 10 16 21 21 25 30 36 43 15 20 24 26 30 44 52 51 
34 7 9 15 12 17 22 29 30 12 24 28 25 27 48 48 42 16 26 34 27 33 46 62 61 
35 8 14 17 14 14 30 26 35 13 24 22 23 29 44 41 50 17 23 34 34 28 51 57 59 
36 8 16 13 23 15 19 26 34 13 16 20 22 26 34 48 52 14 21 27 28 30 46 52 54 
37 7 11 13 12 16 19 23 39 14 17 24 21 22 52 40 43 17 26 25 29 27 45 50 72 
38 7 12 13 20 12 24 26 28 12 17 24 21 25 47 40 53 14 25 31 31 31 47 61 60 
39 11 12 17 16 14 29 32 47 15 20 28 30 25 37 50 54 15 26 28 36 33 56 52 61 
40 6 14 16 16 14 31 23 47 12 17 20 25 23 33 52 52 13 24 32 27 35 46 62 55 
41 6 14 20 19 14 23 33 32 12 20 22 28 24 41 45 50 15 29 32 33 30 47 64 59 
42 6 10 12 12 12 18 31 24 10 15 19 21 19 32 38 49 15 22 25 27 25 39 49 53 
43 6 11 11 17 12 19 25 30 11 20 20 24 20 31 51 45 15 22 32 32 27 47 52 55 
44 8 11 16 16 17 21 27 28 12 19 22 23 26 36 41 47 16 26 27 31 31 49 59 70 
45 8 12 14 15 17 21 30 25 14 18 21 25 23 39 46 49 18 21 28 28 28 45 53 58 
46 8 13 15 16 20 30 35 30 14 23 21 23 31 40 47 49 16 25 29 31 36 48 61 74 
47 8 12 20 21 16 27 47 34 16 26 27 30 30 48 51 66 20 28 32 35 37 59 61 63 
48 9 14 13 13 21 25 33 38 13 19 29 29 26 37 52 48 18 27 33 34 31 44 61 68 
49 10 13 19 20 19 33 33 37 17 21 31 30 27 45 64 70 20 25 32 37 35 57 78 64 
50 10 15 16 19 18 36 38 29 13 26 28 26 27 41 53 53 16 26 31 36 35 58 60 71 
51 11 14 26 17 19 31 35 50 15 20 33 26 29 51 49 59 19 24 35 32 33 47 66 67 
52 9 11 17 15 20 25 28 30 13 20 22 24 25 45 45 51 17 24 27 29 35 46 58 66 
53 9 11 12 13 14 19 24 27 13 19 22 22 24 37 39 50 18 24 26 36 37 49 54 75 
54 7 12 12 14 14 23 40 35 13 19 20 22 26 36 39 54 17 21 30 31 34 46 65 57 
55 9 12 12 14 15 30 30 27 13 18 26 26 25 43 44 48 16 25 28 29 30 53 59 61 
56 9 10 13 13 15 21 26 27 14 21 21 24 26 35 46 53 17 22 30 30 32 48 55 60 
57 8 10 15 13 17 23 26 27 14 19 24 25 30 42 46 53 17 25 31 29 30 59 63 62 
58 9 14 14 17 15 25 25 40 14 22 27 25 27 44 46 55 15 24 29 32 34 58 64 70 
59 9 12 13 13 17 22 30 34 14 20 21 21 27 37 41 54 16 28 30 30 31 47 59 63 
60 8 13 16 17 17 26 28 42 15 20 22 27 27 43 46 60 16 25 26 32 37 49 62 70 
