1 5 10 19 21 12 21 35 38 9 21 26 36 19 36 45 60 16 22 28 32 28 48 64 67 
2 7 11 19 16 10 17 39 38 11 17 23 31 19 34 55 52 15 22 31 32 26 56 57 66 
3 6 10 17 19 13 26 38 33 10 18 22 31 19 33 46 55 13 22 32 38 23 40 62 77 
4 6 11 15 18 12 21 36 38 11 16 28 33 23 45 57 69 12 27 31 41 26 40 59 66 
5 6 15 13 19 13 26 26 43 11 23 25 31 18 42 63 59 11 19 33 35 25 41 78 80 
6 7 10 17 22 13 24 37 34 12 16 26 26 22 35 56 60 12 22 29 37 22 43 61 62 
7 7 13 15 21 12 28 39 40 10 24 27 34 18 41 56 54 13 26 32 36 24 48 65 71 
8 5 11 17 20 8 18 24 30 10 16 24 28 21 28 49 51 13 20 29 29 25 39 60 61 
9 7 11 19 19 13 31 42 44 11 21 26 31 19 38 57 57 13 26 33 37 28 47 62 80 
10 7 12 13 25 15 27 35 41 11 21 26 36 20 35 54 76 15 26 36 41 23 45 62 74 
11 7 11 13 19 11 24 32 38 10 18 25 25 18 31 46 51 13 22 35 37 20 43 57 77 
12 6 12 13 17 15 24 35 32 12 17 21 25 19 37 42 71 14 21 29 34 21 41 53 64 
13 6 11 11 17 15 21 25 32 12 15 22 33 20 35 43 54 12 22 30 29 24 41 58 73 
14 6 13 18 19 12 25 28 41 10 15 25 29 20 40 44 50 12 22 34 39 25 49 58 69 
15 9 11 18 20 13 26 32 42 11 16 24 30 19 40 53 59 12 24 31 32 28 47 59 63 
16 7 13 18 15 14 20 34 33 11 21 26 27 24 37 47 51 15 21 30 33 26 49 54 64 
17 8 11 15 15 19 20 29 46 11 19 20 29 19 32 42 52 14 22 26 31 28 42 58 59 
18 6 10 11 13 14 25 29 26 9 16 23 22 21 34 43 51 13 21 24 32 25 40 58 60 
19 7 11 18 18 15 22 27 26 11 19 23 24 21 38 47 52 16 20 32 30 25 42 52 62 
20 7 12 18 15 16 23 37 32 11 20 21 26 26 36 56 46 14 25 25 37 28 48 64 58 
21 8 11 15 16 18 35 34 35 12 21 24 33 20 38 51 51 15 25 31 33 29 51 73 68 
22 8 13 14 16 15 22 24 26 12 19 21 28 21 46 52 59 14 22 27 32 28 43 54 56 
23 8 11 20 17 16 30 30 31 13 20 29 25 23 36 45 52 13 23 30 32 28 47 64 64 
24 8 13 14 15 13 26 38 40 10 18 23 24 20 36 60 59 15 24 32 31 25 43 52 63 
25 8 10 12 13 14 20 28 28 12 17 22 25 23 35 48 50 15 22 29 30 29 45 53 55 
26 6 12 16 18 12 23 30 32 11 19 27 27 22 38 59 52 14 22 30 33 26 50 59 62 
27 6 10 12 14 14 22 26 28 9 16 21 22 23 38 40 44 14 20 27 30 28 45 51 63 
28 7 11 14 16 14 24 27 34 11 19 23 25 19 38 42 52 15 22 29 30 31 43 59 64 
29 6 8 13 13 10 19 23 24 9 15 19 20 17 31 45 44 12 21 25 28 22 42 57 55 
30 8 13 13 19 13 21 25 32 12 16 23 22 22 36 40 51 14 21 28 29 29 45 50 61 
31 8 10 12 14 14 29 25 32 10 16 19 23 25 31 45 40 14 20 27 26 30 42 51 59 
32 8 9 11 18 15 17 34 33 10 17 21 23 26 37 42 40 17 21 28 34 27 49 47 63 
33 5 9 11 11 13 23 23 24 10 17 18 20 25 31 39 39 14 21 23 25 32 39 53 53 
34 6 16 13 14 16 33 44 25 11 22 22 26 24 40 43 40 19 25 25 27 33 48 68 56 
35 10 17 15 14 16 26 34 32 14 19 21 29 24 35 44 50 16 25 32 35 29 61 60 58 
36 9 11 14 13 14 20 24 25 11 17 20 23 25 34 39 42 15 25 26 30 32 45 57 55 
37 6 9 14 17 16 33 23 32 12 21 23 22 26 37 46 52 16 23 31 36 32 48 61 55 
38 8 11 14 14 18 23 27 37 12 16 23 26 22 35 44 44 15 24 26 28 29 45 56 60 
39 8 19 19 18 15 27 31 36 14 20 24 27 26 51 50 47 19 28 33 35 30 57 58 70 
40 7 10 12 13 13 19 31 35 12 21 20 23 27 36 42 45 14 25 26 33 28 44 54 54 
41 8 12 18 19 13 25 31 35 13 19 26 31 24 37 45 49 16 25 34 33 29 50 59 61 
42 6 10 12 14 11 26 24 30 12 16 19 22 27 30 37 52 15 21 26 27 27 42 48 53 
43 7 9 13 16 14 23 31 28 12 20 23 21 24 36 39 46 15 22 26 28 27 41 51 54 
44 9 13 14 13 16 29 28 31 13 17 24 22 24 36 47 53 15 22 26 30 31 47 62 58 
45 7 10 16 17 15 20 30 27 14 17 23 22 22 39 40 53 16 22 26 33 30 50 56 56 
46 10 12 13 18 14 25 31 24 15 20 22 26 28 41 48 57 18 27 32 36 34 51 64 60 
47 11 15 18 18 20 24 31 43 14 25 27 26 29 50 58 50 23 31 32 38 34 52 65 70 
48 8 12 13 16 16 24 28 32 14 19 26 25 26 44 58 64 19 28 33 35 40 47 58 61 
49 7 14 21 24 20 34 42 47 14 21 27 32 31 60 53 49 22 30 31 32 35 49 79 69 
50 8 15 21 15 17 21 34 26 15 25 26 28 26 51 51 56 17 27 30 37 37 57 59 67 
51 7 10 15 19 18 21 28 30 13 22 23 30 26 46 55 57 18 27 32 35 35 49 67 62 
52 9 10 12 14 18 27 24 26 12 20 23 22 29 39 41 45 17 24 28 32 36 50 60 71 
53 8 9 11 18 16 20 24 26 11 18 25 25 25 34 39 49 18 23 25 32 34 44 52 58 
54 7 12 15 13 15 20 24 25 14 17 21 22 26 40 48 52 17 23 32 32 31 47 55 70 
55 8 15 11 14 19 28 29 28 16 19 21 24 26 40 50 55 19 23 29 30 33 48 56 66 
56 9 10 14 16 15 23 25 27 13 19 23 23 24 37 51 48 17 23 28 29 34 45 54 68 
57 9 11 18 19 19 21 30 26 14 22 22 28 25 39 52 55 18 23 27 31 35 49 65 61 
58 10 12 16 15 19 25 32 33 14 19 24 30 25 41 49 59 18 25 30 32 33 51 61 64 
59 7 11 15 13 16 21 25 31 15 19 23 22 26 40 42 44 18 25 28 33 33 50 58 63 
60 8 11 16 19 19 27 27 33 13 22 28 27 24 47 50 52 17 27 31 32 33 51 57 62 
