1 259255 257948 259090 258062 255431 259300 247362 247362 249752 258009 259416 258723 255429 247362 255805 247362 258790 247566 256131 256839 255379 255860 256654 257312 
2 258471 258771 261203 258471 257401 258471 257401 258923 257401 257401 260394 257401 257401 257401 257401 258285 257401 258771 257401 258471 258571 257401 257501 258471 
3 264356 269567 270733 271972 271968 264647 271104 270733 270733 271178 269567 271452 270733 270733 271785 271178 269567 270721 271112 271826 264936 264857 270733 271524 
4 287820 290510 288516 288433 288305 288745 289903 287836 288418 288902 290172 289903 289170 287836 289480 289291 288305 288005 288050 289258 287375 287714 288778 287682 
5 256920 257007 257801 259497 256548 256996 257221 257771 256548 257814 259178 256571 257221 256548 248881 257186 258261 257659 257512 258020 257111 256548 257007 257154 
6 298665 298665 300280 302548 298750 298750 298665 298750 299781 299015 298665 298750 298665 298665 298665 298764 298665 300500 298665 298750 299015 298665 298665 298665 
7 311044 301967 300371 325331 298799 301673 298406 299589 300575 301051 301365 299591 297496 298799 297497 299830 324293 301022 297496 304826 297551 299366 298118 297778 
8 250125 251427 251246 252267 252588 251797 252356 252490 253606 253257 250125 253724 250998 251288 251577 252083 253389 253612 251427 252956 251797 250125 251288 251288 
9 283044 285566 282994 284314 282960 282994 282960 284957 283930 282960 285222 284444 282960 282994 282994 282960 282960 282960 287549 286171 282960 282960 283044 282960 
10 280680 280680 280694 280680 280680 280680 280680 280848 280680 280680 280999 280917 280680 280680 280680 280848 280694 280680 280848 280680 280999 280694 280680 280694 
11 314236 313180 312670 313581 313380 312670 313068 312831 313581 312670 314414 313581 313581 313581 312919 313180 315160 313068 314467 313581 314667 312670 313581 313180 
12 281429 283555 282339 283743 282531 282565 284338 282531 281429 283676 282398 283476 281429 281132 282531 281847 281429 282617 281649 282531 282242 281649 283166 282256 
13 261828 263839 265062 263230 264434 262304 263937 263534 263435 265023 265510 265495 262593 263710 263181 263327 262032 264348 265023 261828 265442 262551 262174 261828 
14 329926 306295 305513 328644 329172 329363 328644 305513 328360 328360 306199 328360 305513 328360 309091 312192 329926 328644 328360 309959 329975 305513 311873 305513 
15 320003 315682 315111 319797 314798 315322 317166 315322 315322 315480 317524 315111 315864 314332 303511 318300 315864 316767 316018 316049 315820 315576 316950 315576 
16 280297 281514 278523 281904 278124 280054 279483 278362 278317 279734 282812 279594 277919 280553 277543 277417 279305 279997 279097 280100 279796 280221 278317 280297 
17 212153 212037 211099 210859 210212 210212 210679 210212 210212 210212 211829 210412 210212 210915 211278 210212 210212 210779 211049 212274 210512 210526 210464 211741 
18 247222 246044 246737 246524 246524 245848 245848 246451 245937 245884 246476 245937 247090 245848 246476 245926 249256 245848 246186 246737 246524 246524 245848 246476 
19 242014 240836 243289 239221 239221 239221 239221 239221 244208 240131 239644 242075 240799 239644 239644 241501 239221 240600 239771 240393 239221 240144 239371 239721 
20 311008 312017 312521 312530 311175 308006 309103 310686 310255 309597 309103 310160 309586 310237 309830 309711 308968 311040 310960 312209 310574 310639 310652 309532 
21 262736 260071 263086 261926 260071 260071 261966 262090 260071 263152 261006 263701 260071 260071 260926 263287 260071 262975 264147 261589 260071 262245 261260 261517 
22 246244 246244 247204 247200 247140 246697 247871 247870 246327 246652 248688 249235 247462 246952 246652 247200 247465 247132 247657 248034 246571 247163 248184 247204 
23 292782 302461 292372 292241 292440 292265 291744 294157 292182 291624 295898 291624 291732 291744 291624 292386 293828 291981 293773 295051 291624 291508 291981 293965 
24 295293 288258 294160 294171 292990 294604 294380 288931 295361 288643 289568 295460 292990 292990 289313 287777 292990 293985 289318 294304 288593 289043 289082 287727 
25 269103 269760 270574 269016 268694 268969 269268 269268 276038 268476 270380 270342 268694 269103 269016 270452 269103 270096 270466 270469 268476 269016 269597 268969 
26 261995 274223 261127 279990 261127 261127 261659 261127 261127 261127 261127 265289 261127 261995 261374 261476 263243 261127 269651 261127 261127 261127 261476 261476 
27 260083 258898 259668 261793 259792 257398 257398 258625 258863 258516 258516 258100 257153 257278 258113 258298 258100 257775 257398 258516 257278 258614 258100 258461 
28 249635 249767 249583 250041 248531 249582 249525 249242 249635 249428 249987 249627 248560 249690 248560 249662 249635 249136 249646 249977 248531 250378 248390 249968 
29 276249 279870 279460 279882 275238 275994 275895 276760 278529 276760 276922 274905 276644 275994 275238 276922 276922 276760 275238 281487 279888 275994 277756 277677 
30 256944 258658 259241 259492 258460 258364 258504 258314 258353 258735 259143 259339 256944 257859 257809 258053 258460 258180 259403 259894 257823 256944 259143 258364 
31 261097 261474 261237 260629 260282 260282 259844 261450 260936 260282 261306 260701 262144 260701 260805 260513 260883 262238 261097 260627 261097 260608 261097 260181 
32 263859 266042 264370 264171 263897 263706 265525 264093 264101 265015 266933 265670 263576 265214 264509 264417 262576 265869 263822 264930 264570 263851 264477 264863 
33 250842 250522 251355 251223 250815 251321 251279 251223 250742 250661 251111 251322 251179 250522 251584 251210 251179 251646 252043 251759 250661 251716 251493 251464 
34 273100 271888 272867 272049 271574 272335 272534 272082 271334 270499 273318 272101 273267 272251 269858 270880 271305 272269 272289 272454 270880 271620 270865 273386 
35 207733 205729 203349 206568 204680 205094 206472 205668 205503 207420 206983 205257 205838 203823 204847 205233 204496 204432 205484 206260 203949 205737 206154 206355 
36 284965 283765 283678 286087 283678 283722 284134 283809 283678 286403 283809 285000 283809 286483 283809 283900 285570 283678 283809 285415 283678 285241 283765 283809 
37 302055 302205 303566 302205 302055 302028 302055 302055 302055 302028 302205 302445 302178 302028 302028 302188 302055 302028 302314 302188 302028 302144 302205 302205 
38 210402 210705 211662 210212 210629 210212 210700 210212 211761 210924 210838 210212 210838 210212 210212 210212 211354 211085 210650 210212 211354 211108 210212 210212 
39 231831 231729 232439 232502 231358 231765 230983 232088 230992 231343 231793 232885 230992 231935 231698 232026 231447 231548 230992 232734 230992 232306 231344 231629 
40 230506 231565 231471 230506 230506 230782 231782 231961 230506 230506 233034 232549 230506 230974 231522 233473 230506 231745 231095 233086 230514 230996 230782 230506 
41 293471 294041 294267 296078 290850 290966 292133 291737 294805 291796 290732 292956 290897 292623 291756 290732 294679 290040 290156 292790 290040 290311 291230 292892 
42 286965 284227 284636 282535 283560 286935 285667 286046 287780 284304 287971 285659 285723 283236 287037 285202 280832 283534 286473 284081 284866 285910 282492 287035 
43 264683 263562 263737 263574 263160 263160 263615 263122 263562 264389 264832 264260 262702 262702 263451 263875 264318 263502 262702 264746 265318 262702 263520 262702 
44 245070 246422 246075 247991 245070 245552 245070 246535 245147 245941 245070 246274 244517 244928 247041 244517 245751 246719 244517 244967 244517 245147 245717 246436 
45 235883 236392 236524 235044 234692 235114 235174 236721 234502 234901 238009 237782 234389 234692 235828 237062 234833 234558 235930 236370 234505 234311 234833 235828 
46 222714 221764 221900 223393 221161 221161 221161 221900 223289 221635 223328 222669 221114 222464 222495 221315 221900 222564 221977 223110 221161 222012 221161 221161 
47 249073 247143 251468 247828 248498 247692 248387 248580 248580 247750 249850 249589 247357 248186 248595 248988 248599 248910 250418 249248 248747 246993 248132 248054 
48 263461 263851 263509 264437 262958 263250 263810 264220 262574 262499 263514 264106 263491 262380 263500 262051 262560 261860 262038 263658 262542 263662 263000 261596 
49 231393 231085 231774 230964 231393 230973 230465 231085 232214 230566 231393 231561 230698 230689 230960 230565 231393 231766 231712 232082 230502 230705 231361 231393 
50 264347 264289 264398 263022 263678 264219 263891 264600 264146 263302 264395 262326 264056 264279 263523 263841 264353 263406 265338 264499 263748 263786 263901 264802 
51 276198 274853 277926 276081 273904 274519 273390 275049 275148 277028 274167 274275 274093 275220 274501 274068 274371 276175 274772 276531 274047 274499 274266 274315 
52 239783 243331 241360 241326 239783 240224 239783 240224 239783 239783 240430 241202 240224 239783 240430 239783 240224 241199 240992 240224 239783 240224 239783 240318 
53 221785 222210 221347 221290 221474 221474 220631 221443 220639 222364 222558 221962 224229 220829 221379 221058 221943 221379 222929 222488 220639 222730 220639 221538 
54 237911 230254 230874 234102 233944 230430 230254 230374 236801 230209 230254 230430 230209 231048 230209 230493 233074 232000 230814 232378 232570 230854 230385 231515 
55 231961 231654 232707 230904 231823 231064 231064 232634 231097 231625 231702 231919 230207 232165 231062 231703 232250 233223 231991 231391 231391 231644 231893 231644 
56 271293 270922 276215 275966 271367 270394 271109 271492 274227 272143 271150 271849 271956 270315 270700 271859 271344 270226 273047 272044 272218 272152 271832 272966 
57 294435 295750 294437 297304 292567 292566 294251 294547 291720 291327 295041 295663 292307 293081 295437 295669 296071 296123 294633 295471 292547 292919 293784 293320 
58 254190 253503 255745 253915 254059 255363 254944 254951 254059 254474 255630 253915 255113 254813 255028 254866 255703 254252 254872 255073 254742 254765 254059 255396 
59 206272 206883 205063 206168 205480 205480 205063 205014 206987 206138 207506 205511 205526 205645 205358 205050 205312 206032 205607 205637 204472 205607 205014 205358 
60 239759 241179 238503 241580 238650 239315 240191 239740 239401 241808 245086 238461 238964 240844 241959 239573 242799 239283 240968 239252 239970 239155 240068 238934 
