1 256902 256287 256332 256061 258375 258241 257982 257686 259697 256411 249697 257729 255431 255431 255625 255805 258009 247362 256654 256061 255591 255431 248211 257312 
2 260487 259188 260851 260393 257401 257401 257401 258288 259922 259496 257401 259515 257401 257401 258471 257401 259981 259090 257401 259868 257401 257401 257401 257401 
3 269567 270721 271121 265803 264356 269567 270733 264897 264936 270721 271924 271104 270721 270721 264936 265213 273426 271112 270733 271826 270721 270733 270721 270721 
4 287820 289050 290208 290919 288254 290468 290253 287938 287271 287820 290746 291189 287851 287851 289197 288553 288662 288196 289102 290552 289170 288516 287744 283783 
5 258070 256548 258324 260127 257659 258922 256571 258432 257801 256571 256571 257221 257520 257710 257154 259330 259178 257520 258929 259025 256548 248670 257805 256548 
6 299951 298665 298665 300008 299986 298665 298750 300500 300485 298750 298764 298665 298665 298665 298665 298665 298665 299015 299114 300630 299951 298665 298665 298665 
7 327312 326554 327724 326116 297496 301035 298406 300075 324177 326596 297778 298719 327536 297778 303483 302409 297496 298799 299624 297551 301169 297496 300003 298901 
8 252850 253175 250476 252270 251797 250125 251288 250636 254100 252270 252206 252211 250125 251288 252267 251797 251797 251832 251101 251288 253131 250125 250636 252035 
9 283930 282960 283044 284171 282960 284957 284314 283044 283044 285204 283044 285532 282960 286631 282960 283649 282960 282994 282994 286559 283044 282960 282994 282960 
10 280917 281035 281994 280917 280680 280680 280680 280680 280694 280999 281035 280848 280999 280680 280917 280680 280848 280680 280694 280917 280848 280680 280680 280680 
11 313068 314167 312995 312919 312670 312718 312670 313068 312995 313068 313894 313068 313581 312718 312919 312670 314467 313068 314172 313514 313479 313068 313955 312919 
12 281429 286737 282339 282242 281429 281059 281429 284683 285312 281059 283555 282617 281649 282285 281980 281731 281820 281429 281429 281429 281059 282687 282245 282242 
13 265023 262198 265023 265912 263766 262174 265023 263034 263215 262032 263839 263710 265023 263034 263039 262168 265451 262540 261828 262720 261828 262032 264270 261828 
14 328644 329520 328360 329805 329172 305513 306295 305513 328360 305513 329430 313067 328360 305513 305513 328360 327715 329360 329831 311316 328982 328360 309449 330725 
15 315864 316833 317504 319957 314332 304278 315864 315111 315111 315322 316939 315682 304144 303547 315513 315977 314332 315322 314533 317863 315068 316423 315111 315864 
16 281111 280886 280608 279259 278783 278397 279178 279335 280221 277067 280169 280683 278783 278912 278061 278397 278151 281031 281194 281414 280550 279178 278477 280229 
17 211125 210889 210470 210212 210478 210519 210212 210958 212665 210212 212736 211829 210889 210526 210981 210212 210212 211075 211278 211049 210512 210512 210212 210364 
18 247906 246814 246743 245937 246524 246044 246451 246524 248245 247739 245884 247044 246524 246387 246033 246982 246917 245884 246476 246476 247739 245926 245885 246186 
19 242088 241268 242554 242147 241501 240274 240393 239221 249542 239221 239909 240705 240705 239371 239221 240714 242804 240014 239221 242354 240894 239221 239443 240705 
20 312475 309886 308006 313636 310665 311392 311271 309878 311070 309768 309302 308006 310072 308338 308338 309833 311702 309597 311228 312511 309579 308006 310493 310244 
21 263091 260071 262405 262281 260071 261705 263152 260531 264496 264113 263490 261851 260071 261034 260479 260531 263460 262004 260531 260071 261034 260071 260531 261330 
22 247215 247608 247245 248721 247200 247200 247702 248833 247047 248584 248723 248624 246327 247725 247200 247868 249123 247200 247200 248754 247140 246644 247204 247952 
23 291624 292245 293568 301752 292947 291612 292182 292250 292895 292386 294681 292934 292094 292094 294224 293461 291508 292648 293014 294023 294981 291508 292440 291858 
24 295181 293557 288356 295233 287127 292990 287477 288364 296746 287477 288035 292990 292990 287216 288170 293557 289082 291915 288039 288454 292209 287127 288420 287477 
25 268476 271828 269688 270611 268476 268476 269807 270019 269103 268858 272142 268969 268476 270096 268694 268476 268476 269486 269016 270137 268658 270112 269553 268969 
26 261127 261995 261127 261127 261127 261476 261659 261476 275390 261127 277541 275411 265045 261936 261127 264293 265281 261127 261127 264707 261127 261127 261127 266727 
27 258516 257153 258770 260829 261072 259442 256979 258461 257278 256979 257278 258241 259792 258422 257153 257278 258113 257153 259021 259184 257278 257481 257153 257278 
28 249646 249525 249455 251627 248560 249315 249525 249635 248531 250104 249525 249627 249690 248915 249035 250028 250848 250475 249729 250664 249310 248794 250445 249646 
29 282465 276760 278047 276760 281066 276760 275994 274905 278693 279697 276760 278404 276249 275238 278278 276279 276781 275895 276922 279457 278260 275238 275994 276922 
30 258658 258439 261203 259718 256944 259141 258875 259218 256944 258053 259252 259886 258658 257529 259301 258953 259236 260301 258314 261209 258314 257202 256944 260754 
31 261940 260062 263203 260701 261097 260062 260805 261143 260282 260777 262013 262904 260170 260350 261155 261002 262981 260743 260805 260805 259918 260282 260282 260282 
32 264584 263808 264667 264960 265079 263912 264909 263993 266898 265533 264960 265677 264370 264338 265053 265940 265181 264420 265352 265125 262833 264042 264111 263772 
33 250811 250931 252205 251484 250815 250931 251464 251738 252153 251179 251339 250980 250480 251611 250522 251355 250661 251464 251459 252083 250522 250896 251223 251339 
34 271981 271473 272441 272735 271140 270993 272256 270993 271971 272582 271736 270886 271368 271897 271085 271974 270993 270791 271971 272681 270643 271606 271492 272270 
35 206776 207944 204545 206598 203949 205533 206526 204423 205468 206158 205833 208547 205990 205170 205608 206666 204677 204837 207262 206930 204432 204938 205434 205890 
36 287109 284222 284551 284551 283678 283809 285570 284222 283722 284475 284980 284375 285570 283722 283765 285328 284828 283765 285672 283678 283678 283722 284968 284551 
37 302028 302188 302028 302188 302205 302205 302055 302205 302028 302028 302205 302178 302188 302055 302334 302445 302028 303188 303779 302028 302055 302205 302055 302055 
38 214426 210212 210212 210212 210629 210212 210212 210212 211534 210212 210629 210838 211034 210402 210212 210629 210786 210643 210700 212611 210212 210212 210212 210212 
39 230737 232137 232138 233455 230992 232260 231582 231447 231388 230737 232905 232923 232137 231798 231587 231776 232914 231629 233035 231831 230992 231698 232483 231975 
40 230506 231306 230514 232348 230782 230514 230916 230726 230728 230713 231006 230834 232367 230782 231095 231581 231522 233406 230782 232634 230506 231056 232045 231894 
41 291724 290990 291299 296254 291681 291229 291063 291796 291300 293517 293038 292775 289670 290040 290732 291890 291135 293142 291062 296352 289421 290794 291681 295480 
42 283975 285674 285046 288671 285766 285337 286136 282742 285639 282837 284199 285883 282272 284668 283838 285521 284703 285461 286525 287647 286190 286911 282121 285393 
43 263736 264251 263875 263875 263297 263277 263562 265056 263160 262702 264689 263562 263160 263502 263562 263185 264187 263574 262702 263736 262839 264793 264182 263574 
44 245258 245124 245124 246708 246165 245760 247316 246657 246544 245496 246301 247540 245883 245070 245070 246708 245070 244517 247263 246353 244517 244795 245326 246337 
45 236921 237254 235614 237520 235069 234774 235069 236059 238216 238147 238468 236065 234692 235862 235978 235715 234901 236864 235462 234774 234311 236113 234505 234692 
46 221161 221161 223310 222054 221865 221764 222746 222329 222504 221900 221161 221630 221161 221161 221920 221900 224138 222714 223783 221900 221161 222561 222315 222199 
47 249276 247986 247912 247082 248547 249151 247412 250268 248726 249691 249151 251395 246447 247710 247317 249961 247082 249004 249751 248173 250302 249107 248602 248431 
48 264214 262906 262847 263173 261232 262439 262102 263095 262418 262027 264410 261924 264504 262799 263168 263369 261883 263111 263229 264868 263144 262310 262762 263136 
49 230964 230608 230698 231049 230960 230705 231047 230990 230964 231884 231393 230932 231315 231369 231440 230973 231393 231521 231393 231445 230964 230812 231163 231224 
50 263824 265603 264053 264279 264146 263132 263937 263722 264414 264376 265192 264163 264061 263149 264296 263704 265928 265464 265508 262495 264594 264674 264664 263897 
51 276960 276079 275792 277731 273821 273996 274281 277331 273832 275680 274913 276117 274613 274740 273904 274714 275556 276882 276474 273996 273904 274244 275121 274348 
52 239783 239783 239783 240430 239783 240224 240318 240318 240444 242298 240224 239783 239783 240282 241643 240224 240996 240992 241785 240444 239783 239783 240430 239783 
53 222048 220810 223899 221146 221443 221517 220854 220810 220638 220802 221991 222367 221775 221164 221347 221164 220639 222360 221480 220638 221733 220537 220638 221379 
54 230538 230254 231830 230861 230209 231355 230385 232694 234736 230209 233292 230254 230685 230209 231044 230685 230209 231061 236818 232920 230463 231698 230686 230385 
55 231644 231594 232398 232376 231097 231391 231991 232437 230776 231398 232588 232669 231166 231708 231062 231705 231400 232039 231210 232583 231391 231391 232188 231280 
56 271564 278139 269851 273121 271322 270649 271569 271230 271440 272289 271656 272252 270128 271399 272139 272050 272007 272306 270754 271650 270830 270144 271651 271344 
57 294128 294970 295362 297204 296602 294165 295298 294879 293198 294326 292760 292458 293326 295034 293346 294551 294684 293698 294049 294411 291731 294750 296056 295664 
58 255236 256014 254569 254855 254162 254133 253816 254483 254358 255249 254759 254068 254088 254370 254170 254350 254278 254729 254618 254908 254059 254474 254581 255359 
59 205041 206598 205050 205607 205264 205312 205070 206284 204148 204148 206190 205358 205891 205607 205403 205063 205811 205480 206404 205761 205729 205891 205063 205242 
60 240235 243379 242873 243320 238120 238461 239850 239222 241705 238510 239024 243044 239831 239970 238852 243965 238503 238503 238773 239896 241418 239944 238478 241085 
