1 821029 866085 845401 868094 782279 849249 858908 864706 790585 862059 859771 854872 757224 823404 853154 859571 790507 831124 857454 820047 766767 833255 829474 857076 
2 831809 931386 901311 898377 858403 899550 887822 893597 805215 910154 930624 920128 832468 881952 915554 916166 841522 889242 914271 890728 822105 887357 911822 896421 
3 857524 927770 944546 945721 848912 920270 882597 946173 868208 908384 925088 928402 841628 908667 936830 930398 861243 934512 927680 943941 843588 911824 922386 932743 
4 799515 869488 916126 910155 833369 869424 879657 889101 828302 862976 879305 881830 793730 868551 865830 883199 821816 873556 896023 889111 795969 854395 878083 886060 
5 795376 842840 871464 867736 775538 845644 851488 856826 788808 808323 852053 871802 798066 782795 850780 863049 768047 835581 843535 854178 774506 836865 856490 847771 
6 885327 957556 978004 974041 887447 927430 951961 939241 874545 944833 958014 954152 879770 937028 948283 954117 887694 960053 958676 954495 887819 943015 945436 947046 
7 893933 932508 942417 947326 866284 927380 903648 923395 889854 945599 941311 922395 876829 921567 922745 938464 906734 925142 947489 938149 868315 913225 933960 924564 
8 735449 841888 827784 827052 736255 827120 815384 834488 746743 823536 825678 828732 762198 810252 809612 820031 759024 809200 819158 834069 714931 812098 821130 826267 
9 741414 792482 798734 806965 712408 771750 780699 792167 724539 783333 796870 798092 697758 746747 773580 793303 727000 768741 776015 795875 715761 778903 788026 783687 
10 705124 781717 777563 797897 693185 773516 777881 791309 714321 764731 776980 776531 692946 751841 765764 773807 669946 768272 773200 783029 685622 756763 769333 764269 
11 1.00201e+06 1.04628e+06 1.06487e+06 1.06895e+06 960987 1.05599e+06 1.05367e+06 1.0528e+06 996897 1.03389e+06 1.05871e+06 1.06274e+06 991855 1.031e+06 1.04319e+06 1.06132e+06 993266 1.04849e+06 1.04932e+06 1.04187e+06 978894 1.03976e+06 1.03772e+06 1.02426e+06 
12 850561 861934 893916 910814 810434 893788 891546 904762 799195 898207 891922 890557 810841 887324 888682 901004 817224 892028 903341 874320 830470 884020 865915 907794 
13 879434 916740 933414 929332 833002 907486 919367 929333 869665 888147 922746 926907 854459 888020 887838 914675 873692 920694 910883 904903 865513 917114 925201 923901 
14 1.04674e+06 1.10675e+06 1.09371e+06 1.10848e+06 1.03034e+06 1.07725e+06 1.11692e+06 1.08295e+06 1.01101e+06 1.06973e+06 1.09363e+06 1.10927e+06 1.00031e+06 1.09275e+06 1.08242e+06 1.0792e+06 995633 1.09277e+06 1.10442e+06 1.10424e+06 1.01398e+06 1.08966e+06 1.0939e+06 1.09185e+06 
15 876294 904632 940931 955505 887877 945189 953919 945838 864456 949463 929539 959054 847100 926217 952285 940250 877848 936337 924636 960046 879815 944082 926302 924564 
16 634066 665043 689711 684200 619533 678471 672720 680931 618369 661343 668773 665115 621175 657991 656257 660638 625135 648819 647804 672029 622546 643494 652290 652512 
17 725982 773925 794067 783994 733901 765666 777847 799745 722284 755136 776819 762479 708085 747626 761379 768382 727414 774424 785404 788247 729167 746875 767553 768731 
18 674608 717095 735690 735656 651630 698281 718889 728901 662027 716124 690988 674424 662973 682506 690467 728168 665152 693768 723137 701625 643751 691284 711635 700934 
19 745495 772003 785646 799348 742028 782774 788914 766378 728547 782213 786267 783586 712000 766684 765423 773292 734313 777591 780135 748708 729185 765753 758414 769539 
20 718756 764948 758018 771001 719414 746202 774052 773895 718559 745285 773338 760292 721618 760930 759252 771291 698249 760937 779144 760084 719435 759462 762598 757798 
21 811800 895076 866495 876736 810198 873003 881950 879589 821711 880957 898726 886369 823752 855107 873253 881488 806197 871440 882698 887931 785237 887072 856659 891153 
22 806781 839651 838425 881480 796907 843521 829485 863323 808412 856955 869182 839651 786216 841608 832706 864208 804666 839651 869182 855462 796160 846126 847735 852814 
23 725152 766429 774977 748288 700788 775651 741829 746794 698699 765488 768952 755221 698847 737895 752713 746739 703275 767934 762535 770257 683426 749387 764117 747357 
24 831553 870940 902325 882279 825818 858982 854766 879469 796990 867285 877326 858108 784966 874326 867334 854230 823587 848362 863056 851853 799923 852218 836634 861588 
25 861663 893209 891059 907576 852657 892761 875630 867486 852955 893209 890111 891059 811401 859853 872393 888558 827215 872144 878426 891059 807324 876730 891059 906322 
26 790980 880906 896431 881926 839477 890323 901795 879168 812709 886723 880906 886723 827071 886723 886723 899842 833337 889517 886723 902553 834964 883459 880906 883055 
27 850740 921394 940649 931429 839535 910321 928410 922779 850005 935934 930085 915502 853962 919508 924258 940724 883210 927537 925319 921840 844831 912213 919028 931385 
28 834138 879303 890795 894726 836338 884517 887508 875609 827991 882382 896910 886286 835120 878652 854402 885882 807290 869392 878670 900993 832121 857803 862816 883228 
29 827776 877461 881051 880518 794034 865184 889219 893667 817178 876703 894046 891553 799141 844740 886229 888034 816759 871464 893335 886229 788972 875101 890446 868683 
30 863381 939999 933980 927044 852959 922772 939930 892107 874864 847376 936018 921798 862624 907300 898158 919149 870736 902901 934440 927699 869528 909441 913642 910602 
31 652368 698050 706685 696427 659302 678903 700573 708323 656926 695808 682416 686202 654762 672210 690121 700963 651772 676437 700242 687062 643261 679700 675576 670003 
32 708854 720957 762117 720957 694417 704972 715729 735334 716367 715729 733177 742891 701317 722041 723252 715729 711321 705924 741525 725292 692363 727082 715729 722118 
33 679428 715560 761190 749492 689572 713063 734131 737096 691297 712927 736185 734560 683740 697183 726321 730530 696135 712464 734428 746872 696871 689849 713344 716878 
34 637181 649896 659105 651190 627656 634178 657606 645603 619661 641670 656316 647387 612217 647418 619214 632671 624019 650982 648717 650446 607859 640778 638610 649534 
35 593930 621954 626253 604659 572800 615905 598855 631604 601458 609976 608738 639840 576561 602375 620324 622291 579214 623342 631226 601596 584664 585126 612871 617618 
36 681024 671524 713584 731398 672192 706868 710586 710852 671957 710312 718137 701066 672935 701546 710598 718153 667988 714489 717917 708130 667073 691369 719267 709590 
37 652828 685451 678516 691562 643136 685574 665558 687150 648043 671759 689531 675183 626661 665592 661853 679264 642814 670755 681662 676708 646685 672230 659987 676340 
38 644049 694447 679084 694405 650291 683244 675348 677425 664723 683974 673936 688370 639933 685686 688956 681542 610791 669561 683331 691759 627538 670201 678456 661705 
39 710284 747771 772573 765300 691980 753558 748542 758118 689350 742361 757698 766255 707078 731778 745856 757545 718880 743800 740376 741938 680627 721405 747320 756987 
40 609783 662651 650767 654234 609516 631767 656661 644845 623775 647967 645508 637052 612155 637225 638758 640728 619230 644958 642980 653253 609922 636279 649810 638233 
41 832824 865384 885692 899762 835388 865339 876189 882776 833978 872349 870925 904668 824487 855338 880578 873249 828121 854510 877522 891113 816998 859843 869591 879292 
42 667956 735480 730762 754343 669297 739830 746391 725148 677388 738670 731894 743077 674248 725969 742222 710898 678564 734078 748508 739866 689277 728738 726328 734226 
43 716874 744501 765484 761368 684950 742878 739766 754196 695410 770052 759546 762231 678134 754110 751651 766603 708591 739376 764065 766890 687785 752565 752782 748186 
44 730351 750922 770485 780015 700847 743138 775567 783969 730878 761187 788888 787493 720886 771281 735411 786165 716630 783324 777957 761560 728502 773713 771092 787493 
45 724567 725559 751778 749348 692795 734056 756571 707642 710283 730125 740119 748092 695996 734452 734464 708865 707206 721961 743510 761514 680192 715987 747375 734692 
46 654685 695054 696712 704585 640984 682946 692585 685500 668192 683530 703473 694676 660573 694215 690068 702443 672138 695604 695721 685990 675760 662910 688178 682154 
47 719019 748381 757456 758353 709163 733824 749857 728919 713849 732131 747094 757804 708721 737313 737618 731159 719730 725582 736295 732837 711282 730066 737362 743275 
48 653697 674256 672809 708155 632409 683646 685238 669474 640528 676175 685842 678240 638752 656366 662494 677876 655904 664698 677443 661858 629051 652063 665351 670238 
49 615013 638285 637748 646911 601622 627128 622750 645563 604767 624452 625468 618066 585057 618496 633736 621264 585821 600656 621991 629118 580987 604130 628161 623154 
50 767121 778979 786360 799362 757840 764631 770061 774603 749734 760013 771798 780366 745636 761827 774665 787912 744356 766585 775681 775240 746351 767828 777281 763470 
51 736031 776879 791104 799213 739689 781304 782637 783951 744820 781649 792181 772984 723595 774505 785457 777763 750522 781819 772846 784525 737296 781712 781159 787524 
52 709196 746154 768183 741379 714365 742420 750056 751962 717944 744353 762745 763399 717013 741914 741559 727075 702687 744357 759461 749918 715441 726111 751617 737034 
53 667741 716171 735724 732241 678839 718802 721844 710533 661408 713329 720352 738402 668686 718562 733426 723475 674140 715815 725020 712770 687090 704392 692558 717636 
54 670422 715816 700429 718171 659640 702811 703767 710170 662622 709969 707164 703551 670669 685338 698097 707940 670883 715816 700429 703767 668223 697511 692125 700429 
55 646820 675167 687854 704116 658659 664816 671018 689333 647541 666607 674258 685210 637172 668301 661821 664801 651249 657885 676241 679055 639438 660154 667644 678930 
56 752246 798760 800810 817390 749646 796267 786962 786962 784566 786962 832875 803940 739825 783938 789399 817232 745317 804778 786962 812965 741409 796525 801530 799973 
57 692029 720618 721500 720618 683161 718632 720309 719809 674690 719809 720618 720309 695913 724294 720309 719809 699516 736274 721500 719809 668471 720309 719809 719809 
58 661763 715228 725826 720766 652326 704286 706732 727749 647427 707819 706784 704714 644815 701638 703462 700265 668054 703363 685019 715890 661062 668702 697914 692339 
59 683026 739503 725031 736623 676937 719280 726515 733851 688870 725780 733294 726020 675359 723095 719315 728447 672078 699016 722227 726020 680167 724572 715737 727760 
60 772647 806140 819200 809118 767226 806764 813227 798375 777247 810811 796794 813897 737924 799443 805758 811440 764033 782170 811911 804778 754993 813811 810285 808024 
