1 802042 841589 856400 857396 783348 850662 856488 859409 792208 857289 871476 856077 774158 839755 833222 850906 768701 852365 856680 865275 784015 820898 858035 844205 
2 875992 880802 916254 916663 810054 903105 910914 909287 826902 907136 923034 917705 815341 881541 903417 898743 823835 885158 913543 927719 809699 879777 892456 904296 
3 885997 937962 904636 941698 842502 907807 944045 924980 860515 934821 935668 928323 861438 908053 927597 921843 831033 912523 918836 936660 806650 889681 919983 913292 
4 820630 901190 901981 887423 797012 878825 895881 897430 823498 878224 875768 888397 796334 868140 878500 873615 814537 855633 882761 890504 794839 868260 881811 889077 
5 778622 866130 870324 856250 773995 858654 861830 841926 753332 856025 839948 858606 774042 814755 845401 831665 780184 851120 836633 859252 749494 828251 850670 838894 
6 884006 960796 932279 975394 885828 950278 960034 955202 884974 948562 961878 944277 858037 936179 942332 957728 890168 958102 941499 969382 868676 935644 948761 944959 
7 872402 939161 928384 932594 861273 932868 932115 941322 879353 924296 937297 933552 860377 936205 941462 931175 872043 931658 942699 937862 857789 915351 927225 937524 
8 752506 816238 806164 833454 767517 828517 836653 834338 767465 830922 828749 836787 735924 823204 816658 830328 766856 813452 829585 802177 764294 820656 818263 828703 
9 731042 791871 799426 820248 719978 778717 795246 785683 714254 797140 799979 774117 711790 789786 798154 782772 730496 754986 791928 785473 702491 762831 803528 782490 
10 737659 785178 780240 781128 695970 761061 753815 777039 686832 769270 778645 778917 698757 754868 768082 773524 707399 719718 769386 774674 678765 741853 744571 760126 
11 988699 1.0552e+06 1.05851e+06 1.04784e+06 989772 1.02843e+06 1.06037e+06 1.0636e+06 1.00117e+06 1.04023e+06 1.05372e+06 1.06221e+06 990495 1.03476e+06 1.04495e+06 1.05527e+06 996296 1.04092e+06 1.05795e+06 1.06739e+06 941649 1.0439e+06 1.04436e+06 1.05706e+06 
12 860454 878289 914280 903539 827229 871392 900237 901294 847851 878956 904958 879976 827410 877868 871401 903178 818194 883960 866633 907205 804350 888474 894815 896172 
13 836457 915823 918453 937317 855268 909348 923875 921689 848177 898093 933468 910089 867286 920835 920292 925801 876436 915434 922537 918185 844824 906431 918267 903699 
14 1.04839e+06 1.11023e+06 1.09109e+06 1.11103e+06 1.02666e+06 1.08679e+06 1.11305e+06 1.11435e+06 1.01434e+06 1.11265e+06 1.11554e+06 1.10109e+06 1.00736e+06 1.07433e+06 1.11296e+06 1.08244e+06 1.04902e+06 1.11264e+06 1.09183e+06 1.11056e+06 1.02454e+06 1.09343e+06 1.10635e+06 1.10157e+06 
15 858957 911015 951426 910111 871520 934374 949553 950611 901122 932279 934397 927921 863003 920714 936599 941350 871010 940219 946765 958225 859972 893994 931985 936168 
16 622338 662216 668601 664870 632806 669814 677230 670918 612988 663468 640237 662092 624449 657568 648595 658252 615026 641113 671879 652940 615195 647848 666723 669167 
17 767218 765615 793452 794853 739857 771115 785435 769203 723806 786424 767606 786654 733429 777308 769574 783468 746131 777689 778671 788541 731083 767479 760109 780102 
18 680727 705208 732063 708887 650267 706215 711679 695570 650186 700169 713557 730052 640123 681945 699278 710663 662381 705153 722481 709905 661347 680684 706368 705578 
19 742580 793677 779420 789347 729831 770788 779819 777465 734138 778598 789018 787683 730650 760008 760547 776938 738232 774862 766522 792528 734453 755580 766983 777082 
20 762825 780271 795666 772569 713478 758785 791634 761884 719075 742381 772484 782328 714948 761584 750044 738775 721118 746233 762519 775804 708400 751411 761619 768711 
21 825201 893608 872983 888704 802971 845274 882455 865214 821552 866822 887379 891364 778283 864015 882247 886815 809022 842480 887875 873266 810164 890404 874220 899857 
22 806211 856404 869182 876689 786898 869182 869182 864029 815737 845365 839651 839651 800698 839651 857224 848066 813833 839651 858804 839651 785862 856858 858142 859836 
23 702911 738765 774733 792387 714842 757861 774814 747624 704857 757362 759716 772368 676933 737670 735702 735989 693824 750232 746508 752784 694073 747424 738668 755793 
24 819560 850892 837269 875187 805184 844514 883497 884593 793228 857178 866127 883319 804902 842929 865159 865369 823489 867522 869520 875667 792099 853306 871105 849692 
25 815530 891059 929682 915002 843946 893209 888852 891059 831057 885520 907978 893209 790922 867767 883760 872408 830925 893209 893209 891982 827806 892543 883663 893848 
26 834560 886680 891558 901952 841806 880906 895766 901911 837852 872030 888559 880906 820422 883522 887348 890849 824759 880906 882662 869670 808642 879327 883740 880906 
27 876933 934279 934603 953536 847482 909197 929011 933797 864945 904308 898549 939356 878687 910497 920539 937924 858279 901397 938516 932871 840045 902215 941511 926997 
28 852253 881234 903932 902578 823690 865560 873065 880930 850055 888496 890008 898718 835634 876921 893462 892274 841840 882681 881949 892803 813955 878872 895884 896580 
29 838788 882222 886229 872386 821504 883577 881853 886229 812076 872542 901814 878474 812115 876537 886229 895745 820438 862686 872941 897313 791243 866717 872960 865884 
30 874927 924792 945989 933132 866030 935941 930200 929832 867363 878587 924229 911295 853289 929894 921163 922243 874535 936150 933614 932404 867087 920252 917535 911253 
31 669725 684262 698430 684541 671020 693594 694834 677178 655697 689691 696595 695613 646282 686532 685294 680645 651846 682365 681560 672894 647740 672480 682621 695814 
32 700672 720957 720957 733200 686489 729098 720957 715729 698325 706524 715729 742776 689429 715729 738176 735803 694498 715729 734030 715729 701480 720019 721384 734654 
33 673605 755984 727979 718190 706584 740700 738046 739913 685398 725227 735232 748027 686399 691722 726325 729987 689014 725558 744538 734277 672009 727976 714607 728900 
34 641587 646576 668844 663677 606548 633200 661003 679115 618138 652536 658463 641752 620117 620149 652256 645305 631146 646211 668587 640033 611612 635356 625080 654339 
35 583026 622211 624033 647083 590906 631714 633911 634924 562089 602248 625912 638163 571544 623201 624600 624938 585869 613126 611372 613104 573681 610249 625938 621454 
36 673828 723056 721356 690548 675034 693826 724435 739360 678482 702312 712945 724360 660417 682529 713599 713536 694024 704226 698687 713216 664430 699066 718327 721066 
37 643321 673065 690321 688645 640108 672686 675861 657991 625990 684300 694706 683260 638451 673687 673534 657711 658051 664697 673801 687094 638687 667588 669538 663290 
38 631925 702459 708400 672013 651445 678382 672046 687124 623309 671685 671736 672920 638250 677145 676696 675701 626782 659052 696951 668174 640648 663412 663014 686056 
39 684966 739874 736669 764156 699391 736581 761344 747833 685218 764596 757533 762880 705821 742898 734472 741631 711759 757085 736689 752844 695383 743315 761306 733347 
40 621041 642987 655915 657884 605914 648159 649820 642309 625624 646000 650193 649456 608180 648151 642852 650122 617261 634320 638574 652101 613514 634999 625463 651387 
41 828565 880884 881128 891752 831879 852925 876882 892567 846360 873982 893324 871975 844444 852258 870554 875652 829824 846333 879219 882224 808622 870028 858839 853311 
42 682858 755970 734011 739012 695643 727904 740033 726704 672383 737782 738079 750901 664205 715186 729841 721216 679515 740495 734126 735512 671085 718476 733925 724466 
43 679749 757176 769271 772396 701812 749240 752670 752245 717464 754851 745178 775098 691895 763696 770324 762540 697884 735700 772464 772006 706169 748618 757695 758373 
44 719858 759604 775167 774551 702666 756536 765236 746923 736580 750152 771273 787493 703640 767944 781330 787493 702830 734997 756053 767910 707870 766901 763911 767027 
45 700276 734705 760398 754799 697653 750228 751914 762109 708423 746242 737490 727538 701432 735587 737352 735265 703070 737789 745367 729255 683189 736343 737480 721924 
46 667559 680307 704739 710297 668070 689054 687742 688979 667599 676822 681652 699799 662602 690137 677939 701025 650483 702634 701742 692032 658529 680533 678589 690686 
47 719290 736969 740167 769699 726759 719304 756981 748093 717204 741781 748117 736481 707984 736158 741240 745893 733112 739214 736636 752000 706647 723598 727650 728270 
48 653099 650532 680630 668780 655023 664258 684370 666806 648811 676659 679762 688686 639275 670803 672858 648076 628477 677268 687592 664260 641066 661622 671388 668823 
49 603957 618043 634294 629489 593404 613792 621416 616869 592044 627429 619060 635785 598155 612794 626750 631593 582204 628051 606403 632032 580687 581705 628045 602655 
50 757041 789620 763976 780742 756558 772456 786624 757943 751014 740183 776850 788731 743773 776209 770004 780161 732410 775668 756762 755441 740964 773025 755270 782317 
51 771882 777323 787114 786664 737793 761505 779878 795016 742851 776612 771538 781892 733748 770968 776670 779541 749851 770390 771491 764644 746559 771283 776079 781388 
52 711174 747759 757509 760428 734003 743463 748940 736750 713854 733694 745753 733969 713410 728453 750951 752454 717401 725561 741558 730585 698698 739139 724454 742651 
53 701082 723586 734635 708566 687830 716824 718201 718697 694938 719111 709828 725023 679933 718246 720089 714371 687218 723285 697680 740257 689948 717210 718102 724777 
54 674239 701403 687540 705601 643581 698339 709771 705218 656038 703767 703767 700236 660985 701925 706063 711735 654679 696118 703767 714735 664076 702955 701955 703497 
55 639720 657428 694356 686178 657596 674595 694219 678644 664123 678799 680515 668367 636524 669133 668466 675943 659740 676730 676004 659542 633826 651670 675990 682526 
56 766770 799504 807867 799453 719914 789601 814326 816637 755178 796808 803940 803940 759619 797552 803940 773732 754081 794068 796736 786962 733854 795176 812122 786962 
57 698524 710806 756488 720618 684210 720309 720309 720309 685808 719809 720618 720618 692855 695756 720618 721500 694729 720618 720618 721500 687508 719809 720618 719809 
58 667173 727792 707396 727142 626045 696380 697011 716871 646707 706014 695120 707730 646420 691607 697137 715585 674962 693667 718019 707316 643782 682980 691227 703934 
59 673170 723133 746488 731441 680719 726020 728447 725193 683276 719585 735289 715753 680196 719405 719264 717947 689648 726020 713163 732785 679241 707324 719074 726640 
60 782570 821185 830723 820298 768271 819044 810982 828987 781007 810036 814217 815664 768307 806897 818517 809231 773082 794370 824622 811825 747832 795245 805953 817448 
