1 762158 861636 878645 865883 755232 828959 859916 864138 773566 832407 852714 869166 772725 846919 843443 851784 799070 855916 850364 856849 786721 836451 859232 852405 
2 823371 881870 914354 893324 800590 905187 898315 927791 828377 886464 916322 905772 823117 884640 894225 911731 829621 905432 887956 913648 817128 894046 903922 912087 
3 865598 935492 935706 926409 869545 930836 936289 915002 849693 919012 942075 928808 827893 904670 930716 932355 832580 917457 935732 944997 830096 897088 927608 937860 
4 819427 892050 885466 895255 824275 873101 901076 886577 831932 881756 883256 890418 794729 855611 879690 870731 825354 865917 882709 883169 798907 877122 887605 877006 
5 794335 838481 863900 869837 792801 845572 852733 861868 787932 833567 856726 862604 772730 830977 851751 843247 792847 844104 836014 839414 752952 829358 849690 854632 
6 902387 953394 970825 948587 877491 945379 959663 955739 902437 946579 956623 956743 875286 945227 964699 952970 882020 946299 930905 960870 900879 931779 947960 945170 
7 887728 953750 935523 943889 879244 926056 922938 945683 881916 932231 904266 936547 858394 937671 932386 934485 863597 925472 944002 942710 881346 929984 938106 924668 
8 787577 825220 818708 822734 758318 826398 837236 839794 771168 813950 800019 830269 751808 817824 805363 810518 741077 814478 824627 804985 737530 815603 819321 832259 
9 746264 789104 804571 773471 710811 782030 783562 793348 711094 775745 788263 794172 728385 791342 778991 787382 727696 794142 796976 807412 715127 784372 792387 739236 
10 699837 737560 777325 785127 669944 755735 771581 774360 698792 762334 770707 767445 679792 761060 778581 778375 700074 745656 781812 776965 712539 745906 769504 753093 
11 1.00659e+06 1.03847e+06 1.05085e+06 1.04954e+06 984156 1.0318e+06 1.03601e+06 1.04525e+06 992909 1.0557e+06 1.04606e+06 1.04126e+06 971227 1.047e+06 1.04814e+06 1.05636e+06 991503 1.03746e+06 1.05993e+06 1.03243e+06 990194 1.02509e+06 1.02753e+06 1.02021e+06 
12 847445 896602 905328 920120 831681 884337 894697 880215 840214 902227 886796 908084 825750 887501 879917 902349 844933 895303 896700 912217 831422 889051 880143 892586 
13 850594 925623 916904 935722 864765 924076 927214 918303 858147 897370 927683 920121 843307 903550 906783 902182 852092 915543 930875 939355 827628 895754 915783 913061 
14 1.01875e+06 1.10779e+06 1.11375e+06 1.12494e+06 1.04099e+06 1.08888e+06 1.09118e+06 1.09923e+06 1.03877e+06 1.09671e+06 1.1036e+06 1.10207e+06 1.01692e+06 1.09656e+06 1.08324e+06 1.08888e+06 1.04575e+06 1.10083e+06 1.08209e+06 1.09022e+06 1.01399e+06 1.07714e+06 1.09833e+06 1.09651e+06 
15 876578 935515 959884 944860 859406 941613 927676 942851 885342 921904 949521 946864 859756 938306 945665 921572 850760 920994 937624 951618 862594 913940 938786 934764 
16 633620 664477 678248 681905 620824 657919 652031 684342 621173 666765 674418 687334 606752 657323 661809 661292 621181 663674 668003 651901 621584 662502 650810 647724 
17 732998 759962 791892 799848 724437 779600 779691 786464 753911 777105 772060 789571 738538 741358 774190 778920 724325 785629 781164 777211 708526 771232 768252 766245 
18 669855 680194 716728 721696 648480 705835 706021 725804 660010 690020 697138 706907 648490 669776 687754 702877 657194 697533 716609 723249 638099 676401 708878 709317 
19 720410 786094 782384 770010 724434 760074 764517 791774 740141 749003 780885 781367 725840 762319 783613 777631 747002 764119 785073 779775 707726 765644 786481 794866 
20 756729 781025 762468 757539 737095 754159 783900 721275 710331 755379 782635 782657 701828 756943 758544 761234 739638 763893 771916 775128 705107 766337 777942 755442 
21 823247 887361 899261 898896 789174 887657 884939 901994 827766 860384 877308 889637 820728 860742 880821 885703 825178 878796 890546 891856 816186 877672 887216 856562 
22 801196 875712 839651 839651 810214 839651 860790 851541 779153 861852 839651 849935 771065 853582 872443 854343 797147 839651 869154 839651 813775 841819 812697 817844 
23 703893 760071 761513 774055 691232 756141 771277 767360 701778 755918 729826 761788 705100 740505 745426 762798 703580 750320 773811 743613 701850 762298 751819 746739 
24 823994 870237 878082 875395 808617 863367 881065 877347 814421 849484 859600 878464 808134 841838 874247 847222 778435 851393 865885 863419 801817 850660 862444 866326 
25 848656 893209 893209 899452 808407 848851 898989 892448 809894 890394 902218 891059 815876 870483 873406 876165 829513 869688 894303 891059 809214 868965 891138 869391 
26 850214 880906 881576 880906 815072 886712 883792 892085 826129 874335 893474 884817 810485 876919 858284 886723 835924 888506 880906 872467 800933 869837 897281 886723 
27 875293 939873 941705 937685 842704 919103 936660 930551 858395 925716 919489 925889 860985 905021 930604 931353 858290 916440 936422 933799 850901 921549 930716 920832 
28 841042 903850 893468 901025 811058 873053 899642 889118 833608 876498 889816 868662 815353 887076 877515 889934 831127 894774 893534 885136 815573 878044 877021 872490 
29 850395 869821 868664 887631 815466 888980 878634 883646 827812 900823 898588 886229 823117 877579 862913 863517 821071 865529 889886 886229 789865 879225 869871 875244 
30 849973 932046 927179 942056 855001 922680 914746 929198 878164 895943 938026 930441 874877 919012 894128 938339 869678 910342 945280 940832 854328 903141 921120 899508 
31 657012 698532 699270 711320 670397 686434 683772 696173 659468 691379 696216 702814 636423 680115 695926 683539 663481 677872 680093 707610 654804 683044 682951 685407 
32 712191 720957 715729 720957 696109 716390 748564 746220 702762 709185 715729 745142 693384 720957 715729 718841 703138 720957 734948 720957 697247 723595 715729 720957 
33 713083 729707 730211 737455 688146 734230 710472 738208 697682 726949 736007 742996 690122 716743 712231 720277 673005 731346 731535 693529 693349 694059 724185 715640 
34 623553 663556 673428 667676 618829 643358 665343 649968 607303 660466 656190 652409 621470 661996 657459 658599 598726 650778 660420 655394 619442 620951 649390 650454 
35 597721 616158 620917 635344 593310 604632 619680 619426 589142 612128 627510 641741 582243 615739 602493 622724 586628 621354 615787 612100 582334 607608 618441 601655 
36 674333 720179 713258 721844 671734 708750 704144 702402 676263 709952 701366 719917 653312 698295 705231 721864 666717 708548 715689 706573 658539 708169 703194 730779 
37 666992 679534 676922 695451 638331 665087 676697 679600 660227 670422 693649 679826 648185 670121 671780 679714 652127 670289 656437 675189 649952 667865 672726 685846 
38 654593 693513 691775 680859 613987 689305 667055 686003 648147 672114 688288 666596 650086 670208 678728 680828 628483 684040 681645 694292 628393 674668 667113 683537 
39 725420 756004 760927 751942 681812 750670 756443 757698 707089 749977 757251 747225 697441 726592 748194 742581 704008 740009 744667 751507 694157 744504 742365 739148 
40 619905 637542 663117 666585 601774 638451 637419 653140 614969 648113 660373 661388 607550 643819 655190 654929 605191 652795 641439 632693 616195 640428 644583 643678 
41 844496 885934 895077 904235 843967 880078 863952 885537 845155 855172 888115 861765 811259 865047 873916 864237 848083 867922 875299 840000 823717 876617 882782 879108 
42 684734 738630 725974 754926 683779 701745 712827 739554 670560 724146 735085 743898 672825 722653 718971 709411 676271 730744 731520 741299 662776 730094 739919 714479 
43 696999 758639 775098 773710 677472 745318 765304 777101 677237 753096 770489 741804 682573 729069 751769 762323 724659 752591 733231 754973 692808 753827 755820 761576 
44 703168 780228 776700 766755 693313 758372 762191 787122 741498 776608 782775 776997 717984 762314 777572 787493 744470 774863 787493 773767 700826 755271 763318 786299 
45 697206 750375 760601 723486 689954 753951 740879 750282 703256 726118 753575 740013 681070 730739 731851 732542 700606 738353 737886 747152 676282 725078 737278 749320 
46 681618 695327 703497 698552 663681 688060 689267 696884 674091 682426 692385 676942 653879 679787 671540 664475 668088 676985 710111 687011 655018 676067 667060 689124 
47 718454 749601 754902 777136 716191 751384 735033 757719 702689 740166 718020 747392 703705 712405 748916 714898 710766 719378 747984 744289 708351 728156 730355 754381 
48 626196 671332 679230 692295 639942 669792 688950 684830 654024 676061 681324 676392 642464 664131 675921 685627 651314 668584 687454 669694 643090 651260 646982 681011 
49 608168 609015 635007 666057 576929 618073 635385 640038 597455 615458 625896 643315 600409 623201 621038 617379 601523 627475 624395 608887 592938 621229 636712 617383 
50 744872 754820 783583 784731 735000 761828 777369 782237 759295 777428 784731 774154 752024 767237 770390 779128 733425 766481 782738 776555 749745 762877 774008 777189 
51 753309 778812 776169 783010 734893 773008 795733 775789 754622 777026 794932 793931 737189 780771 779676 780138 762380 771741 772509 776653 741728 773210 779818 760849 
52 731133 738975 750069 743763 718797 734607 752040 731635 722728 731014 744597 758329 718648 736706 739559 756260 730374 754501 743106 719233 718882 734160 742127 743455 
53 712599 733014 751780 728591 686531 718581 714878 723257 688694 729337 721896 731544 681622 703617 718549 712724 694547 701057 729126 737541 661950 718408 716870 708543 
54 655881 710847 700429 703767 669908 706277 693979 697000 666196 698546 712519 703724 633058 690440 692352 709141 660580 694088 704642 705298 668653 695695 695840 701718 
55 666993 665290 687535 693320 660698 679717 695272 680761 652690 664650 678234 667564 645926 678880 668539 668243 640459 676944 679561 690198 645628 656906 669122 676684 
56 754491 807867 807867 786962 748575 794174 807867 808881 729336 803940 807867 804281 747284 804160 786962 807867 769028 804778 781023 817390 732131 796449 807716 798988 
57 701327 720056 719809 721500 681744 720618 728842 738273 698291 720618 721500 722868 681356 713587 727207 720309 678634 725500 722868 720309 687754 719770 720309 719809 
58 687553 706593 727142 727208 657413 696807 709311 697675 647800 690146 712568 702526 655630 694897 682368 709309 661787 684929 678256 713767 662793 690545 696844 696790 
59 668654 726874 728447 726789 681044 727942 723611 726020 681098 717434 694706 726020 677977 709746 725923 728447 676967 719787 740976 728447 663746 701718 712624 720152 
60 793890 825481 824521 826800 759310 795264 815913 821373 765258 813426 833724 826800 761850 800721 816145 794247 757178 808398 787440 808298 752530 795694 808953 803745 
