1 800027 855563 857325 868950 808161 838903 854137 824798 764646 846941 852763 860346 761246 829795 833767 856050 774860 835147 869198 856513 776388 833494 847808 858127 
2 846702 906583 916251 934980 828571 883686 908731 904534 834477 886479 920363 921333 814878 876723 900962 905476 830474 892622 915530 900769 794620 890037 881735 894510 
3 868287 927359 944651 934506 841907 911525 938581 931345 849797 908999 944496 937944 841218 900670 926944 911294 842972 898092 932126 931724 819523 914195 941137 915796 
4 831857 871776 885303 890717 818096 870141 896826 902137 776700 882817 883534 885253 791098 874895 880332 873102 832964 872859 884376 880571 815119 877680 875902 864662 
5 810392 845637 865331 843835 774620 853459 827573 848984 771470 844605 851218 849260 769574 856867 852448 837122 780526 846095 859095 854889 782481 828216 811486 856910 
6 897980 942004 970553 975729 899006 951327 969172 967235 908477 926074 962980 970037 864851 941007 943193 950951 899603 943720 957446 955053 876603 921542 944303 953289 
7 894520 925488 954050 935069 858223 933511 940866 917476 893504 948104 956112 950703 879927 895168 941036 933776 872094 933305 920237 940806 877129 923860 934945 931065 
8 782257 799885 834103 830132 762727 808956 836368 824420 763623 793994 820141 824173 742825 799977 822171 801625 771494 829514 802581 829443 738738 815139 811917 829609 
9 718231 793281 762424 806814 693394 778689 799846 795561 684060 785543 778675 783369 693169 764083 782729 785401 700385 792680 783637 800171 696878 764662 792652 773197 
10 702964 789975 768524 788505 678677 753996 762508 776453 718662 772993 766410 774537 669455 734361 754370 777724 704404 758538 779528 765223 695270 753346 769232 775943 
11 984688 1.01518e+06 1.04421e+06 1.06054e+06 965200 1.03013e+06 1.05594e+06 1.04983e+06 987214 1.03458e+06 1.0372e+06 1.06362e+06 1.00439e+06 1.05083e+06 1.04499e+06 1.04764e+06 988439 1.04147e+06 1.06284e+06 1.06354e+06 987643 1.04827e+06 1.04726e+06 1.05021e+06 
12 836603 879299 910540 908364 803576 870086 897114 903451 826347 878391 888861 902615 842448 894785 881897 886302 840044 874329 894986 903749 823004 879603 876777 877026 
13 857888 928981 927429 916815 861428 911782 923912 915986 864931 915427 925589 935781 838986 913074 921975 925146 864128 913172 923952 920433 844320 897734 911925 915366 
14 1.01995e+06 1.08995e+06 1.11185e+06 1.11728e+06 999069 1.09858e+06 1.09977e+06 1.10703e+06 1.03462e+06 1.09667e+06 1.06326e+06 1.10706e+06 1.02392e+06 1.10586e+06 1.08219e+06 1.08027e+06 1.03473e+06 1.08285e+06 1.09339e+06 1.10406e+06 993507 1.06972e+06 1.1044e+06 1.09995e+06 
15 887613 945905 923044 943365 874623 929087 924918 937604 892147 923758 938573 941131 876226 933653 917272 940895 872962 926499 949068 950043 870496 929455 945972 940521 
16 621850 668309 686304 668076 610305 647631 662822 665602 623099 663095 679387 673687 629153 639017 664182 655187 616400 636839 655400 671469 612102 642665 669745 669770 
17 733958 781676 784184 790821 716726 778715 762241 786567 728225 767213 791694 782985 707137 772205 774780 763927 713994 764652 771187 773548 722615 759662 764821 776852 
18 647761 681607 711012 739548 615196 706798 712943 692754 683092 717720 714878 731500 626413 700508 705511 699342 658797 702872 691916 701105 643753 692175 714879 689751 
19 751669 800908 795296 794874 734714 765823 784239 773166 745306 770118 776009 786340 722904 767029 773266 777096 750385 776852 777572 769007 720549 756899 765449 780301 
20 719212 755361 786593 783404 726999 771264 778793 779551 741751 767980 776685 791407 698137 760346 762783 759127 715378 759251 777650 755579 700083 770900 757156 745743 
21 837868 858193 877591 896774 806051 888777 901404 875497 807573 866965 862854 885877 802542 871327 868813 880789 809644 890681 890989 903290 812672 864059 892660 880191 
22 836247 839651 839651 839651 802721 839651 856012 877455 789987 859955 839651 869182 792771 863381 839651 865861 808436 839651 860509 869182 800128 854071 853260 845218 
23 718378 759878 768088 762657 691097 737539 747930 752364 698265 741376 760430 742692 709602 763292 729010 749299 712362 744422 751247 763910 681353 750711 761546 755554 
24 818886 857382 862700 878817 809420 868406 859179 873512 815503 866406 866849 875446 806526 863258 859171 857505 779362 846705 874985 865567 790522 847291 863521 867217 
25 849996 915171 876495 893209 829991 881008 874253 904994 838803 878397 892674 901136 836450 873574 892785 867607 833097 869764 877895 902149 837043 891192 891059 881042 
26 849057 886723 897430 878764 799449 886723 886723 880906 818452 869836 887706 900127 823993 866166 882024 880906 826109 886723 884084 880906 829048 869148 880824 889076 
27 863674 925412 948258 936486 841538 929430 943286 932105 860915 909761 943844 928647 849551 902331 928344 933513 841577 927412 918747 909107 842556 919847 932897 910110 
28 857375 880431 893981 900619 822052 870990 867723 896995 836373 889813 871430 891226 801056 886141 900546 885278 801884 875800 897516 895255 799130 876836 890357 873255 
29 826232 882756 880361 907730 824130 867072 871511 906773 808053 899616 896861 863660 815249 872997 848131 865388 819845 880551 883880 893688 812418 851760 869089 877019 
30 895637 892553 933980 938292 862459 908906 941831 936194 898895 946781 917107 948535 869208 913195 914721 930057 857816 912281 920032 931426 861614 888145 880485 922432 
31 660371 675178 686024 696641 657668 684342 690271 715950 653764 679922 677747 676932 642329 696106 705911 680860 648365 690868 698664 695084 641871 686254 690289 669725 
32 696574 715729 720957 746757 703694 720957 720957 715729 709769 721628 696205 731477 670116 720957 720957 735858 692108 715729 738062 715729 694240 719424 724933 730971 
33 701745 747848 737376 741365 683343 717797 744701 714385 692845 728155 731288 725197 700491 724404 713620 750992 696757 695665 731076 739753 677132 714245 725721 713858 
34 621072 635550 663221 640513 607311 658544 657558 663314 608853 654712 641450 647082 604189 646943 650664 639090 613651 645698 646409 659397 629819 645695 652888 638385 
35 589092 629082 613606 628864 590260 604498 630844 632356 568551 613958 620764 612805 579366 615768 618169 602040 586556 613940 629713 628097 561760 618595 596260 618559 
36 696214 728303 754662 712859 662787 699604 711945 705099 700706 721824 718717 719543 659362 710096 729532 716483 677923 703712 711272 727217 665318 708052 678875 710628 
37 656235 681525 688130 677721 656214 679490 664375 687360 649599 666436 682532 674410 637742 658694 679104 671145 651747 673907 681460 682796 643300 656414 671828 665108 
38 652054 679734 707606 685340 624322 660960 679667 697035 629414 686042 681822 654458 628933 672852 681497 664278 649099 671248 674744 677768 611585 677700 682993 683102 
39 706901 762195 753451 754794 685574 750121 751308 751554 722428 749445 739204 751983 690623 756597 756906 747216 685698 747204 753722 740899 677666 736627 743406 750043 
40 609159 642057 648938 678870 602658 644178 656444 665507 613004 644408 650882 653240 613825 637524 637344 637978 603955 651824 651388 643420 611957 641563 647228 631423 
41 835559 868975 852093 881187 836262 887250 869301 893177 829040 861754 878497 862729 821317 855025 877763 890463 840884 867193 875390 882505 829544 862196 872886 875562 
42 685736 731778 716595 744963 646362 691319 747169 728746 686300 736446 725695 724323 682619 706782 737447 735832 683009 735140 729907 749228 681321 720724 722490 730656 
43 690823 743724 757088 778078 686358 739832 763546 750565 691807 763827 771856 743459 693360 741106 752244 756446 701118 721915 766922 756585 698337 755654 755016 756407 
44 718187 775952 781157 784884 723232 779093 770976 766006 730075 776575 773857 778805 718824 760095 757416 747527 714020 762514 783130 786941 717186 765197 768491 778664 
45 721380 755922 752874 752763 703169 719541 737064 741120 682104 733766 754395 735293 695734 742189 739707 738224 679714 736053 758487 713276 677994 739263 747734 726082 
46 662372 699687 692886 702399 655572 687118 694928 680778 673916 699920 676907 677104 656513 674007 700436 692102 668015 684566 697033 698684 663834 676843 692959 689440 
47 715790 715396 738701 742588 708481 743515 755560 762890 712820 732336 735835 734773 702832 727838 727099 742493 698826 735584 760173 737311 703500 730432 737188 750478 
48 665554 682005 681350 675690 652337 667032 685831 680898 648539 664054 678504 681774 632228 661655 672557 675147 646755 661853 651430 672109 623337 666406 674819 656321 
49 627627 617714 647024 651820 596671 620793 612976 635758 599507 625356 622317 631597 604608 611196 618867 624894 605492 626576 639172 629202 591225 612757 609140 616569 
50 749869 777375 783604 787298 754899 777565 775127 769965 743295 784731 779885 768007 724355 772266 764161 772185 744110 777401 772722 766456 746094 772904 766743 776438 
51 742026 795445 784218 792450 756690 788405 787225 788894 756029 759861 776256 783825 740367 765812 754346 776154 750278 772904 786125 782969 738757 766842 756914 787969 
52 716455 754209 764042 770099 721459 733212 750367 740928 716122 724358 736763 747528 722231 733086 746387 748128 721946 747153 742982 749325 698768 728727 739616 738039 
53 718023 732694 730879 715613 679877 722076 720200 717448 696901 714810 731017 725820 681732 716815 722043 721811 666656 714865 710414 738020 687235 713165 724984 721671 
54 665486 711631 712519 712502 643112 698995 711348 713982 673660 701641 702245 689609 678362 697742 695900 707935 657643 684021 707761 700030 665810 688415 690257 705279 
55 662656 687309 672898 680964 646711 668482 684105 681537 641243 662220 669170 674027 635046 673865 671571 656744 639508 656721 654920 677647 643631 673891 666026 678814 
56 747758 807867 786962 786962 728486 796402 799250 794229 763893 803940 806294 814853 742192 786962 784744 795916 751786 794509 786962 786962 751297 789860 803940 783963 
57 691181 720309 721500 757995 668022 719809 720309 719809 681917 719503 721500 739488 691982 720618 719809 719809 686028 706969 720970 722868 689584 708427 719809 719809 
58 650645 725883 703374 722853 655421 693574 700802 704078 649601 700398 692447 718971 637847 704452 692602 714761 665232 698868 698696 708377 649882 688057 713175 696780 
59 679813 728447 744179 726972 673568 705915 707853 726020 708620 728447 726020 725337 674443 725949 717805 724503 689590 719125 719280 736393 685569 719638 727037 726020 
60 767436 804848 811361 807876 777338 802990 824566 799433 786908 809973 809105 827972 747233 799010 826618 816391 781550 789838 819046 815003 750979 770887 798552 793042 
