1 797307 847570 859329 863274 786522 842923 832965 851898 800062 839568 829991 853344 769703 833029 866604 845800 772640 848793 849044 853710 765067 826952 845901 851266 
2 823097 905473 932602 918780 824731 887782 915991 919912 837009 898033 912820 926624 809094 877096 916973 913182 828308 900263 909982 901169 832939 880085 910407 894668 
3 876770 923232 944651 948436 869701 947154 937815 914990 843379 921422 947786 945954 831798 926393 914893 919041 842833 926007 939277 946300 801823 919546 922215 932100 
4 826148 886354 899493 874882 790560 879975 877588 893744 809621 885217 883830 892609 807063 862577 873794 884252 823319 870216 868403 901399 822455 873617 883105 880256 
5 778231 845747 852939 849315 777768 844271 854729 853582 757151 855434 852717 851790 780505 841685 849051 842955 789085 845286 849029 829939 760102 836531 856973 855760 
6 907202 950523 942885 973376 883490 954702 970021 962234 905753 931587 956594 953412 893843 949612 940266 963699 885998 927490 969780 950218 846533 930836 952465 947212 
7 908592 937997 923578 947708 887788 922068 948437 942227 863634 934225 939474 937980 865780 933063 925116 945941 874130 933902 940433 950353 865492 926270 934648 940950 
8 770290 837991 821549 830539 748836 813878 808778 826362 753476 821091 829369 845661 776083 808074 825466 823899 752268 817042 821994 826429 741775 802500 815913 832439 
9 740193 792914 784275 788446 727254 774180 773756 770599 723485 775141 795318 790974 702852 780600 798465 797729 714285 759541 796608 797828 700200 779984 773241 781026 
10 729896 765321 787257 779021 678288 728646 773099 764853 717535 739387 737628 753587 699347 771938 759525 758831 707895 752682 771182 765316 684340 748260 764402 753682 
11 986559 1.03159e+06 1.06476e+06 1.05497e+06 990568 1.04344e+06 1.04125e+06 1.04749e+06 977140 1.04268e+06 1.04903e+06 1.05923e+06 948501 1.00548e+06 1.06231e+06 1.04859e+06 984272 1.02559e+06 1.05827e+06 1.05445e+06 994475 1.0427e+06 1.0465e+06 1.03513e+06 
12 821845 903451 894454 895660 836827 880082 909966 906135 828193 880797 916771 903729 817504 876527 896824 878968 847120 893161 907502 898973 824288 890787 882447 892288 
13 884426 917030 894103 934268 859719 908863 920399 921458 878209 896749 922163 928157 837899 872643 920062 932121 860493 918175 936498 936236 852822 892569 909301 925020 
14 1.01785e+06 1.08849e+06 1.10911e+06 1.12471e+06 1.02282e+06 1.09094e+06 1.09742e+06 1.09617e+06 1.0422e+06 1.07467e+06 1.09727e+06 1.10038e+06 1.03188e+06 1.09696e+06 1.07469e+06 1.09809e+06 1.00839e+06 1.10562e+06 1.09598e+06 1.11561e+06 1.00332e+06 1.07268e+06 1.1104e+06 1.09029e+06 
15 877037 920765 963619 954523 883308 953101 955811 948190 864185 946747 930313 937959 874146 921071 942487 949753 879620 945334 943905 954742 865046 937760 930358 946011 
16 637864 673271 659457 661724 616705 648902 666166 671098 617516 648693 675474 677535 603660 652531 653956 640845 598198 637314 670171 673620 611120 655374 670000 660586 
17 752619 775465 800818 786279 738072 765662 780194 789131 729071 750083 785525 789268 731100 752965 780940 782688 735662 765548 786300 757493 728143 757531 747966 776229 
18 644382 729684 704581 705025 640372 695744 707356 712042 664169 716630 698156 705833 644198 697912 703887 700192 657234 687324 698838 689586 647549 670039 699403 699251 
19 733870 762241 789673 790138 743264 769006 780097 770405 739030 770787 776324 793197 728318 753538 778817 769936 726344 772845 761129 772338 728955 770112 774592 780029 
20 732362 789174 781701 776619 720593 750492 780602 768306 690748 767861 751987 752677 715674 748448 762300 743975 730530 765921 760103 780396 711843 740459 759792 758910 
21 798082 868948 892066 893829 823778 877536 871901 891235 782799 878768 882157 888993 817784 876586 893954 888239 805410 892403 862217 895465 809142 860012 893817 866657 
22 810001 867417 848311 874865 799490 858763 867663 846634 801288 869493 839651 827210 787338 857863 857561 839651 794634 849011 839001 863710 783629 859822 855566 867554 
23 710072 757693 748376 779125 715205 757281 771681 755309 690819 712368 769511 724806 692902 719652 742299 751356 726265 757968 738892 778435 707887 750496 739043 743116 
24 823242 852187 842746 893162 789764 870106 874795 874948 813715 850070 870682 878361 807049 842187 857463 860714 809316 851733 866608 860294 805231 840875 861444 856409 
25 851782 909780 879349 893209 816844 867286 891059 898908 852362 899976 891579 898821 807655 873179 882659 893209 853970 877001 891041 899281 816534 892195 891059 880276 
26 857183 880906 886031 886723 839125 875860 883351 891006 823614 890799 893545 886723 808700 880906 880906 877176 839985 886072 890328 890930 817676 885040 891709 889769 
27 876108 949466 932816 951186 861803 918480 910158 936030 867834 921748 924018 920634 821460 928325 910549 922462 863081 927864 913105 939120 849858 906738 930014 900779 
28 826585 876087 903265 903149 826427 876701 892866 883256 822392 886787 887828 900209 815766 883278 893101 904200 829520 892520 903821 895596 829992 878440 884600 881882 
29 820792 854215 885551 897607 805821 871220 888376 884272 812982 862074 872646 884856 787284 862654 885698 888818 784598 881456 869724 883187 814034 843988 884003 875851 
30 884965 909692 955783 941141 848697 918022 927668 920652 846564 918261 930807 917949 861725 910750 930280 933411 867329 902595 941324 917864 841461 907887 914741 927179 
31 655729 676750 704325 710705 658686 692061 661750 689620 661264 699598 699262 681069 641468 692754 684997 701052 642335 693728 701630 680694 665500 682716 689945 686997 
32 697140 715729 740074 749940 701668 715729 715729 738315 696288 730560 730446 715729 694446 708051 715729 715729 690302 717542 728663 720957 697703 716544 715729 731495 
33 693793 720192 735774 756126 690375 728043 739792 710254 710586 735018 727407 738566 691602 732058 719364 717046 701028 707268 721082 729868 668078 725786 734023 730302 
34 622398 678319 663292 681118 609516 640400 654124 668549 611652 642392 647318 639145 615652 619235 638028 638566 621746 650930 658341 662003 609164 645102 640659 648202 
35 583549 619412 621091 627599 594995 607780 633554 601063 592849 617332 616423 624613 571719 588333 617411 621728 582414 603510 616457 627833 580014 599765 602638 612760 
36 680727 725184 701048 739685 687042 707779 722968 710147 674251 712246 705252 712578 684732 705581 710366 712014 679430 706095 724736 707867 670516 695134 715575 710051 
37 642857 681498 689633 679050 656711 662585 678160 676862 653213 653182 673946 665435 648091 660795 667963 676984 635148 667810 674882 683212 637480 674470 673889 682527 
38 649498 702538 684130 712463 631749 684513 686934 681481 630697 693109 696801 703461 629270 668218 681134 662919 650926 672807 685811 680424 641897 655944 679065 678612 
39 708956 756416 764418 758230 690286 718982 747542 747445 713052 764277 726580 757698 697207 730729 757698 744407 720641 752237 754250 744696 705650 750953 751742 731513 
40 626245 646947 656495 659070 614754 638585 663528 657264 612255 652113 659355 656394 594231 645482 629350 642086 618574 653416 635084 658358 608977 633061 631097 642714 
41 841532 873839 868472 883203 815927 871969 866071 868716 824339 863714 895196 877182 809363 863697 876140 876301 817154 881377 867393 880461 803078 861623 871264 858004 
42 667168 743332 705082 725474 664800 732634 731616 750167 676106 730540 733199 736413 668479 718964 738769 730735 666307 728472 744252 708546 676858 719224 732485 727733 
43 700941 735395 766520 775098 688616 763605 766729 775098 697983 760491 757363 784876 668792 731018 754745 755986 709879 757759 761242 759352 669316 751626 758836 765423 
44 719600 761229 791499 787493 715885 747243 769957 744676 727416 758865 779459 780312 724340 760285 760233 778637 729310 737070 776917 772524 702496 760762 778972 778477 
45 686864 748503 736454 762109 707213 735572 757346 730510 704461 731533 746233 755060 686803 721997 745233 742292 703746 730490 744944 745038 697797 725453 721628 748773 
46 679838 689413 696894 708627 645123 693144 693501 689545 665682 672691 702143 708835 656833 670611 695833 686843 649625 694284 650627 694945 663425 679558 686979 692366 
47 694608 741660 759846 764404 699759 750258 756600 738317 692488 742502 745027 736732 709441 738914 727620 747481 701156 739670 753855 735315 703433 717773 733473 734184 
48 636793 666457 695667 695234 653833 692778 692721 674419 654600 678306 669254 675893 627412 655041 673995 672875 650825 670898 669801 684271 637293 674551 670687 651497 
49 602558 627067 642612 634166 595331 614040 650968 627891 597631 616858 596597 624688 589973 624378 622586 643242 593312 613553 623168 624051 596697 594436 620198 614889 
50 754849 784731 786360 779056 727469 780354 775949 784731 744536 789239 759256 781028 750681 736534 782663 772177 737709 764208 783877 788797 753593 761521 770911 767188 
51 741918 794107 788817 788395 744940 768761 797989 786066 726086 767046 785314 790701 742769 771707 778144 769449 735854 768452 786473 779216 739481 754342 765646 780949 
52 729252 762016 758090 773530 718287 737932 748026 742606 727550 736767 761213 717838 717811 720772 751824 758912 728367 740182 743042 753504 715402 738922 744911 734669 
53 690664 733386 739650 743840 666480 719078 729667 722191 688654 723020 705358 734196 654688 707191 727035 720513 682636 720261 698567 725670 683155 718977 709578 709364 
54 673434 703767 706132 704546 658531 666928 695673 703717 666291 698076 713339 709359 660505 703226 708360 672293 669076 708146 714147 712360 640356 684814 695549 703767 
55 649155 681712 680356 696869 631482 689800 650428 684807 648418 672324 665268 676095 631607 656730 674164 675242 641954 662162 690775 672492 646801 677400 671717 674994 
56 743933 807867 786962 804778 745409 795044 786962 790097 740968 803940 786962 807867 745781 786962 786962 804778 768718 802831 803940 804778 728579 792344 808672 803940 
57 673886 720618 719809 719809 689995 704974 720618 722868 704489 720309 719809 720309 682427 719908 719809 718589 664052 720309 720309 722868 684657 719809 720618 719809 
58 654224 717308 710173 697463 653591 694053 725826 701181 643908 704644 704757 712365 661459 692159 709911 692591 634185 709535 674988 722336 646834 698612 698854 701556 
59 683644 721236 726020 742518 679863 725826 716861 733965 695294 697088 732282 728447 677806 728447 717153 722942 686404 728447 725592 716670 667072 713047 726020 721306 
60 757195 805301 819116 796954 767073 817539 818571 815205 754610 816268 814931 811719 758164 808696 798021 822658 780970 807816 809256 823717 761188 794678 808067 798932 
