12238.1 12238.1 12238.1 1 0 0
11666.4 11473.8 11473.8 0 0 1
13295.8 13295.8 13295.8 0 0 0
13691 13691 13691 0 1 0
17309.1 17309.1 17309.1 0 0 0
12707.1 12707.1 12707.1 1 0 0
9572.5 9572.5 9572.5 0 0 1
9831.8 9831.8 9831.8 0 0 0
13544 13540 13540 1 0 0
9455 9455 9455 0 0 1
11684.3 11684.3 11684.3 0 0 0
12347.8 12347.8 12347.8 0 0 1
10349.9 10349.9 10349.9 0 0 0
8073.2 8073.2 8073.2 1 0 0
12275.4 12240.7 12240.7 0 0 1
10869.5 10799.7 10799.7 0 0 0
9826.8 9826.8 9826.8 0 1 0
13461.4 13461.4 13461.4 0 0 1
10148.2 9996.8 9996.8 0 0 0
10990.6 10990.6 10990.6 0 0 1
9187.2 9187.2 9187.2 0 0 0
9047.5 9047.5 9047.5 0 1 0
12021.6 12053.1 12021.6 0 0 0
9686.9 9686.9 9686.9 0 1 0
11670 11670 11670 0 0 1
13041.9 12961.7 12961.7 0 0 0
13733.5 13733.5 13733.5 0 1 0
8401 8401 8401 0 0 1
11880.3 11855.9 11855.9 0 0 0
12643.9 12411.3 12411.3 0 1 0
16393.5 16342 16342 0 0 0
11968.9 11968.9 11968.9 1 0 0
15456.1 15418.6 15418.6 0 0 1
11018.4 10949.6 10949.6 0 0 0
10776.6 10776.6 10776.6 0 1 0
13426.6 13426.6 13426.6 0 0 1
16568.6 16568.6 16568.6 0 0 0
16475.2 16475.2 16475.2 1 0 0
13007.9 12901.3 12901.3 0 1 0
14711.8 14711.8 14711.8 0 0 1
17234.7 17234.7 17234.7 0 0 1
13945.9 13945.9 13945.9 0 0 0
12547.8 12547.8 12547.8 0 1 0
13183.2 13183.2 13183.2 0 0 1
8499.7 8499.7 8499.7 0 0 0
12190.4 12088 12088 0 1 0
12210.7 12210.7 12210.7 0 0 1
13330.6 13330.6 13330.6 0 0 0
9705.3 9643.8 9643.8 1 0 0
11771.4 11771.4 11771.4 0 1 0
11801.7 11801.7 11801.7 0 0 1
17072.4 16825.8 16825.8 0 0 0
14475.2 14475.2 14475.2 1 0 0
18235.5 18235.5 18235.5 0 1 0
10222.2 10222.2 10222.2 0 0 1
17110.8 17110.8 17110.8 0 0 1
13101.5 13101.5 13101.5 0 0 1
8793.3 8739.1 8739.1 0 0 0
14204 14204 14204 0 1 0
12238.8 12238.8 12238.8 0 0 1
10149.3 10149.3 10149.3 0 0 1
10010.9 10010.9 10010.9 0 0 0
12572.3 12393.7 12393.7 1 0 0
16803.9 16803.9 16803.9 0 0 1
18718.3 18718.3 18718.3 0 0 1
13592.7 13538.1 13538.1 0 0 0
19938.3 19938.3 19938.3 1 0 0
12415.4 12415.4 12415.4 0 1 0
11244.1 11244.1 11244.1 0 0 1
13405.1 13401.7 13401.7 0 0 1
16283.9 16283.9 16283.9 0 0 0
11076.8 10890.9 10890.9 0 1 0
11094.1 11094.1 11094.1 0 0 1
13707.6 13707.6 13707.6 0 0 1
10288.1 10288.1 10288.1 0 0 1
15177.2 15177.2 15177.2 0 0 1
10642.1 10642.1 10642.1 0 0 1
13476.8 13476.8 13476.8 0 0 1
12224.9 12224.9 12224.9 0 0 1
18424.3 18424.3 18424.3 0 0 0
9696.1 9696.1 9696.1 1 0 0
9823.8 9823.8 9823.8 1 0 0
11968.6 11968.6 11968.6 1 0 1
10253 10231.5 10231.5 0 0 0
12679.2 12679.2 12679.2 0 1 0
15335 15118.6 15118.6 0 1 0
13090.3 13090.3 13090.3 0 0 1
15187.8 15187.8 15187.8 0 0 1
12467.9 12467.9 12467.9 0 0 0
15775.2 15775.2 15775.2 0 1 0
11616.4 11616.4 11616.4 0 1 0
11026 10994.2 10994.2 0 0 1
12169.5 12169.5 12169.5 0 0 1
12460.7 12460.7 12460.7 0 0 1
14206.9 14206.9 14206.9 0 0 0
12034.3 12034.3 12034.3 1 0 0
10933.3 10933.3 10933.3 0 1 0
11956 11956 11956 0 1 0
8070.3 8070.3 8070.3 0 0 1
11766.1 11766.1 11766.1 0 0 1
11861.4 11861.4 11861.4 0 0 1
13437.7 13437.7 13437.7 0 0 0
14134.6 14054 14054 0 1 0
15755.9 15722.9 15722.9 0 1 0
12728.2 12728.2 12728.2 0 1 0
15832.4 15832.4 15832.4 0 1 0
12429.5 12429.5 12429.5 0 0 1
11205.3 11205.3 11205.3 0 0 1
14359 14040.4 14040.4 0 0 1
15338 15338 15338 0 0 1
12983.4 12983.4 12983.4 0 0 1
12687.5 12427.5 12427.5 0 0 0
12297.1 12297.1 12297.1 1 0 0
11113 11113 11113 0 1 0
7811.8 7811.8 7811.8 0 1 0
14095.5 13995.5 13995.5 0 1 0
11344.1 11344.1 11344.1 0 1 0
11475.8 11475.8 11475.8 0 1 0
14473.5 14473.5 14483.3 0 0 1
15175.9 15175.9 15175.9 0 0 1
12778.7 12379.7 12379.7 0 0 0
12623.3 12623.3 12623.3 0 1 0
10786.6 10786.6 10786.6 0 1 0
6962.7 6870.5 7086.3 0 1 0
12911.4 12813 12813 0 1 0
17989.2 17520.5 17520.5 0 0 1
15016.1 14792.7 14792.7 0 0 1
10412.8 10412.8 10412.8 0 0 1
18468.5 18359.5 18359.5 0 0 0
15725.9 15725.9 15725.9 1 0 0
14361.3 14227.2 14227.2 1 0 0
12453.9 12453.9 12453.9 0 1 0
10616.5 10616.5 10616.5 0 1 0
12424.2 12424.2 12424.2 0 1 0
19477.5 19393.9 19393.9 0 1 0
16892.6 16892.6 16892.6 0 1 0
12609.3 12609.3 12609.3 0 1 0
13554.6 13554.6 13554.6 0 1 0
15909.9 15909.9 15909.9 0 1 0
11631.3 11631.3 11631.3 0 1 0
11147.5 11147.5 11147.5 0 0 1
15091.9 15091.9 15091.9 0 0 1
10629.5 10629.5 10629.5 0 0 1
10696.4 10671.7 10671.7 0 0 1
12797.2 12797.2 12797.2 0 0 1
13459.5 13459.5 13459.5 0 0 1
13589.6 13234.7 13234.7 0 0 0
14758.7 14758.7 14758.7 1 0 0
10427.9 10427.9 10427.9 1 0 0
8778.5 8478.9 8478.9 0 1 0
10476.1 10406.1 10416.1 0 1 0
14429.8 14429.8 14429.8 1 0 1
14973.2 14973.2 14973.2 0 0 1
15078.8 15078.8 15078.8 0 0 1
12843.8 12843.8 12843.8 0 1 0
12897 12764.1 12764.1 1 0 0
7142.7 7142.7 7142.7 1 0 0
16115.2 16115.2 16115.2 1 0 0
16201.6 16201.6 16201.6 0 1 0
17064.1 17064.1 17064.1 0 1 0
11388.2 11388.2 11388.2 0 1 0
14454 14405.6 14405.6 0 1 0
14959.8 14959.8 14959.8 0 1 0
13530 13530 13550 0 1 0
10971.8 10971.8 10971.8 0 1 0
12340.4 12230.4 12230.4 0 1 0
18445 18445 18445 0 1 0
11397.9 11397.9 11397.9 0 0 1
16694.9 16447.7 16447.7 0 0 0
17714.9 17714.9 17714.9 1 0 0
14225.6 14225.6 14225.6 1 0 0
13105.8 13105.8 13105.8 1 0 0
15524.6 15524.6 15524.6 0 1 0
13317.8 13317.8 13317.8 0 1 0
11620.1 11620.1 11620.1 0 0 1
14103.6 14103.6 14103.6 0 0 1
13700.9 13460.9 13460.9 0 0 1
14380.5 14380.5 14380.5 0 0 1
16379.2 16379.2 16379.2 0 0 1
13252 13252 13252 0 0 1
14836.9 14740.7 14740.7 0 0 0
14218.1 14164.8 14164.8 1 0 0
14795.9 14795.9 14795.9 1 0 0
16176.6 16176.6 16176.6 0 0 1
12951.9 12951.9 12951.9 0 0 1
18269.9 18269.9 18269.9 0 1 0
12678.3 12678.3 12678.3 0 1 0
16646.9 16353.3 16353.3 0 1 0
12546.9 12506.9 12506.9 0 1 0
15556.4 15556.4 15556.4 0 1 0
10036.5 10036.5 10036.5 0 0 1
14587.8 14500.3 14500.3 0 0 1
11383.7 11383.7 11383.7 0 1 0
13985.4 13985.4 13985.4 0 1 0
11902.7 11902.7 11902.7 1 0 1
10785.6 10785.6 10785.6 0 0 1
14455.4 14455.4 14455.4 0 1 0
13805.2 13805.2 13805.2 1 0 0
15071.8 15071.8 15071.8 1 0 0
15053.7 15053.7 15053.7 1 0 1
15266 15166 15166 0 0 1
14400.4 14350.4 14350.4 0 1 0
14937.1 14937.1 14937.1 1 0 0
18081.7 18081.7 18081.7 1 0 1
13717.6 13717.6 13717.6 0 1 0
15397.3 15062.8 15062.8 0 1 0
15685.3 15675.3 15675.3 1 0 1
12136.3 11912.9 11912.9 0 0 1
14570.8 14281 14281 0 0 1
15814.2 15814.2 15814.2 0 1 0
12238.1 11654.7 11654.7 0 1 0
11881.2 11881.2 11881.2 1 0 1
9234 9024 9024 0 0 1
11965.6 11965.6 11965.6 0 1 0
11890.9 11756.3 11756.3 0 1 0
14292.9 13672.9 13672.9 1 0 0
10833.6 10833.6 10833.6 1 0 1
16203.3 16203.3 16203.3 0 0 1
15584.9 15139.8 15139.8 0 0 1
10822.2 10523 10523 0 0 1
15032.4 15032.4 15032.4 0 0 1
8861 8861 8861 0 1 0
14425.2 14425.2 14425.2 1 0 1
13335.1 13335.1 13335.1 0 0 1
13867.6 13867.6 13867.6 0 0 1
12611.9 12561.9 12561.9 0 0 1
11170.1 11135.8 11135.8 0 1 0
11429.1 11429.1 11429.1 1 0 1
11240.7 11240.7 11240.7 0 0 1
11800.1 11800.1 11800.1 0 1 0
14758.7 14758.7 14758.7 1 0 1
13248.3 13138.3 13138.3 0 0 1
17265.4 17265.4 17265.4 0 1 0
12441.4 12441.4 12441.4 1 0 1
16479.2 16479.2 16479.2 0 0 1
14683.9 14663.9 14663.9 0 1 0
11971.3 11971.3 11971.3 1 0 1
11152.1 11112.1 11112.1 0 0 1
18623 18623 18623 0 1 1
13551.4 13551.4 13551.4 0 0 1
16001.2 16001.2 16001.2 0 1 0
13209.3 13209.3 13209.3 1 0 1
13752.8 13752.8 13752.8 0 0 1
15903 15805.2 15805.2 0 1 0
11070.6 10904.8 10904.8 0 1 0
12773.9 12773.9 12773.9 0 1 0
16041.7 16041.7 16041.7 1 0 1
13338.3 13338.3 13338.3 0 1 0
11956.9 11956.9 11956.9 1 0 0
14596.6 14596.6 14596.6 1 0 1
18583.6 17997.5 17997.5 0 0 1
15216.2 15216.2 15216.2 0 1 1
14151 14151 14151 0 0 1
17055.6 17055.6 17055.6 0 1 0
10364.3 10272.3 10272.3 1 0 1
13783 13753 13753 0 0 1
16606.3 16446.3 16446.3 0 1 0
16638.9 16610.1 16610.1 1 0 1
15985.7 15985.7 15985.7 0 0 1
13910.8 13730.8 13730.8 0 0 1
12120.2 12120.2 12120.2 1 0 1
13534.5 13534.5 13534.5 0 0 1
16130.1 15414.7 15414.7 0 0 1
14403.2 14403.2 14403.2 0 1 0
15310 15310 15310 1 0 1
13862.9 13846.9 13846.9 0 1 0
14802.6 14802.6 14802.6 1 0 1
13969.8 13806.6 13809.8 0 0 1
15941.1 15941.1 15941.1 0 1 1
13041.4 12981.4 12981.4 0 0 1
11163 10742.7 10742.7 0 1 1
12461.4 12461.4 12461.4 0 0 1
14917.9 14917.9 14917.9 0 1 0
12702.8 12702.8 12702.8 1 0 1
16954.9 16834.9 16834.9 0 0 1
12188.4 12188.4 12188.4 0 1 1
13198.1 13198.1 13198.1 0 0 1
16138.4 16138.4 16138.4 0 1 0
15178.9 15089.9 15089.9 1 0 1
14138.4 14061.8 14061.8 0 0 1
12776.3 11797.3 11797.3 0 1 0
13725.4 13237 13237 1 0 1
13294.9 13294.9 13294.9 0 0 1
8089.1 7898.5 7898.5 1 0 0
16224.3 16224.3 16224.3 1 0 1
10503.2 10503.2 10503.2 0 1 1
13650.9 13650.9 13650.9 0 0 1
14708.9 14708.9 14708.9 0 1 0
15739.5 15689.5 15689.5 1 0 1
12757.6 12757.6 12757.6 0 0 1
15341.9 15341.9 15341.9 0 1 0
16224.1 16224.1 16224.1 1 0 1
15601.5 15601.5 15601.5 0 1 0
19386.7 19386.7 19386.7 1 0 1
19970.4 19970.4 19970.4 0 1 0
17572.2 17572.2 17572.2 1 0 1
13462.5 13462.5 13462.5 0 0 1
11121.1 11121.1 11121.1 0 1 0
12828.1 12828.1 12828.1 1 0 1
13865.9 13865.9 13865.9 0 0 1
