1 16 28 30 48 27 46 83 70 27 38 57 66 45 84 94 111 28 47 61 76 63 91 156 152 
2 13 28 28 34 24 39 53 70 18 34 44 57 32 78 86 111 20 45 57 66 41 78 111 133 
3 12 23 35 39 24 40 49 65 16 34 40 51 37 67 88 91 21 38 57 61 49 74 106 112 
4 11 27 28 33 33 44 65 82 20 37 49 55 43 62 95 119 24 41 66 66 44 85 116 143 
5 12 20 27 36 21 44 47 53 19 36 45 55 41 67 76 92 19 39 55 57 42 90 98 132 
6 15 22 37 37 32 43 63 84 21 34 47 55 45 72 98 118 24 41 57 75 48 92 115 147 
7 13 24 31 43 22 44 58 97 20 32 60 53 38 74 101 102 26 44 61 80 41 93 137 142 
8 12 19 43 34 27 42 57 73 18 33 48 57 33 69 111 101 24 45 62 73 44 84 126 159 
9 13 24 36 44 28 56 78 87 25 35 50 69 43 75 105 127 23 48 70 75 52 108 118 156 
10 14 30 32 51 28 47 77 80 19 40 56 66 42 74 95 123 30 51 61 77 44 90 132 142 
11 16 38 39 58 39 54 79 82 22 41 54 76 50 78 110 130 27 52 67 76 55 111 158 158 
12 18 27 35 47 29 48 71 75 24 38 53 63 47 73 103 123 27 47 67 84 48 99 138 147 
13 16 24 39 47 27 48 79 74 26 39 50 63 39 79 99 136 26 46 68 79 55 88 140 152 
14 16 27 47 45 28 55 64 81 27 50 61 64 58 72 131 133 32 49 70 74 53 94 135 166 
15 15 28 36 43 27 48 68 89 22 39 50 54 43 84 91 114 26 51 58 71 48 95 132 153 
16 9 22 25 35 19 33 57 58 17 33 51 50 36 59 96 103 23 34 57 53 34 71 106 124 
17 9 30 31 45 19 44 41 60 14 28 35 46 28 68 72 98 17 31 45 57 33 66 113 104 
18 10 24 24 40 22 48 52 64 19 34 49 48 28 69 88 95 21 39 56 52 39 66 122 117 
19 12 25 31 29 23 34 54 66 16 33 38 54 30 56 72 91 23 38 49 61 35 85 95 133 
20 10 26 29 30 18 34 58 58 19 32 39 55 29 61 82 88 20 37 55 62 36 74 99 148 
21 14 20 30 37 18 36 71 62 16 28 42 53 29 53 72 86 20 41 53 60 44 71 91 134 
22 14 27 31 35 31 51 45 63 17 31 41 53 31 62 88 99 22 35 50 57 43 75 98 107 
23 11 27 32 46 25 49 83 88 21 30 55 58 36 57 88 92 24 40 56 54 43 78 113 113 
24 12 18 30 31 23 47 50 55 18 30 38 44 35 68 80 95 19 44 59 59 38 83 99 113 
25 12 20 30 31 22 46 69 66 23 39 44 50 33 73 104 111 23 37 58 69 43 76 107 128 
26 12 18 27 36 25 44 61 64 22 32 47 55 34 60 91 104 26 38 55 65 45 83 107 127 
27 10 26 32 44 30 43 76 81 19 34 48 49 36 63 90 124 26 46 60 60 42 84 116 126 
28 17 24 34 31 24 44 65 73 20 35 48 54 38 60 101 105 22 38 59 73 41 83 115 126 
29 12 23 30 36 20 39 58 58 18 32 43 52 32 61 88 108 25 42 53 63 41 75 115 146 
30 10 24 33 32 22 35 52 68 19 33 39 52 34 61 101 90 21 43 49 63 37 88 117 112 
31 14 22 20 28 21 39 55 60 14 28 43 53 30 48 100 102 18 31 44 54 33 62 84 128 
32 11 20 21 29 24 30 52 50 13 29 36 41 32 58 82 99 18 35 47 56 38 66 101 107 
33 14 20 32 30 28 37 49 57 17 30 40 47 35 54 103 92 18 40 51 61 38 68 102 143 
34 16 20 33 29 27 44 70 75 15 31 40 49 42 55 81 84 20 36 62 60 34 69 96 135 
35 10 17 29 29 19 50 57 74 18 34 45 42 34 67 86 111 23 42 50 61 40 83 104 126 
36 11 21 27 34 20 55 51 63 18 32 40 52 33 68 94 121 21 40 68 64 37 71 99 140 
37 10 21 21 38 23 41 50 74 15 29 36 48 27 60 72 88 21 35 52 54 33 70 94 98 
38 16 18 31 35 24 37 62 72 23 31 43 50 38 64 99 93 20 35 50 59 39 72 103 116 
39 11 21 21 27 18 42 48 56 18 25 43 54 29 65 83 93 19 35 61 59 36 72 99 127 
40 9 18 26 33 17 40 48 62 20 31 39 46 28 55 85 99 19 37 53 56 37 67 107 123 
41 12 21 30 40 19 39 50 56 18 31 43 43 32 57 78 100 24 37 56 55 38 78 101 125 
42 12 24 38 40 27 43 88 89 18 33 47 50 43 71 99 115 25 40 61 65 44 88 111 126 
43 11 21 31 38 25 43 52 61 18 34 57 53 33 60 83 100 24 40 56 68 39 84 99 131 
44 11 20 26 40 22 34 56 54 16 30 43 50 27 55 75 94 22 41 51 61 38 81 100 117 
45 14 25 26 30 29 44 50 70 15 37 42 56 30 58 92 88 22 37 59 70 39 82 106 137 
46 10 15 20 32 18 38 69 62 15 31 37 44 30 59 74 85 19 38 47 51 32 76 94 97 
47 10 18 24 25 18 37 60 57 12 24 32 51 28 53 79 82 17 30 41 44 30 59 90 106 
48 10 15 45 33 28 44 55 61 14 27 41 50 33 48 70 116 16 40 45 69 41 68 95 136 
49 8 16 30 32 22 35 60 53 17 24 39 39 29 54 88 94 16 33 46 54 39 80 90 98 
50 10 20 26 38 18 34 60 55 19 28 44 51 30 59 84 91 19 34 52 57 36 67 94 107 
51 10 21 22 41 16 38 66 74 19 35 47 47 30 52 74 96 21 36 48 68 33 68 106 118 
52 10 16 28 32 18 36 50 58 21 27 36 43 26 47 67 88 19 39 44 59 35 60 83 101 
53 14 18 24 26 18 39 44 67 15 29 39 50 27 63 77 93 18 36 52 61 33 79 95 130 
54 10 19 30 36 19 44 47 63 16 31 39 44 27 59 82 83 17 36 57 53 36 68 103 105 
55 12 16 27 35 18 29 52 72 13 27 39 44 32 67 85 119 19 36 49 56 39 74 101 121 
56 12 18 27 30 18 47 67 62 14 29 40 45 29 57 82 93 18 37 48 60 40 69 93 112 
57 15 20 32 29 22 36 60 69 20 30 40 54 30 62 84 103 20 47 55 60 40 83 99 126 
58 14 25 31 43 25 46 55 75 21 34 44 53 34 61 106 97 20 37 52 71 39 74 114 123 
59 11 21 30 30 21 38 49 52 19 32 37 44 29 55 77 95 22 35 57 61 39 67 107 122 
60 11 20 27 29 18 37 52 70 13 28 40 45 30 59 81 101 19 40 44 55 36 70 105 115 
