1 13 24 38 40 38 56 67 85 22 40 48 53 41 76 96 112 23 46 62 68 51 84 124 138 
2 15 19 27 36 26 48 78 55 20 29 49 54 33 61 77 88 23 40 50 64 42 85 100 146 
3 10 24 27 30 24 47 60 69 17 26 41 54 30 68 78 85 22 36 44 56 44 69 113 110 
4 13 25 27 31 21 42 58 60 22 32 47 47 41 66 89 94 20 41 63 64 45 74 124 137 
5 13 23 30 32 24 39 44 57 15 30 43 41 37 51 78 86 24 39 55 53 54 84 110 121 
6 13 25 34 42 25 48 61 64 21 33 44 53 42 70 114 100 29 42 57 66 43 86 112 136 
7 20 26 33 37 24 55 53 74 19 39 42 54 37 74 107 112 23 44 53 62 44 89 112 158 
8 14 18 30 47 33 55 62 78 24 34 61 53 31 63 94 115 24 41 64 62 50 93 111 129 
9 15 21 32 40 24 43 79 91 20 32 56 56 40 72 100 114 24 45 67 69 46 86 118 178 
10 14 22 33 34 31 43 61 66 21 38 50 49 44 72 105 109 24 44 58 71 55 86 140 142 
11 14 27 36 45 26 48 64 71 28 43 59 64 45 70 110 127 26 58 61 86 45 94 131 158 
12 16 32 36 53 28 46 74 78 21 33 61 68 47 72 96 127 23 42 63 74 46 99 127 147 
13 16 22 40 45 29 44 76 72 20 48 52 59 41 80 117 106 26 44 62 71 48 82 119 158 
14 20 28 37 42 30 52 75 81 27 41 51 61 49 82 97 122 28 48 66 79 51 106 125 151 
15 17 24 33 39 27 43 59 64 21 34 48 59 36 73 92 105 26 48 62 67 53 89 128 142 
16 12 22 26 34 21 43 53 77 17 26 48 54 26 60 76 86 21 33 51 53 38 69 95 126 
17 10 20 23 24 26 36 60 76 16 27 36 41 32 65 79 113 24 32 46 70 37 83 102 104 
18 11 19 26 38 17 37 63 68 19 31 38 50 33 52 106 95 20 38 57 57 43 75 117 113 
19 9 19 26 28 26 39 55 78 18 30 38 46 29 54 86 82 20 37 51 56 43 66 95 125 
20 10 17 28 26 18 45 48 53 16 31 37 50 30 62 86 97 18 39 49 57 38 69 101 129 
21 11 19 27 31 26 49 49 56 14 28 34 47 30 57 83 93 19 37 61 56 45 67 95 111 
22 10 23 30 28 17 39 57 59 15 27 35 46 30 50 76 99 23 35 47 57 33 64 86 112 
23 13 21 27 31 34 39 58 61 17 32 48 47 35 52 107 84 19 43 45 57 48 72 97 122 
24 12 21 27 28 27 39 53 51 16 30 47 45 47 54 76 101 24 38 65 56 36 68 104 120 
25 10 19 36 37 20 37 54 63 16 32 40 51 32 57 109 96 19 37 57 61 41 70 127 133 
26 10 22 25 45 18 49 58 68 17 30 41 50 30 60 87 95 22 41 53 67 42 74 120 123 
27 13 21 31 32 27 50 64 68 18 29 46 48 40 70 86 106 25 42 57 65 40 77 128 122 
28 9 24 34 37 25 48 63 59 20 30 46 49 29 62 82 99 25 39 49 64 43 82 108 124 
29 14 21 27 28 20 38 64 57 20 31 47 47 36 63 77 103 20 40 61 70 36 78 97 126 
30 15 26 28 34 19 40 49 66 17 31 48 45 35 62 80 96 20 39 50 65 48 73 106 116 
31 9 17 22 29 24 40 52 58 14 35 33 42 32 54 72 95 17 34 44 52 33 67 88 98 
32 9 16 26 27 18 45 54 59 16 25 36 48 31 57 78 85 17 31 44 50 33 60 89 92 
33 16 19 25 27 20 33 54 66 15 26 36 45 35 57 83 87 17 33 53 52 38 70 89 123 
34 10 21 28 29 17 43 57 76 14 28 42 45 24 57 76 77 23 36 52 52 32 69 92 105 
35 12 19 35 36 22 55 56 76 18 32 50 54 30 65 80 96 19 35 67 63 40 65 107 148 
36 12 19 21 30 19 42 79 55 15 33 37 46 31 55 82 84 20 38 67 57 35 74 103 107 
37 13 20 31 29 23 34 46 61 15 24 32 45 29 55 74 120 21 33 56 55 32 67 85 105 
38 13 19 27 31 24 51 52 60 16 32 42 48 35 60 87 94 18 41 53 57 42 76 95 123 
39 8 21 31 31 22 30 45 51 17 28 37 47 32 56 76 91 17 33 51 59 35 78 103 114 
40 11 17 24 31 18 45 46 55 15 30 34 51 28 50 72 82 17 33 51 57 35 60 89 97 
41 9 20 25 27 20 44 49 70 15 28 40 42 38 67 84 95 19 34 47 54 38 70 124 103 
42 13 21 32 45 27 51 63 79 17 34 44 52 34 57 88 108 19 44 54 74 38 77 106 124 
43 12 19 27 37 21 51 53 86 16 29 47 57 33 65 87 120 26 37 55 61 37 78 114 139 
44 10 19 25 34 27 39 50 55 17 28 39 42 30 48 83 101 21 35 41 55 35 62 102 112 
45 12 17 24 29 20 43 49 73 18 29 40 47 33 61 83 85 20 40 52 64 42 74 101 142 
46 8 19 23 28 17 33 47 56 12 27 43 50 22 54 74 82 18 30 42 57 28 61 110 120 
47 12 19 24 29 20 40 55 54 12 32 32 37 25 57 67 72 15 32 43 56 29 59 87 90 
48 10 19 34 27 19 30 41 64 14 24 40 47 32 65 69 87 20 35 54 61 32 71 102 114 
49 12 14 23 22 14 48 44 56 14 24 46 44 25 53 80 93 15 38 40 51 36 63 95 103 
50 12 17 27 23 21 34 45 63 20 29 39 40 30 53 78 83 20 31 46 55 35 65 88 108 
51 14 17 26 27 19 36 44 58 15 28 41 43 32 58 79 103 19 41 44 54 41 73 108 107 
52 12 19 20 30 16 43 47 49 13 28 34 41 25 48 66 74 18 29 45 53 33 63 91 95 
53 10 25 25 36 25 38 64 49 15 27 37 44 33 57 79 83 19 34 47 54 37 70 95 100 
54 9 23 34 31 21 48 50 55 17 28 42 49 31 53 78 92 18 33 47 53 35 67 94 106 
55 9 15 21 31 16 41 56 55 15 24 44 44 32 58 70 103 17 35 48 57 32 63 124 107 
56 10 23 29 30 21 40 55 54 16 35 37 48 32 56 87 87 18 40 48 59 36 66 101 110 
57 12 20 27 33 20 51 56 58 15 28 43 48 28 56 79 97 20 36 50 52 35 74 105 118 
58 10 19 38 30 23 37 73 63 16 30 47 45 30 66 81 94 20 35 50 71 38 79 101 121 
59 9 22 23 31 21 41 48 51 14 32 38 43 28 52 88 95 21 35 52 62 36 79 111 109 
60 10 15 26 28 21 42 56 57 14 29 44 43 27 54 90 116 17 33 47 51 33 77 98 107 
