1 12 27 37 40 22 53 60 84 19 39 49 58 46 77 98 110 23 46 56 69 55 83 131 146 
2 12 24 31 28 26 36 58 65 17 38 50 45 36 75 86 114 25 37 58 61 42 98 118 127 
3 14 20 33 29 26 34 45 54 17 32 39 51 31 56 80 87 20 41 53 54 39 74 96 109 
4 11 30 28 29 28 57 58 62 20 34 47 50 39 76 86 97 25 41 56 70 43 81 113 137 
5 14 25 29 25 21 29 56 55 17 28 41 46 38 61 82 104 20 37 51 54 40 69 115 98 
6 13 19 29 45 29 42 57 85 20 35 51 52 35 64 109 108 24 41 71 74 45 84 114 146 
7 13 24 49 43 34 52 67 72 19 35 52 63 40 66 84 115 28 48 58 73 43 81 112 144 
8 21 24 28 37 23 44 57 67 18 32 47 55 35 77 89 98 22 40 58 74 39 96 108 159 
9 17 20 34 35 32 54 63 117 27 34 53 55 37 77 118 116 22 52 70 78 44 91 122 146 
10 12 23 31 36 22 56 74 80 17 35 53 76 36 68 91 105 24 53 63 65 47 84 117 153 
11 13 25 32 39 38 53 73 82 22 45 50 59 53 77 95 121 24 45 64 72 49 113 125 146 
12 15 31 31 45 28 53 61 78 25 37 54 62 41 79 102 116 29 56 80 71 51 93 121 160 
13 14 25 47 44 24 47 87 88 23 43 54 51 36 69 92 122 26 52 60 67 46 84 113 134 
14 19 35 36 39 26 69 70 82 25 37 53 65 40 86 124 127 29 52 67 76 53 95 114 148 
15 16 21 31 33 27 56 67 73 21 34 51 63 39 70 85 103 23 44 57 64 45 92 115 126 
16 12 20 32 29 20 39 59 61 16 27 34 45 27 55 76 96 19 37 48 51 41 66 99 124 
17 12 18 25 23 16 46 50 48 13 34 34 53 30 53 67 90 19 36 48 69 33 86 111 93 
18 11 17 29 40 19 56 51 71 17 32 41 45 32 55 102 101 18 37 58 61 33 74 96 129 
19 11 18 23 27 21 36 52 76 14 29 38 40 36 59 77 90 17 35 51 54 35 66 98 120 
20 11 20 24 32 20 36 54 79 15 31 35 43 32 55 73 117 19 37 48 60 34 69 92 110 
21 14 19 23 30 21 46 58 56 15 28 43 46 29 48 85 89 19 39 49 55 34 66 87 114 
22 10 18 27 31 23 40 51 53 17 29 37 49 29 51 73 90 23 40 52 62 33 67 97 103 
23 16 27 35 27 24 43 76 83 16 29 50 47 39 53 77 97 23 38 46 58 44 70 89 129 
24 13 18 24 26 22 43 56 60 15 30 39 45 30 56 86 86 22 32 54 54 36 80 98 123 
25 11 18 30 30 21 41 55 66 18 29 43 54 30 65 93 114 24 36 51 61 45 76 109 125 
26 10 19 26 31 28 42 50 64 17 31 41 58 42 62 89 110 23 42 53 64 41 75 108 125 
27 10 21 33 46 25 46 57 69 17 29 45 60 36 60 103 133 24 45 55 76 43 93 102 127 
28 13 24 25 31 19 37 56 70 20 32 42 48 32 74 86 111 25 42 50 69 38 71 105 124 
29 13 20 30 41 19 45 49 78 18 33 41 48 32 60 100 107 23 36 46 60 40 74 101 118 
30 11 21 35 29 18 37 60 61 16 34 42 53 33 72 81 100 26 35 46 53 37 75 98 117 
31 13 16 23 27 21 32 39 56 14 30 38 40 25 49 86 77 18 33 43 54 31 60 99 114 
32 8 16 21 28 19 36 46 49 17 34 34 39 25 55 70 93 17 33 47 52 35 72 102 115 
33 15 22 33 29 21 35 59 55 15 28 44 47 28 52 90 109 17 34 47 60 41 64 98 113 
34 9 18 29 43 20 35 50 53 17 27 37 46 36 51 82 109 21 39 56 56 35 73 93 106 
35 11 26 25 32 33 38 67 69 17 28 45 54 31 63 74 116 18 39 46 54 39 65 97 110 
36 11 17 24 29 16 34 56 63 16 35 43 49 29 69 102 87 19 39 51 56 38 76 107 116 
37 12 15 22 28 17 44 48 72 19 25 39 40 28 56 70 97 18 33 52 52 40 57 100 103 
38 11 17 26 30 23 40 44 62 19 32 36 50 29 58 77 99 20 42 47 55 33 73 102 114 
39 11 19 22 28 18 49 50 65 18 23 44 41 25 57 70 91 20 31 45 51 39 74 95 112 
40 12 24 26 26 21 36 58 76 18 32 42 43 29 56 74 79 18 35 45 55 35 61 90 99 
41 11 20 28 33 16 39 63 54 18 28 37 46 29 55 86 90 19 37 52 58 40 68 94 115 
42 12 22 39 42 24 44 51 65 18 37 44 55 48 63 114 94 20 41 53 76 40 75 118 127 
43 12 27 30 36 19 42 59 71 17 31 43 61 36 58 81 140 19 39 54 65 44 83 108 117 
44 10 18 32 28 18 37 59 84 15 30 43 48 26 54 81 106 20 35 52 53 34 70 108 114 
45 10 21 32 26 18 43 69 63 17 31 42 45 36 62 83 98 21 38 51 63 36 71 114 142 
46 8 16 28 25 16 33 69 52 13 23 48 48 30 56 78 84 16 32 41 54 28 56 88 111 
47 9 19 29 24 20 38 48 52 15 25 32 37 24 49 78 74 15 28 42 51 28 59 100 104 
48 12 18 25 23 31 29 48 50 15 26 42 42 32 50 77 85 17 37 42 62 37 62 101 97 
49 9 15 26 24 19 40 50 59 14 27 39 42 28 58 68 98 17 37 53 51 34 78 89 105 
50 11 19 22 24 16 33 46 51 14 27 38 43 30 54 77 85 21 31 46 61 31 73 94 112 
51 12 16 24 29 20 37 47 75 14 33 42 40 25 52 74 84 19 35 45 57 37 60 91 113 
52 11 19 23 24 22 35 42 51 17 25 39 40 25 49 79 75 16 30 41 54 33 63 78 98 
53 11 22 24 25 35 37 47 50 14 31 36 41 31 51 82 96 21 38 49 55 32 65 97 108 
54 14 22 27 29 20 37 51 62 17 27 37 44 27 57 78 101 17 36 46 55 38 63 107 102 
55 9 14 28 24 15 37 41 73 18 26 51 55 29 58 77 87 20 38 45 53 34 61 98 122 
56 11 22 24 28 22 37 44 62 18 32 37 51 32 57 75 88 19 37 44 54 42 84 95 102 
57 12 19 27 33 18 34 59 54 16 29 47 53 31 67 89 93 21 36 53 72 37 77 95 120 
58 11 25 26 28 30 53 54 73 17 33 40 47 32 51 82 110 20 38 51 60 36 73 105 131 
59 9 22 28 33 19 36 56 57 15 29 37 49 30 66 73 102 17 36 45 56 41 62 102 109 
60 9 17 25 23 25 36 43 54 15 28 40 49 31 54 81 84 17 35 49 49 33 67 106 97 
