1 55242.4 
2 55859.2 
3 48604.4 
4 43355.7 
5 56378.4 
6 51234.7 
7 38813 
8 51164.4 
9 51822.1 
10 49729.8 
11 57655.6 
12 49514.4 
13 44717.4 
14 45539.9 
15 35794 
16 51527.2 
17 46610.9 
18 45568.4 
19 30660.5 
20 50780.8 
21 47741.8 
22 44204.4 
23 49581.6 
24 35899.6 
25 45841.2 
26 43593.8 
27 53995.9 
28 52812.9 
29 69494.9 
30 49401.8 
31 45172.1 
32 50002.4 
33 50295.5 
34 61211.4 
35 56177.2 
36 44930.3 
37 46999 
38 43348.1 
39 45086.1 
40 45097.1 
41 55228.6 
42 48563.6 
43 50632.2 
44 35489.8 
45 66055.7 
46 46680.2 
47 47727.1 
48 46695.3 
49 49840.7 
50 54132 
51 49871 
52 54083.7 
53 51069 
54 55602 
55 37521.5 
56 53984.4 
57 48098.4 
58 55793.4 
59 64563.7 
60 53065.6 
61 51101.9 
62 50154.1 
63 40689.4 
64 64566.3 
65 57249.1 
66 46461.5 
67 60997.6 
68 43246.1 
69 53227.1 
70 37627.1 
71 46263.4 
72 51520 
73 56840.7 
74 46576.4 
75 54579.6 
76 42965.4 
77 41491.3 
78 42372.6 
79 52728.3 
80 45784.6 
81 57417.7 
82 49931.3 
83 49022.5 
84 40935.4 
85 41331.6 
86 46849.5 
87 52785.7 
88 47747.5 
89 38159.1 
90 44580.9 
91 45176.3 
92 45212.3 
93 53945.7 
94 44699.7 
95 51943.2 
96 51429.4 
97 47838.5 
98 43478.4 
99 42404.8 
100 43197 
101 42822.7 
102 46262 
103 39427.7 
104 55264.4 
105 40237 
106 47994.3 
107 35307.5 
108 42204 
109 64922 
110 46961.5 
111 45876.8 
112 41739.5 
113 48843.7 
114 60682.4 
115 57450 
116 45484.2 
117 47061.1 
118 35921.8 
119 67870.3 
120 44761 
121 56882.2 
122 49079.6 
123 37481.1 
124 55767 
125 55724.5 
126 48470.6 
127 47538.4 
128 65028.4 
129 44315.7 
130 54572.5 
131 48152.3 
132 49866.3 
133 52507.6 
134 46889.2 
135 49469.8 
136 48746 
137 52113.2 
138 48003 
139 65200.1 
140 52259.1 
141 56868.5 
142 47658.5 
143 50878.8 
144 43013.6 
145 50131.4 
146 41503 
147 44754.1 
148 40186.6 
149 38221.9 
150 41327.2 
151 47885.3 
152 41871.9 
153 46093.3 
154 39573.3 
155 52663.9 
156 46399.2 
157 42866.9 
158 44544.1 
159 33940.6 
160 46173.1 
161 39581.3 
162 42786.5 
163 39875 
164 50117.8 
165 40723.5 
166 42244.2 
167 35238.9 
168 41108.4 
169 41151.5 
170 37839.9 
171 45598.5 
172 27704.4 
173 45338.2 
174 44299.1 
175 39130.4 
176 49489.4 
177 61246.6 
178 42242.1 
179 54533.6 
180 45306.1 
181 42867 
182 39391.3 
183 37545 
184 43603.2 
185 41460.5 
186 46897 
187 36694.4 
188 44656.1 
189 34425.9 
190 48398.8 
191 43187 
192 43895.1 
193 43970.4 
194 38585 
195 40142.6 
196 39535.6 
197 44518.6 
198 40957.9 
199 52653.8 
200 41473.4 
201 43185.6 
202 52920 
203 56640.4 
204 51092.7 
205 59182.5 
206 50489.1 
207 39734.9 
208 41994 
209 37813.5 
210 48817.4 
211 59950.3 
212 43722 
213 58603.5 
214 52798.8 
215 47274.6 
216 52032.1 
217 42172 
218 39009.5 
219 53095.3 
220 39580.7 
221 41458.3 
222 46916.6 
223 38308.8 
224 52115.1 
225 40295 
226 46540.3 
227 42401.8 
228 47522.9 
229 40652.2 
230 42211.6 
231 42796.6 
232 42880.7 
233 48306.5 
234 46756.4 
235 42581.4 
236 44856.8 
237 48829.4 
238 46712.5 
239 41374 
240 47658.6 
241 45919.1 
242 45159.3 
243 37128.7 
244 41812.8 
245 44632 
246 46024.7 
247 51184.7 
248 38547.9 
249 43553.4 
250 39793.9 
251 43094.2 
252 40932.3 
253 48442.5 
254 49343.7 
255 58846 
256 35836.6 
257 54681.9 
258 48816.5 
259 42378.7 
260 50184.4 
261 52337.4 
262 46045.4 
263 51676.7 
264 57731.9 
265 44242.7 
266 31820.7 
267 43481.8 
268 51922.9 
269 46403.8 
270 45644.4 
271 45112.8 
272 48499.3 
273 36673.4 
274 48214.8 
275 41254.9 
276 49929.9 
277 58207.4 
278 48056.3 
279 44703.1 
280 51723.9 
281 41110.7 
282 36922.1 
283 48732.9 
284 49160.6 
285 38717.5 
286 40621.8 
287 44412.5 
288 51887.6 
289 50449.9 
290 43706.1 
291 54606.3 
292 57199.1 
293 48942.2 
294 46903 
295 57738 
296 45916.3 
297 45581.5 
298 45463.1 
299 42044 
300 37070.4 
