1 53775.6 
2 54173 
3 47788.4 
4 43386.3 
5 54114.4 
6 50218.3 
7 38801.4 
8 52092.9 
9 50471.9 
10 51048.3 
11 55949.1 
12 50405.3 
13 45717 
14 43690.1 
15 34323.7 
16 51828.3 
17 48695 
18 46112 
19 29507.2 
20 51850.7 
21 47087.8 
22 44433 
23 50852.5 
24 36647.8 
25 44856.7 
26 43725.2 
27 54385.9 
28 53360.1 
29 71133.9 
30 49296.1 
31 45924.2 
32 48134.4 
33 50061.6 
34 61580.3 
35 56343.6 
36 45567.6 
37 46599.6 
38 42657.5 
39 45622.8 
40 44861.4 
41 52989.7 
42 48033.7 
43 50662.5 
44 36729.1 
45 65836.2 
46 45839.9 
47 48384 
48 45642.4 
49 51681.8 
50 55284.3 
51 49550.4 
52 51934.5 
53 49710 
54 55646.1 
55 38004.4 
56 54932.1 
57 47402.8 
58 55221.5 
59 63932.7 
60 52429.8 
61 51823.9 
62 50108.8 
63 41636.3 
64 62093.6 
65 56338.9 
66 45957.3 
67 62230.9 
68 43887 
69 53509.9 
70 36856.4 
71 46167 
72 52806.4 
73 57426.7 
74 46616.5 
75 55522.6 
76 41723.3 
77 40266.4 
78 40730.6 
79 52828.4 
80 44754.5 
81 58145.4 
82 51158.6 
83 49750.9 
84 40269.6 
85 41365.3 
86 50067.7 
87 51644.1 
88 47386.2 
89 37943.8 
90 45149.9 
91 46115.4 
92 45139.8 
93 54746.7 
94 44229.5 
95 52307 
96 51625 
97 48074.1 
98 43919.3 
99 40871.7 
100 43454.6 
101 42456 
102 44499 
103 38718 
104 54131.4 
105 41083.9 
106 48513.2 
107 36382.9 
108 41454.8 
109 64073.6 
110 47045.4 
111 45378.9 
112 42811.7 
113 48753.1 
114 59724.3 
115 57389.2 
116 46684.5 
117 46919.5 
118 36179.3 
119 68927.5 
120 45919.1 
121 56066 
122 51171.9 
123 40802.6 
124 55698.6 
125 55251.4 
126 48380.9 
127 45680 
128 64937 
129 44143.3 
130 55486.3 
131 47173 
132 48478.3 
133 53989.9 
134 47409.9 
135 48559.5 
136 48658.7 
137 52207.6 
138 47557.8 
139 64613.6 
140 53885.1 
141 55747 
142 48195.9 
143 51833.1 
144 43808 
145 48809.7 
146 42125.3 
147 44395.2 
148 40614 
149 39877.2 
150 39840.4 
151 49343.1 
152 41593.4 
153 46136.7 
154 39007.7 
155 52626.7 
156 46541.7 
157 42168.3 
158 44066.5 
159 33604.6 
160 45784.9 
161 40135.5 
162 42390.2 
163 40328.8 
164 48606.3 
165 41127.5 
166 42418.1 
167 35110.3 
168 41507 
169 42175.6 
170 36721.7 
171 44882.1 
172 27704.4 
173 43514.1 
174 44635.5 
175 38930.2 
176 49582.4 
177 61246.6 
178 41889.1 
179 54356.8 
180 45125.3 
181 41746.7 
182 40502.8 
183 37114.7 
184 43603.2 
185 41265.6 
186 45715.4 
187 36976.9 
188 44728.7 
189 34226 
190 48022.2 
191 43831.9 
192 44239.6 
193 43519.8 
194 39388.1 
195 40126.2 
196 38562.7 
197 43264.3 
198 40621 
199 53316.2 
200 41832.2 
201 43280.9 
202 53903.6 
203 56848.2 
204 50349.2 
205 59523 
206 49954.3 
207 39631.3 
208 42356.1 
209 38022.5 
210 48817.4 
211 60847 
212 43332.9 
213 57873.2 
214 52792.8 
215 46795.1 
216 52174.2 
217 42400.2 
218 39564.6 
219 53439.8 
220 39984.6 
221 41043 
222 45547.8 
223 38623.7 
224 52100.2 
225 40296.5 
226 46436.1 
227 42902 
228 47522.9 
229 41045.7 
230 41993.2 
231 42796.6 
232 43261.7 
233 48739.1 
234 46351.6 
235 42581.4 
236 44756.4 
237 49242.6 
238 46857.4 
239 41231.7 
240 47894.8 
241 45784 
242 44906.6 
243 37229.9 
244 41927.8 
245 45355.8 
246 45812.2 
247 51865.5 
248 38196 
249 43357.6 
250 40473.3 
251 43094.2 
252 40932.3 
253 48473.3 
254 49688.2 
255 58846 
256 36175.8 
257 54985.6 
258 48451.9 
259 42378.7 
260 50184.4 
261 52132.2 
262 46264.5 
263 51676.7 
264 57862.8 
265 44195.3 
266 31750.7 
267 43481.3 
268 51359.6 
269 46668.6 
270 45517.7 
271 45104.2 
272 48499.3 
273 36619.8 
274 47960.8 
275 41267.9 
276 48761.7 
277 59330.9 
278 48994.1 
279 45450.8 
280 52146.6 
281 41110.7 
282 37769.6 
283 48790.3 
284 48684.7 
285 36569.4 
286 40621.8 
287 44786 
288 51754.9 
289 50013.4 
290 43310.3 
291 54615.2 
292 56942.3 
293 50118.4 
294 47833.8 
295 58155.1 
296 47449.1 
297 44791.9 
298 46952.6 
299 41455.7 
300 36758.5 
