1 10287.8 
2 9061.3 
3 10429.9 
4 10466.4 
5 6221.1 
6 6140.1 
7 9516.6 
8 10069.8 
9 8778 
10 7566.2 
11 5139.1 
12 8667.4 
13 9284.2 
14 8034.7 
15 9512.6 
16 7658.5 
17 6953.5 
18 6020.5 
19 6059.4 
20 5209.7 
21 7729.6 
22 8669.7 
23 7855.9 
24 10747.4 
25 8396.2 
26 6473.8 
27 9846.8 
28 6623.3 
29 7481.8 
30 8200.1 
31 8319.2 
32 8135 
33 7006.1 
34 10561.9 
35 9474.1 
36 7959.6 
37 10153.4 
38 7619.4 
39 6803.9 
40 5664.4 
41 7883 
42 9167.3 
43 9153.9 
44 6621.9 
45 8437.4 
46 7511.4 
47 7311.3 
48 5998.2 
49 8900.1 
50 6880.5 
51 9104.2 
52 9402 
53 6714 
54 10518.3 
55 7294.2 
56 9894.5 
57 9970.6 
58 11444.9 
59 9652.5 
60 11162.4 
61 8656.4 
62 11586.4 
63 10438.3 
64 8618.2 
65 11593.9 
66 8802.6 
67 8702.7 
68 9415.6 
69 11598.3 
70 5675.3 
71 10304.8 
72 8654.5 
73 5178 
74 10164.9 
75 5846.6 
76 10227.9 
77 5977 
78 7535.7 
79 7873.9 
80 9912.4 
81 8995.8 
82 6755.5 
83 10393.4 
84 8202.1 
85 9719.9 
86 6114.7 
87 8813.4 
88 6881.7 
89 8778.8 
90 8357.5 
91 6673.1 
92 8135.6 
93 7579 
94 6478.4 
95 12507.5 
96 8095.2 
97 8321.4 
98 7912.7 
99 6939.9 
100 8241.4 
101 8311.5 
102 8522.9 
103 9816.1 
104 7588.1 
105 9396.3 
106 11373 
107 10072.4 
108 13008.2 
109 7948.1 
110 9123.4 
111 9392 
112 9158.5 
113 12247.7 
114 10108.4 
115 7533.4 
116 8713 
117 7044.9 
118 11355.3 
119 9015 
120 10714.5 
121 7578.5 
122 8475 
123 7024.2 
124 10573.5 
125 6433.4 
126 8801.4 
127 10531.9 
128 11293.1 
129 11269.5 
130 8862.6 
131 9600.4 
132 9829 
133 9169 
134 9728.1 
135 11811.1 
136 7746.2 
137 7790.5 
138 9610.5 
139 4736.3 
140 8006.3 
141 10001.6 
142 8486.9 
143 8310.6 
144 7341.1 
145 8867 
146 8489.3 
147 6652.9 
148 7128.9 
149 8161.8 
150 9432.4 
151 8772.1 
152 8623.2 
153 7695.7 
154 10629 
155 8481.8 
156 12836.5 
157 9760.2 
158 8555.3 
159 9418.9 
160 10591.4 
161 7565 
162 10328.9 
163 8162.2 
164 8633.2 
165 8045.1 
166 8942.5 
167 7423.5 
168 11829.6 
169 8350.9 
170 10967.6 
171 12241.5 
172 7323.5 
173 9113.2 
174 9051.3 
175 8163.8 
176 9568.9 
177 8962.7 
178 9158.3 
179 10685.8 
180 8136.5 
181 8536.6 
182 12145.7 
183 10617.2 
184 9902.3 
185 9943 
186 10147 
187 10525.5 
188 8955.4 
189 9343.6 
190 7888.1 
191 7569.2 
192 10574 
193 9654.1 
194 8294.7 
195 9053.5 
196 7137.9 
197 7295.7 
198 10302.9 
199 8223.4 
200 8323.7 
201 11843.3 
202 14263 
203 11548.1 
204 11050.8 
205 8585.4 
206 12330.7 
207 9727.2 
208 7961.6 
209 9988.1 
210 11211 
211 9036.7 
212 10458.8 
213 11239.2 
214 6985.9 
215 8224.4 
216 10708.6 
217 12698.7 
218 12126.5 
219 10176.3 
220 9379.4 
221 10702.7 
222 9123.5 
223 8246.6 
224 6205.3 
225 7533.3 
226 11543.3 
227 11236 
228 11045.3 
229 9866.5 
230 11324.6 
231 10523.6 
232 12558 
233 10714.4 
234 11576 
235 8549.7 
236 11560.6 
237 7395.3 
238 9411.4 
239 9005.7 
240 11708.7 
241 9657.3 
242 8081.2 
243 10012.6 
244 8266.6 
245 8762 
246 8505.6 
247 10642.8 
248 9382.5 
249 11786.4 
250 8187.1 
251 13342.6 
252 10342.1 
253 9554.6 
254 9687.2 
255 12251.9 
256 7775.7 
257 11227.5 
258 7248.8 
259 6165.7 
260 11433.1 
261 12234 
262 6810.4 
263 9097.5 
264 10422.9 
265 7318.2 
266 10612.6 
267 8396 
268 12457.7 
269 9224.6 
270 10546.4 
271 7338.9 
272 8004.8 
273 10245.4 
274 11681.3 
275 9966.8 
276 12286.2 
277 9256.1 
278 9930.1 
279 13608.9 
280 10491.7 
281 11379.7 
282 8650.5 
283 8563.1 
284 10423.2 
285 7788.3 
286 8345.5 
287 10923.4 
288 10812 
289 9428.1 
290 9894.7 
291 12211.8 
292 9434 
293 10331 
294 9330.7 
295 7778.9 
296 10014.4 
297 11141.2 
298 9031.8 
299 9801.8 
300 8727.5 
