1 274447 
2 278731 
3 269047 
4 276178 
5 262838 
6 271670 
7 239160 
8 303740 
9 255213 
10 292351 
11 286725 
12 265310 
13 257050 
14 322528 
15 255983 
16 310783 
17 305627 
18 297151 
19 327888 
20 289966 
21 287211 
22 293286 
23 296931 
24 292277 
25 300347 
26 318381 
27 280648 
28 267095 
29 267495 
30 284459 
31 293638 
32 321648 
33 302262 
34 277363 
35 234838 
36 329249 
37 297626 
38 311981 
39 303095 
40 314090 
41 310699 
42 316873 
43 251145 
44 321039 
45 305281 
46 318036 
47 230664 
48 245869 
49 217749 
50 255385 
51 239751 
52 265443 
53 266770 
54 233719 
55 252612 
56 265579 
57 290155 
58 247266 
59 249510 
60 213651 
61 245004 
62 329551 
63 296047 
64 277884 
65 257702 
66 282857 
67 255611 
68 256548 
69 229143 
70 279900 
71 282772 
72 277308 
73 264092 
74 258283 
75 289546 
76 267499 
77 265473 
78 298193 
79 252576 
80 273324 
81 255189 
82 310261 
83 306033 
84 296246 
85 301799 
86 277248 
87 250733 
88 273334 
89 247329 
90 290650 
91 246413 
92 216011 
93 259073 
94 240922 
95 241514 
96 275495 
97 254167 
98 229432 
99 255291 
100 269532 
101 242865 
102 262768 
103 225195 
104 242910 
105 256196 
106 256964 
107 258047 
108 247719 
109 283927 
110 266069 
111 256565 
112 242977 
113 231231 
114 294160 
115 286418 
116 253747 
117 234492 
118 254311 
119 255125 
120 282036 
121 249356 
122 288958 
123 251576 
124 258034 
125 264516 
126 255766 
127 248865 
128 265529 
129 257450 
130 223463 
131 253479 
132 254036 
133 272480 
134 257109 
135 232895 
136 228454 
137 235340 
138 228977 
139 286126 
140 240941 
141 220412 
142 254049 
143 227715 
144 230690 
145 272780 
146 273875 
147 253732 
148 247912 
149 252023 
150 247077 
151 244544 
152 229762 
153 243102 
154 241765 
155 262417 
156 244661 
157 240808 
158 214662 
159 243197 
160 229441 
161 225321 
162 235183 
163 289227 
164 283690 
165 250080 
166 243706 
167 300183 
168 258069 
169 263739 
170 282057 
171 276339 
172 265189 
173 251881 
174 208721 
175 313933 
176 227824 
177 234972 
178 235861 
179 233915 
180 203860 
