1 275912 
2 281148 
3 283970 
4 276700 
5 262888 
6 270371 
7 237089 
8 319458 
9 256695 
10 291480 
11 280433 
12 264792 
13 254450 
14 308973 
15 259580 
16 312609 
17 301054 
18 296772 
19 332950 
20 285124 
21 284662 
22 292432 
23 293330 
24 286238 
25 298252 
26 315196 
27 279713 
28 270382 
29 270936 
30 280103 
31 297136 
32 318719 
33 308568 
34 281462 
35 237193 
36 331158 
37 298119 
38 310631 
39 302244 
40 320633 
41 314064 
42 318958 
43 249531 
44 325331 
45 300222 
46 322045 
47 232484 
48 250541 
49 223787 
50 255716 
51 238303 
52 263358 
53 270252 
54 237704 
55 256553 
56 265532 
57 291813 
58 250572 
59 249529 
60 212172 
61 246316 
62 327438 
63 293705 
64 282728 
65 259196 
66 285287 
67 257947 
68 261877 
69 236753 
70 286007 
71 286986 
72 269262 
73 256550 
74 257490 
75 285775 
76 268749 
77 265951 
78 296333 
79 253652 
80 266005 
81 259560 
82 303024 
83 299024 
84 289418 
85 305213 
86 277151 
87 255206 
88 275468 
89 254100 
90 292165 
91 243884 
92 215677 
93 254171 
94 245269 
95 242228 
96 271120 
97 250331 
98 232452 
99 255685 
100 271156 
101 243165 
102 262530 
103 225580 
104 246248 
105 252708 
106 254266 
107 251944 
108 252822 
109 283080 
110 272916 
111 257414 
112 244487 
113 235073 
114 294844 
115 290183 
116 252149 
117 245232 
118 258801 
119 264451 
120 278462 
121 251174 
122 287798 
123 252919 
124 256531 
125 264350 
126 257043 
127 252521 
128 268666 
129 254794 
130 225871 
131 253665 
132 251199 
133 262194 
134 256236 
135 229107 
136 227805 
137 235614 
138 226003 
139 285665 
140 242485 
141 221314 
142 254313 
143 229138 
144 227645 
145 272100 
146 278478 
147 253575 
148 243393 
149 250634 
150 245085 
151 241285 
152 230348 
153 245963 
154 242142 
155 261964 
156 246536 
157 239779 
158 218001 
159 247009 
160 232864 
161 224899 
162 235445 
163 284414 
164 284458 
165 249684 
166 246409 
167 299230 
168 252604 
169 264604 
170 283393 
171 272144 
172 262862 
173 261913 
174 213605 
175 314424 
176 230862 
177 226939 
178 240374 
179 232595 
180 199966 
