1 273264 
2 276022 
3 269047 
4 278139 
5 261217 
6 272780 
7 253188 
8 308665 
9 255451 
10 291756 
11 277642 
12 261837 
13 254450 
14 314531 
15 254721 
16 314438 
17 307283 
18 296016 
19 326746 
20 289136 
21 283712 
22 296262 
23 294312 
24 281415 
25 298252 
26 314201 
27 279552 
28 259968 
29 266766 
30 283882 
31 293993 
32 322238 
33 306869 
34 280943 
35 239893 
36 329014 
37 297306 
38 305949 
39 303222 
40 314090 
41 318079 
42 317308 
43 245517 
44 320580 
45 305323 
46 314750 
47 226693 
48 245676 
49 215703 
50 257900 
51 238711 
52 260126 
53 276147 
54 234655 
55 249107 
56 263309 
57 294507 
58 248033 
59 244026 
60 208146 
61 246389 
62 325962 
63 289049 
64 277490 
65 255387 
66 280905 
67 259462 
68 263244 
69 234487 
70 279358 
71 286209 
72 274350 
73 259009 
74 261612 
75 287377 
76 268777 
77 257653 
78 301243 
79 253932 
80 271016 
81 256302 
82 301624 
83 302121 
84 294385 
85 303946 
86 272347 
87 250234 
88 287236 
89 251394 
90 289688 
91 246291 
92 216486 
93 256580 
94 249244 
95 239773 
96 278051 
97 252614 
98 236304 
99 257402 
100 275027 
101 245319 
102 261836 
103 223761 
104 239183 
105 253624 
106 254996 
107 252958 
108 250272 
109 282772 
110 275614 
111 255667 
112 246518 
113 232287 
114 295054 
115 290484 
116 255829 
117 239632 
118 255216 
119 258773 
120 278216 
121 242860 
122 286282 
123 249964 
124 257513 
125 265528 
126 261121 
127 246915 
128 269049 
129 260157 
130 231418 
131 258597 
132 254179 
133 263489 
134 257135 
135 230576 
136 227878 
137 236550 
138 226914 
139 286689 
140 246425 
141 221526 
142 256582 
143 230021 
144 228382 
145 269959 
146 276297 
147 256259 
148 242054 
149 249296 
150 241975 
151 242742 
152 230095 
153 248428 
154 245865 
155 259831 
156 245527 
157 238374 
158 215098 
159 249502 
160 227478 
161 223199 
162 240700 
163 286753 
164 286288 
165 246167 
166 241904 
167 295412 
168 255635 
169 268384 
170 277330 
171 273687 
172 261858 
173 255622 
174 209884 
175 305071 
176 224989 
177 228751 
178 233380 
179 230431 
180 201660 
