1 1.13116e+06 
2 1.11041e+06 
3 1.29624e+06 
4 1.30745e+06 
5 1.23469e+06 
6 1.14133e+06 
7 1.19458e+06 
8 1.17485e+06 
9 1.3073e+06 
10 1.25839e+06 
11 1.19015e+06 
12 1.22775e+06 
13 1.17274e+06 
14 1.17204e+06 
15 1.22836e+06 
16 1.06702e+06 
17 1.25867e+06 
18 1.27404e+06 
19 1.16706e+06 
20 1.22885e+06 
21 1.17364e+06 
22 1.26012e+06 
23 1.19685e+06 
24 1.38468e+06 
25 1.33386e+06 
26 1.12758e+06 
27 1.25607e+06 
28 1.22948e+06 
29 1.28871e+06 
30 1.20839e+06 
31 1.37093e+06 
32 1.43121e+06 
33 1.41053e+06 
34 1.37615e+06 
35 1.31644e+06 
36 1.3595e+06 
37 1.33503e+06 
38 1.45381e+06 
39 1.39843e+06 
40 1.36724e+06 
41 1.31016e+06 
42 1.2102e+06 
43 1.28734e+06 
44 1.24981e+06 
45 1.33913e+06 
46 1.09438e+06 
47 1.06447e+06 
48 1.06727e+06 
49 1.0252e+06 
50 1.10461e+06 
51 1.09465e+06 
52 1.1578e+06 
53 1.20879e+06 
54 1.07111e+06 
55 1.12836e+06 
56 984145 
57 1.09431e+06 
58 994791 
59 1.12914e+06 
60 1.12926e+06 
61 1.11442e+06 
62 1.12305e+06 
63 1.2496e+06 
64 1.15644e+06 
65 1.16682e+06 
66 1.22657e+06 
67 1.1686e+06 
68 1.21148e+06 
69 1.11434e+06 
70 1.22971e+06 
71 1.10973e+06 
72 1.23347e+06 
73 1.21255e+06 
74 1.2358e+06 
75 1.17637e+06 
76 1.25255e+06 
77 1.13523e+06 
78 1.10921e+06 
79 1.2394e+06 
80 1.22591e+06 
81 1.06875e+06 
82 1.21441e+06 
83 1.22875e+06 
84 1.1765e+06 
85 1.12852e+06 
86 1.08512e+06 
87 1.06083e+06 
88 1.12371e+06 
89 1.14164e+06 
90 1.18749e+06 
91 974744 
92 1.03498e+06 
93 1.12052e+06 
94 1.01835e+06 
95 1.0391e+06 
96 1.09773e+06 
97 1.01844e+06 
98 944221 
99 1.12144e+06 
100 1.13635e+06 
101 972052 
102 1.13477e+06 
103 1.07484e+06 
104 1.05056e+06 
105 1.00007e+06 
106 1.04594e+06 
107 1.24108e+06 
108 1.13705e+06 
109 1.09678e+06 
110 1.13774e+06 
111 1.28226e+06 
112 1.23449e+06 
113 1.07188e+06 
114 1.05543e+06 
115 1.12912e+06 
116 1.12188e+06 
117 1.10134e+06 
118 1.03292e+06 
119 1.0828e+06 
120 1.10853e+06 
121 1.09512e+06 
122 1.22577e+06 
123 1.11153e+06 
124 1.23534e+06 
125 1.15518e+06 
126 1.17904e+06 
127 1.13855e+06 
128 1.14494e+06 
129 1.21152e+06 
130 1.08905e+06 
131 1.28268e+06 
132 1.12238e+06 
133 1.13727e+06 
134 1.04654e+06 
135 1.14182e+06 
136 964030 
137 901293 
138 1.0265e+06 
139 1.07034e+06 
140 1.04553e+06 
141 1.14037e+06 
142 898314 
143 1.05871e+06 
144 1.09036e+06 
145 1.01805e+06 
146 1.09754e+06 
147 1.06813e+06 
148 936719 
149 1.00488e+06 
150 1.0324e+06 
151 1.15886e+06 
152 1.07045e+06 
153 900390 
154 1.14723e+06 
155 1.07486e+06 
156 1.10292e+06 
157 1.13736e+06 
158 1.1192e+06 
159 1.04814e+06 
160 1.04476e+06 
161 1.10275e+06 
162 1.11256e+06 
163 1.12086e+06 
164 1.01079e+06 
165 1.08884e+06 
166 1.20721e+06 
167 1.1536e+06 
168 1.14565e+06 
169 1.10264e+06 
170 1.02875e+06 
171 1.16016e+06 
172 1.10441e+06 
173 1.16381e+06 
174 1.21164e+06 
175 1.06548e+06 
176 1.04225e+06 
177 929209 
178 1.21748e+06 
179 1.05357e+06 
180 1.13749e+06 
