1 4 8 10 12 7 11 17 16 6 8 14 16 14 20 27 25 8 15 18 19 14 22 28 38 
2 3 7 8 11 6 9 17 14 6 9 15 13 10 19 21 28 7 11 14 18 11 25 28 28 
3 4 6 5 10 7 12 14 15 5 10 11 12 11 18 24 28 6 14 15 17 12 21 28 33 
4 4 8 9 10 5 13 19 17 5 11 12 16 12 20 27 26 9 11 16 16 13 25 35 34 
5 4 5 8 7 6 12 15 26 5 9 14 12 8 18 22 25 7 10 15 17 12 25 37 38 
6 3 7 10 9 7 11 24 19 6 9 16 14 10 21 25 34 7 12 14 17 14 24 33 32 
7 3 7 9 10 7 10 16 14 5 10 12 12 11 17 25 24 7 12 15 18 13 23 34 34 
8 4 5 8 10 8 12 17 17 5 9 12 15 13 18 29 26 8 15 15 16 13 23 27 33 
9 5 6 8 8 6 12 14 17 6 10 13 13 12 20 30 27 6 11 17 17 12 21 29 34 
10 5 6 10 11 5 10 14 19 5 10 12 15 11 17 25 26 7 11 15 17 13 24 34 37 
11 3 7 6 7 6 12 21 26 6 10 12 15 9 17 24 24 7 12 14 16 12 21 28 35 
12 3 5 8 10 7 14 14 22 6 9 10 14 10 19 24 27 7 11 14 17 12 23 26 32 
13 4 6 7 9 6 11 14 16 7 9 13 13 11 18 24 24 7 10 17 16 11 21 30 35 
14 3 5 9 11 7 14 16 19 5 7 13 16 11 17 22 25 7 14 17 16 15 22 32 37 
15 4 4 7 6 7 8 14 13 5 9 10 13 9 14 22 24 6 12 14 15 12 21 28 29 
16 5 6 8 12 10 14 14 24 8 10 13 13 12 27 27 24 10 11 15 16 16 25 33 33 
17 4 6 8 8 7 13 19 18 8 9 11 15 14 23 24 24 9 12 14 16 16 22 31 30 
18 6 6 9 9 11 12 15 14 8 10 16 18 13 22 25 29 10 12 15 16 15 24 29 30 
19 4 5 7 8 7 12 20 16 6 9 11 15 13 18 22 27 8 11 18 17 16 26 29 34 
20 3 8 8 6 7 12 16 20 7 9 15 14 11 24 28 27 9 12 15 16 18 24 29 36 
21 3 6 9 8 7 14 13 17 6 9 13 13 11 18 22 26 8 13 14 14 16 23 32 31 
22 6 7 6 7 8 12 16 13 7 8 9 15 12 21 20 28 8 11 14 17 16 27 29 27 
23 5 8 9 9 9 19 15 22 7 10 14 15 14 24 29 29 8 12 18 21 17 30 31 37 
24 4 7 8 8 8 11 17 19 6 11 11 13 16 23 24 32 8 14 17 16 15 26 34 32 
25 4 6 8 6 8 9 14 13 6 9 12 11 12 16 21 23 9 12 15 13 17 24 29 37 
26 4 5 6 10 9 14 14 13 7 9 13 11 12 16 24 27 8 11 15 14 15 26 30 30 
27 3 6 9 9 9 11 16 18 6 11 12 14 12 19 26 26 8 12 14 21 16 27 25 35 
28 4 5 9 7 7 10 14 15 6 9 12 12 12 19 25 25 7 12 13 15 15 22 33 32 
29 4 8 7 8 7 11 19 14 6 8 10 12 13 18 21 21 7 10 17 14 14 24 28 28 
30 4 8 8 11 9 13 14 14 6 9 12 14 11 20 23 25 9 12 16 14 15 26 34 31 
31 6 5 9 8 7 13 16 14 6 10 12 13 15 23 25 27 8 13 16 15 16 32 31 33 
32 4 5 7 9 6 13 12 13 8 9 11 10 15 20 23 23 9 13 15 20 18 27 31 36 
33 5 10 11 11 12 16 16 17 10 11 15 13 14 21 27 28 11 13 19 17 19 30 33 39 
34 5 8 10 11 12 15 17 18 8 13 17 15 18 20 25 27 10 13 16 19 18 33 31 31 
35 5 7 9 9 12 16 19 23 9 10 13 12 17 22 26 26 8 13 17 23 21 29 37 34 
36 5 6 7 8 12 16 17 17 8 12 14 12 18 25 25 28 10 18 16 16 18 29 34 39 
37 5 6 6 10 8 13 14 16 6 9 13 12 13 20 21 29 10 13 17 17 18 26 31 31 
38 4 6 8 9 9 10 17 26 8 11 13 14 13 21 27 29 9 15 14 19 17 30 33 32 
39 3 6 7 8 10 13 15 21 7 9 12 11 14 19 23 26 8 15 17 15 16 25 32 36 
40 5 6 7 10 8 15 16 18 7 12 14 16 15 19 26 31 8 16 18 15 18 26 34 37 
41 3 6 7 9 10 13 16 20 7 12 13 13 13 27 22 30 9 14 18 20 16 26 34 43 
42 4 8 7 10 8 11 15 20 7 10 11 13 13 26 24 31 9 13 18 14 18 28 29 35 
43 4 6 8 10 8 13 16 15 7 11 13 12 15 21 30 29 10 13 15 15 16 27 32 30 
44 4 6 7 8 8 14 12 18 7 9 12 11 16 23 21 28 9 13 13 16 17 27 29 29 
45 4 5 6 7 8 11 19 21 7 11 12 12 14 18 26 23 8 15 18 16 17 29 32 35 
46 4 9 7 8 9 14 19 16 8 13 13 14 20 23 24 28 9 15 17 19 21 28 34 40 
47 5 7 11 11 13 14 18 20 8 11 14 15 15 21 29 28 10 15 21 19 19 28 38 41 
48 5 8 8 9 15 16 22 18 9 12 16 15 16 29 34 29 11 20 17 21 24 30 34 38 
49 5 7 8 9 10 15 23 25 10 13 13 15 17 26 28 34 12 15 16 20 23 33 42 40 
50 6 6 7 8 8 12 13 20 8 11 13 13 19 22 24 34 12 14 15 21 22 27 32 39 
51 5 6 10 9 10 14 20 21 7 10 13 15 18 22 27 27 10 16 19 16 19 31 35 36 
52 4 7 8 9 15 14 20 20 9 11 15 17 18 36 31 37 11 15 18 20 23 31 36 36 
53 5 8 8 10 10 11 16 18 8 15 14 15 16 25 26 34 9 17 16 16 21 28 35 41 
54 5 6 7 9 8 13 19 14 8 10 12 14 14 21 23 29 10 14 15 17 22 27 30 34 
55 5 6 11 8 11 17 14 15 9 13 15 13 15 25 24 28 10 16 17 21 26 34 34 34 
56 5 5 7 7 9 15 13 19 8 10 12 13 16 24 24 26 11 13 17 17 19 27 32 33 
57 5 5 7 8 10 10 17 17 7 10 12 12 14 22 25 26 9 16 15 16 19 25 33 34 
58 5 7 8 7 9 15 15 15 7 13 13 15 15 26 29 29 11 14 17 19 20 31 34 40 
59 4 6 9 8 9 12 13 19 9 12 12 14 13 22 24 31 10 16 16 18 20 25 34 34 
60 5 6 9 9 8 13 14 17 8 13 13 16 14 22 25 26 11 13 16 18 18 28 31 37 
