1 3 6 10 9 9 12 16 16 6 11 14 15 12 19 29 31 8 12 18 18 14 25 31 34 
2 3 7 7 9 7 11 16 18 6 8 14 14 10 16 25 29 6 10 16 21 14 23 28 36 
3 4 7 8 11 6 15 15 16 5 10 13 15 10 19 25 29 8 12 15 16 13 21 28 33 
4 3 7 7 11 9 10 18 22 5 9 12 17 11 21 30 30 7 11 15 16 11 27 31 39 
5 4 8 7 8 9 12 14 16 5 10 11 14 11 20 23 30 6 10 15 17 12 18 30 34 
6 3 6 9 10 7 12 19 21 5 12 14 17 12 18 27 25 8 12 14 19 14 22 32 35 
7 4 5 8 8 7 13 18 20 4 9 12 13 10 16 21 28 8 12 14 15 14 22 30 36 
8 3 5 8 9 6 14 16 22 7 9 13 16 11 19 24 33 6 12 17 14 14 23 28 34 
9 4 6 7 10 6 11 13 23 6 9 15 13 11 21 23 33 7 12 16 18 13 24 30 34 
10 4 6 7 9 7 15 14 14 6 13 13 16 10 17 26 27 7 11 16 18 16 22 29 34 
11 4 7 8 8 6 10 16 15 5 9 14 14 10 20 25 25 7 15 17 17 12 21 29 34 
12 3 6 9 9 7 12 18 19 6 10 12 12 11 21 28 25 6 11 14 15 14 21 31 33 
13 3 6 8 9 6 12 19 17 5 11 11 16 12 21 26 29 6 11 16 18 13 23 32 30 
14 5 6 6 8 8 10 21 26 6 11 11 16 12 19 26 32 7 14 14 16 14 23 33 34 
15 3 5 6 7 6 10 12 12 6 9 11 13 11 19 22 26 6 11 13 18 14 24 30 28 
16 4 7 8 10 7 13 17 19 7 9 15 16 13 23 26 29 8 15 17 16 18 28 32 33 
17 6 9 9 8 11 15 18 15 7 10 10 11 13 21 24 29 8 12 13 18 15 26 33 30 
18 5 8 8 8 10 15 19 16 8 9 14 12 12 22 29 23 8 11 18 16 16 25 32 29 
19 5 6 10 8 6 15 21 16 7 9 13 14 14 18 25 23 9 12 12 19 18 26 26 32 
20 5 7 11 10 8 15 17 18 7 11 15 13 17 20 26 28 8 11 13 18 16 23 27 30 
21 5 6 8 8 7 12 16 14 7 9 11 14 15 21 24 32 7 13 15 14 15 22 31 29 
22 4 5 9 9 7 10 18 13 7 11 10 12 13 20 27 29 9 11 12 16 21 26 28 30 
23 4 5 7 11 8 13 15 15 8 12 14 13 13 19 29 28 8 12 16 18 18 28 33 41 
24 3 5 7 7 9 12 20 17 6 10 12 15 13 20 27 23 8 12 15 19 16 23 32 37 
25 5 7 6 8 8 9 14 15 6 8 12 12 14 20 20 24 9 12 14 14 15 29 26 29 
26 3 6 6 6 7 9 17 14 7 9 10 13 12 21 28 23 7 14 15 16 14 22 26 34 
27 4 5 9 11 8 11 16 19 7 12 13 12 13 22 25 27 9 12 16 14 15 29 31 29 
28 3 8 7 12 6 12 14 17 6 9 11 12 12 19 23 23 8 12 14 15 16 25 26 39 
29 3 6 6 11 7 11 15 16 6 9 13 11 13 17 22 21 8 12 16 14 16 26 30 32 
30 4 7 7 10 7 14 19 17 6 10 13 13 13 21 24 24 8 12 16 17 15 20 27 32 
31 4 6 6 8 7 17 18 15 6 10 12 14 15 19 27 24 9 12 18 17 18 28 32 31 
32 5 5 6 7 7 12 14 14 6 9 10 13 12 17 27 22 8 11 15 14 19 25 29 33 
33 4 6 8 8 9 13 16 15 7 12 13 13 21 21 25 28 9 14 17 18 19 31 38 33 
34 4 10 8 10 9 16 17 19 8 12 16 16 18 22 26 32 9 12 17 19 24 28 31 36 
35 5 7 8 9 14 19 14 17 9 9 11 13 15 19 24 30 11 13 14 19 18 29 31 37 
36 4 7 8 10 10 12 16 17 8 10 15 13 13 25 24 28 10 16 18 17 19 27 35 34 
37 5 7 7 7 8 12 16 15 8 9 13 12 14 20 26 23 9 12 15 15 20 24 33 31 
38 4 7 9 9 8 16 16 15 8 11 11 20 16 26 26 24 9 15 16 18 18 26 31 33 
39 4 6 7 8 8 11 16 18 7 11 15 13 15 20 27 25 8 14 14 18 16 28 28 29 
40 5 7 8 9 7 15 17 16 7 10 12 15 15 20 22 31 11 15 16 17 17 26 28 39 
41 4 9 8 10 10 13 14 25 7 11 14 13 15 21 28 29 9 14 16 15 17 28 28 42 
42 4 6 8 8 10 15 17 18 7 11 14 14 16 22 22 25 9 13 17 17 18 28 31 31 
43 4 7 8 10 8 12 19 18 8 12 12 13 12 29 22 23 10 14 13 17 18 24 35 36 
44 4 5 9 6 8 16 14 16 8 9 12 13 15 24 21 25 9 12 15 16 17 25 29 33 
45 4 6 7 6 7 15 13 18 6 11 12 11 16 19 21 33 9 13 14 16 17 24 28 40 
46 4 9 8 7 11 22 15 16 8 14 14 15 21 29 26 31 11 17 16 21 17 35 34 33 
47 5 8 7 11 12 15 15 21 9 11 13 16 17 26 28 29 10 16 17 19 21 31 32 32 
48 5 6 13 9 16 12 19 17 8 12 12 16 14 23 25 31 12 14 17 21 21 34 36 41 
49 5 6 8 10 12 13 18 16 9 12 13 13 20 27 26 25 12 17 17 24 22 38 38 39 
50 5 7 8 10 9 12 14 20 9 12 17 15 19 24 24 25 10 15 16 21 19 31 33 41 
51 4 7 9 10 9 15 16 15 8 11 12 16 17 26 28 30 10 14 15 19 22 28 35 38 
52 5 9 11 8 10 16 18 18 8 10 15 17 19 29 28 31 11 17 17 21 23 33 41 35 
53 4 7 7 8 10 12 17 18 8 12 15 14 17 22 24 34 11 15 18 18 21 29 38 41 
54 5 7 7 8 10 16 16 14 9 12 11 14 15 21 27 24 11 15 16 15 19 28 32 34 
55 5 9 8 12 9 14 13 26 9 11 15 15 17 26 28 32 12 14 16 19 21 30 33 46 
56 4 6 7 8 9 16 13 15 8 10 13 12 17 21 24 28 10 14 17 19 19 27 30 34 
57 4 6 6 8 8 12 13 14 8 12 12 12 15 20 23 31 10 13 16 15 19 25 30 34 
58 4 8 8 9 8 14 17 21 7 13 13 13 14 23 27 26 10 14 17 19 20 32 38 40 
59 5 6 8 11 7 11 13 22 9 10 11 14 17 24 24 25 11 14 17 19 17 35 29 33 
60 5 7 7 8 9 11 16 15 8 12 13 13 14 23 34 29 10 13 19 18 19 29 33 38 
