1 5 6 8 9 7 12 16 23 7 12 12 15 11 18 28 27 7 12 15 19 11 23 32 31 
2 3 6 8 9 8 10 13 17 5 11 11 13 10 17 30 28 6 12 16 15 12 25 30 30 
3 4 5 9 9 6 9 16 19 4 10 13 15 11 23 22 31 7 12 15 16 13 20 29 34 
4 3 7 8 10 9 12 18 18 6 9 15 14 12 21 26 29 7 14 15 22 13 22 29 34 
5 3 6 7 9 7 13 15 21 4 9 12 14 10 19 21 32 6 11 17 15 13 23 28 27 
6 3 8 9 11 7 12 13 21 5 10 11 16 12 18 23 31 6 12 16 16 11 21 33 36 
7 4 4 8 9 9 13 14 18 6 7 12 11 11 18 24 26 6 12 14 15 12 20 30 32 
8 3 6 5 8 6 13 16 14 5 10 12 11 9 16 25 27 7 12 14 19 12 21 28 30 
9 4 6 7 8 7 14 16 19 6 12 12 12 11 18 25 25 6 12 13 17 15 27 30 31 
10 3 5 10 10 6 13 24 19 5 10 12 18 12 17 22 25 8 11 16 18 12 22 30 31 
11 4 6 8 8 8 12 13 18 5 9 11 14 10 15 22 25 6 11 15 18 12 22 27 37 
12 3 5 7 7 6 12 13 16 6 8 12 15 10 16 24 24 6 12 14 16 11 20 28 29 
13 4 5 7 9 6 11 14 20 6 10 11 13 10 17 30 23 6 12 13 14 13 20 36 31 
14 4 5 9 8 8 12 15 20 6 10 13 15 10 20 23 26 6 12 17 17 14 21 29 34 
15 4 5 6 6 5 9 12 12 5 9 11 11 9 16 18 22 6 10 14 14 12 21 24 31 
16 4 8 7 8 7 18 12 18 7 10 12 11 15 19 25 28 8 13 15 15 16 21 30 33 
17 4 6 7 9 8 11 16 14 7 10 14 14 11 20 24 24 9 10 13 14 20 26 31 32 
18 3 8 7 8 10 12 19 17 6 10 14 15 13 25 25 27 8 14 14 17 16 27 29 28 
19 3 4 6 8 9 15 15 19 5 9 12 12 12 18 23 25 8 11 14 13 14 25 28 33 
20 3 5 10 9 8 13 14 19 6 12 10 11 12 23 20 23 7 10 14 15 19 21 32 29 
21 4 5 7 9 7 12 15 16 6 8 12 12 14 17 21 26 8 11 16 15 14 24 24 31 
22 5 6 6 9 7 10 17 19 7 12 10 11 13 17 25 26 8 10 14 13 13 24 23 26 
23 4 6 9 11 7 14 17 17 7 11 12 11 14 21 25 31 8 14 16 18 16 26 32 28 
24 4 6 7 7 6 14 13 14 6 11 12 12 12 18 21 29 8 11 15 14 15 21 36 36 
25 3 5 6 7 9 13 17 14 8 10 12 11 13 19 26 21 8 11 15 14 16 24 33 29 
26 3 5 7 6 6 11 18 16 6 10 12 11 11 18 21 21 8 12 12 15 14 23 29 26 
27 4 6 8 7 6 16 14 20 7 10 12 12 12 22 24 26 9 12 14 15 14 21 35 30 
28 4 6 7 8 8 11 13 18 5 10 13 10 13 18 25 23 8 12 17 14 13 22 31 33 
29 3 5 9 8 6 12 12 15 6 9 10 10 11 16 20 25 7 10 13 13 15 24 25 31 
30 4 5 6 7 7 10 13 19 5 11 11 12 12 17 21 25 7 13 15 16 17 25 35 32 
31 4 6 6 6 8 12 18 13 8 8 12 14 14 18 23 31 9 16 17 14 19 21 33 32 
32 3 5 6 6 8 16 16 12 7 10 9 11 12 19 19 33 9 11 15 16 17 25 25 28 
33 5 8 9 11 10 19 18 24 7 10 14 13 16 27 32 26 9 15 15 19 17 26 34 38 
34 4 9 8 10 9 17 16 18 8 12 13 15 14 23 24 23 9 14 14 17 19 26 33 29 
35 4 6 9 10 8 17 16 18 8 9 12 12 14 21 21 25 9 13 14 16 18 29 34 37 
36 4 7 10 9 9 13 15 23 8 10 13 13 14 22 29 29 9 13 17 17 17 26 36 36 
37 5 5 7 7 9 11 15 16 7 9 12 11 13 18 28 23 8 13 15 14 18 24 28 29 
38 4 8 8 9 8 14 15 20 7 12 14 15 13 21 30 25 9 13 18 15 19 27 31 32 
39 4 6 7 8 7 9 14 13 7 10 10 11 15 21 22 21 9 13 15 14 17 25 32 37 
40 6 5 8 7 8 11 14 17 7 12 11 13 13 21 26 27 9 12 17 17 18 30 30 33 
41 4 9 6 8 8 13 12 18 7 10 14 17 12 21 25 27 9 15 16 15 16 27 30 32 
42 4 6 8 8 7 11 14 14 7 11 11 14 13 19 27 24 8 13 14 18 15 23 33 30 
43 4 6 6 9 9 11 19 16 8 11 11 15 13 21 31 30 8 12 20 16 18 24 26 36 
44 4 5 7 7 9 10 16 14 7 8 12 12 14 19 21 21 9 11 13 16 16 24 28 28 
45 4 5 6 7 7 11 15 16 8 10 13 12 14 22 22 26 8 13 17 16 17 26 29 29 
46 5 7 9 8 9 15 19 19 7 10 17 13 15 22 25 32 9 14 16 16 23 31 37 41 
47 6 8 9 8 11 14 18 14 10 11 13 13 18 21 29 32 11 15 17 15 20 25 34 35 
48 5 8 10 7 8 15 13 17 9 14 16 18 17 21 26 25 10 15 15 19 20 28 39 38 
49 7 6 10 7 13 21 16 14 9 11 15 13 17 25 25 26 11 14 19 19 19 25 30 39 
50 4 7 9 7 12 14 18 14 8 11 11 14 14 31 23 26 11 16 17 22 17 30 32 35 
51 5 8 10 8 10 16 15 21 8 12 11 12 15 23 24 24 10 14 17 20 21 27 30 34 
52 5 7 8 8 8 19 18 17 7 10 17 14 17 26 23 31 11 16 16 17 17 29 36 39 
53 4 6 7 8 10 12 22 17 9 10 14 15 15 27 25 32 9 14 15 16 19 27 32 37 
54 5 6 6 7 9 13 12 15 9 10 12 13 16 22 24 27 10 13 17 15 20 24 31 32 
55 3 6 7 7 12 14 20 19 10 13 11 12 21 23 31 29 11 14 16 19 21 33 33 43 
56 4 6 6 7 9 15 12 15 7 10 13 11 16 21 22 24 10 12 16 15 19 25 30 32 
57 4 6 6 8 8 11 14 15 7 10 12 12 14 18 27 24 9 12 14 16 18 28 28 30 
58 4 7 6 7 8 14 18 14 8 12 12 16 15 20 23 25 10 13 16 20 18 28 29 42 
59 4 6 6 8 9 11 17 13 7 10 13 12 15 19 24 23 10 13 14 16 17 28 28 33 
60 5 6 7 7 9 16 16 18 7 10 12 12 15 25 23 28 8 14 16 16 17 31 32 34 
