1 0 
2 0 
3 1 
4 0 
5 1 
6 0 
7 1 
8 0 
9 1 
10 0 
11 1 
12 0 
13 1 
14 0 
15 0 
16 1 
17 0 
18 1 
19 0 
20 0 
21 1 
22 0 
23 1 
24 0 
25 0 
26 1 
27 1 
28 0 
29 1 
30 0 
31 0 
32 1 
33 0 
34 1 
35 1 
36 0 
37 1 
38 1 
39 0 
40 1 
41 0 
42 1 
43 0 
44 1 
45 0 
46 1 
47 1 
48 0 
49 0 
50 1 
51 0 
52 1 
53 1 
54 0 
55 1 
56 1 
57 0 
58 1 
59 1 
60 0 
61 1 
62 0 
63 1 
64 1 
65 0 
66 1 
67 1 
68 0 
69 1 
70 0 
71 1 
72 0 
73 1 
74 1 
75 0 
76 1 
77 1 
78 0 
79 1 
80 0 
81 1 
82 0 
83 1 
84 0 
85 1 
86 1 
87 0 
88 1 
89 0 
90 1 
91 0 
92 1 
93 0 
94 1 
95 0 
96 1 
97 0 
98 1 
99 0 
100 1 
101 1 
102 0 
103 1 
104 1 
105 1 
106 0 
107 1 
108 1 
109 0 
110 1 
111 0 
112 1 
113 1 
114 0 
115 1 
116 0 
117 1 
118 1 
119 0 
120 1 
121 1 
122 0 
123 1 
124 1 
125 0 
126 1 
127 0 
128 1 
129 1 
130 0 
131 1 
132 1 
133 0 
134 1 
135 1 
136 0 
137 1 
138 1 
139 1 
140 0 
141 1 
142 1 
143 0 
144 1 
145 1 
146 0 
147 1 
148 1 
149 0 
150 1 
151 1 
152 0 
153 1 
154 1 
155 1 
156 0 
157 1 
158 1 
159 1 
160 0 
161 1 
162 1 
163 1 
164 0 
165 1 
166 1 
167 0 
168 1 
169 1 
170 0 
171 1 
172 1 
173 0 
174 1 
175 1 
176 1 
177 1 
178 1 
179 0 
180 1 
181 1 
182 1 
183 0 
184 1 
185 1 
186 1 
187 0 
188 1 
189 1 
190 0 
191 1 
192 1 
193 1 
194 0 
195 1 
196 1 
197 1 
198 0 
199 1 
200 1 
201 0 
202 1 
203 1 
204 0 
205 1 
206 1 
207 1 
208 1 
209 0 
210 1 
211 1 
212 1 
213 1 
214 1 
215 0 
216 1 
217 1 
218 1 
219 0 
220 1 
221 1 
222 1 
223 1 
224 0 
225 1 
226 1 
227 1 
228 1 
229 1 
230 1 
231 0 
232 1 
233 1 
234 1 
235 1 
236 0 
237 1 
238 1 
239 1 
240 1 
241 0 
242 1 
243 1 
244 1 
245 1 
246 1 
247 1 
248 1 
249 1 
250 1 
251 1 
252 1 
253 0 
254 1 
255 1 
256 1 
257 1 
258 1 
259 1 
260 1 
261 1 
262 0 
263 1 
264 1 
265 1 
266 1 
267 1 
268 0 
269 1 
270 1 
271 1 
272 1 
273 1 
274 0 
275 1 
276 1 
277 1 
278 1 
279 1 
280 1 
281 1 
282 1 
283 0 
284 1 
285 1 
286 1 
287 1 
288 1 
289 1 
290 1 
291 1 
292 1 
293 0 
294 1 
295 1 
296 1 
297 1 
298 1 
299 1 
300 0 
