1 1 
2 0 
3 0 
4 1 
5 0 
6 1 
7 0 
8 1 
9 0 
10 1 
11 0 
12 1 
13 0 
14 1 
15 0 
16 0 
17 1 
18 0 
19 1 
20 0 
21 1 
22 0 
23 1 
24 0 
25 0 
26 1 
27 0 
28 1 
29 0 
30 1 
31 0 
32 1 
33 0 
34 1 
35 1 
36 0 
37 1 
38 0 
39 1 
40 1 
41 0 
42 0 
43 1 
44 1 
45 0 
46 1 
47 0 
48 1 
49 0 
50 1 
51 0 
52 1 
53 0 
54 1 
55 1 
56 0 
57 1 
58 1 
59 0 
60 1 
61 1 
62 0 
63 1 
64 0 
65 1 
66 1 
67 0 
68 1 
69 1 
70 0 
71 1 
72 0 
73 1 
74 1 
75 0 
76 1 
77 1 
78 0 
79 1 
80 0 
81 1 
82 0 
83 1 
84 0 
85 1 
86 1 
87 0 
88 1 
89 0 
90 1 
91 0 
92 1 
93 0 
94 1 
95 0 
96 1 
97 1 
98 0 
99 1 
100 0 
101 1 
102 1 
103 0 
104 1 
105 1 
106 0 
107 1 
108 1 
109 0 
110 1 
111 1 
112 0 
113 1 
114 0 
115 1 
116 1 
117 0 
118 1 
119 1 
120 0 
121 1 
122 1 
123 0 
124 1 
125 1 
126 0 
127 1 
128 1 
129 0 
130 1 
131 1 
132 0 
133 1 
134 1 
135 0 
136 1 
137 1 
138 0 
139 1 
140 1 
141 1 
142 0 
143 1 
144 1 
145 0 
146 1 
147 1 
148 0 
149 1 
150 1 
151 0 
152 1 
153 1 
154 0 
155 1 
156 1 
157 1 
158 0 
159 1 
160 1 
161 0 
162 1 
163 1 
164 1 
165 1 
166 0 
167 1 
168 1 
169 0 
170 1 
171 1 
172 1 
173 0 
174 1 
175 1 
176 1 
177 1 
178 0 
179 1 
180 1 
181 1 
182 0 
183 1 
184 1 
185 1 
186 1 
187 0 
188 1 
189 1 
190 1 
191 0 
192 1 
193 1 
194 0 
195 1 
196 1 
197 1 
198 0 
199 1 
200 1 
201 1 
202 0 
203 1 
204 0 
205 1 
206 1 
207 1 
208 1 
209 0 
210 1 
211 1 
212 1 
213 1 
214 0 
215 1 
216 1 
217 1 
218 1 
219 0 
220 1 
221 1 
222 1 
223 1 
224 0 
225 1 
226 1 
227 1 
228 1 
229 0 
230 1 
231 1 
232 1 
233 1 
234 0 
235 1 
236 1 
237 1 
238 1 
239 1 
240 0 
241 1 
242 1 
243 1 
244 1 
245 1 
246 1 
247 1 
248 1 
249 1 
250 1 
251 1 
252 1 
253 0 
254 1 
255 1 
256 1 
257 1 
258 1 
259 1 
260 1 
261 1 
262 0 
263 1 
264 1 
265 1 
266 1 
267 1 
268 0 
269 1 
270 1 
271 1 
272 0 
273 1 
274 1 
275 1 
276 1 
277 1 
278 1 
279 1 
280 1 
281 0 
282 1 
283 1 
284 1 
285 1 
286 1 
287 0 
288 1 
289 1 
290 1 
291 1 
292 1 
293 1 
294 1 
295 1 
296 0 
297 1 
298 1 
299 1 
300 1 
