1 0 
2 2 
3 1 
4 1 
5 1 
6 1 
7 1 
8 1 
9 1 
10 1 
11 1 
12 1 
13 1 
14 0 
15 1 
16 2 
17 1 
18 1 
19 1 
20 1 
21 0 
22 2 
23 1 
24 1 
25 2 
26 1 
27 1 
28 1 
29 2 
30 1 
31 2 
32 1 
33 1 
34 2 
35 1 
36 1 
37 2 
38 1 
39 1 
40 1 
41 2 
42 1 
43 2 
44 2 
45 1 
46 2 
47 2 
48 1 
49 1 
50 1 
51 1 
52 2 
53 1 
54 1 
55 2 
56 1 
57 2 
58 1 
59 1 
60 2 
61 1 
62 2 
63 1 
64 2 
65 1 
66 1 
67 2 
68 1 
69 2 
70 1 
71 2 
72 2 
73 1 
74 1 
75 2 
76 1 
77 2 
78 1 
79 1 
80 1 
81 1 
82 1 
83 1 
84 1 
85 2 
86 1 
87 0 
88 2 
89 1 
90 1 
91 2 
92 0 
93 2 
94 1 
95 1 
96 1 
97 2 
98 1 
99 0 
100 1 
101 2 
102 1 
103 1 
104 1 
105 1 
106 2 
107 1 
108 1 
109 2 
110 1 
111 1 
112 1 
113 2 
114 1 
115 1 
116 2 
117 2 
118 1 
119 1 
120 2 
121 1 
122 1 
123 2 
124 2 
125 1 
126 2 
127 2 
128 1 
129 2 
130 1 
131 1 
132 2 
133 2 
134 1 
135 2 
136 2 
137 1 
138 2 
139 2 
140 1 
141 1 
142 1 
143 2 
144 1 
145 2 
146 2 
147 1 
148 2 
149 1 
150 1 
151 1 
152 2 
153 1 
154 2 
155 2 
156 2 
157 1 
158 2 
159 1 
160 2 
161 1 
162 1 
163 1 
164 2 
165 1 
166 1 
167 1 
168 2 
169 2 
170 1 
171 0 
172 2 
173 2 
174 1 
175 1 
176 2 
177 2 
178 1 
179 2 
180 2 
181 2 
182 1 
183 2 
184 1 
185 2 
186 2 
187 1 
188 2 
189 1 
190 2 
191 2 
192 2 
193 1 
194 2 
195 2 
196 1 
197 2 
198 1 
199 2 
200 2 
201 2 
202 2 
203 1 
204 2 
205 1 
206 2 
207 2 
208 1 
209 2 
210 2 
211 1 
212 2 
213 2 
214 2 
215 2 
216 1 
217 2 
218 2 
219 1 
220 2 
221 2 
222 1 
223 2 
224 2 
225 2 
226 2 
227 1 
228 1 
229 2 
230 1 
231 3 
232 1 
233 2 
234 2 
235 2 
236 1 
237 1 
238 2 
239 2 
240 1 
241 2 
242 2 
243 1 
244 2 
245 1 
246 2 
247 2 
248 1 
249 1 
250 2 
251 2 
252 2 
253 2 
254 2 
255 1 
256 2 
257 2 
258 2 
259 1 
260 2 
261 2 
262 2 
263 2 
264 1 
265 2 
266 1 
267 2 
268 2 
269 2 
270 1 
271 2 
272 2 
273 2 
274 1 
275 3 
276 1 
277 2 
278 2 
279 1 
280 3 
281 2 
282 1 
283 3 
284 1 
285 2 
286 2 
287 2 
288 3 
289 1 
290 2 
291 1 
292 2 
293 2 
294 2 
295 2 
296 2 
297 2 
298 2 
299 1 
300 2 
