1 1 
2 1 
3 1 
4 1 
5 1 
6 1 
7 2 
8 0 
9 1 
10 1 
11 1 
12 1 
13 1 
14 1 
15 1 
16 1 
17 1 
18 1 
19 1 
20 1 
21 1 
22 1 
23 1 
24 2 
25 1 
26 1 
27 1 
28 2 
29 1 
30 2 
31 1 
32 1 
33 2 
34 1 
35 1 
36 1 
37 2 
38 1 
39 1 
40 2 
41 1 
42 1 
43 2 
44 1 
45 2 
46 2 
47 1 
48 1 
49 1 
50 2 
51 1 
52 2 
53 0 
54 2 
55 1 
56 2 
57 1 
58 1 
59 2 
60 1 
61 1 
62 2 
63 1 
64 2 
65 2 
66 1 
67 2 
68 1 
69 1 
70 2 
71 1 
72 2 
73 2 
74 1 
75 1 
76 2 
77 1 
78 1 
79 1 
80 2 
81 1 
82 2 
83 1 
84 1 
85 1 
86 1 
87 1 
88 1 
89 2 
90 1 
91 1 
92 1 
93 1 
94 1 
95 1 
96 1 
97 1 
98 1 
99 1 
100 1 
101 1 
102 1 
103 2 
104 1 
105 1 
106 1 
107 2 
108 1 
109 1 
110 2 
111 0 
112 2 
113 1 
114 2 
115 1 
116 2 
117 1 
118 2 
119 1 
120 2 
121 1 
122 1 
123 2 
124 2 
125 2 
126 1 
127 2 
128 1 
129 2 
130 1 
131 2 
132 1 
133 2 
134 1 
135 2 
136 2 
137 2 
138 1 
139 2 
140 1 
141 1 
142 2 
143 1 
144 2 
145 2 
146 1 
147 2 
148 2 
149 1 
150 1 
151 1 
152 2 
153 1 
154 2 
155 1 
156 2 
157 2 
158 1 
159 1 
160 2 
161 1 
162 1 
163 2 
164 1 
165 1 
166 2 
167 1 
168 1 
169 2 
170 1 
171 1 
172 2 
173 1 
174 1 
175 2 
176 1 
177 2 
178 2 
179 1 
180 2 
181 2 
182 2 
183 1 
184 2 
185 1 
186 2 
187 1 
188 2 
189 2 
190 2 
191 1 
192 2 
193 1 
194 2 
195 2 
196 1 
197 2 
198 2 
199 1 
200 2 
201 2 
202 2 
203 2 
204 1 
205 2 
206 1 
207 2 
208 2 
209 1 
210 2 
211 2 
212 2 
213 2 
214 1 
215 2 
216 1 
217 2 
218 2 
219 2 
220 2 
221 2 
222 2 
223 1 
224 2 
225 2 
226 1 
227 1 
228 2 
229 1 
230 2 
231 2 
232 2 
233 1 
234 2 
235 2 
236 2 
237 0 
238 2 
239 2 
240 2 
241 1 
242 2 
243 1 
244 1 
245 2 
246 2 
247 1 
248 2 
249 1 
250 2 
251 2 
252 2 
253 2 
254 2 
255 1 
256 3 
257 1 
258 2 
259 2 
260 1 
261 2 
262 2 
263 2 
264 2 
265 2 
266 1 
267 2 
268 2 
269 2 
270 1 
271 2 
272 1 
273 2 
274 2 
275 2 
276 1 
277 2 
278 3 
279 1 
280 3 
281 2 
282 1 
283 2 
284 2 
285 2 
286 2 
287 2 
288 2 
289 2 
290 1 
291 2 
292 2 
293 2 
294 2 
295 2 
296 1 
297 3 
298 2 
299 2 
300 2 
