1 1 
2 1 
3 1 
4 1 
5 1 
6 1 
7 1 
8 1 
9 1 
10 1 
11 1 
12 1 
13 1 
14 1 
15 1 
16 1 
17 1 
18 1 
19 1 
20 1 
21 1 
22 1 
23 1 
24 1 
25 2 
26 0 
27 2 
28 1 
29 1 
30 2 
31 1 
32 2 
33 1 
34 1 
35 1 
36 1 
37 2 
38 1 
39 1 
40 1 
41 2 
42 1 
43 2 
44 2 
45 1 
46 2 
47 1 
48 1 
49 1 
50 2 
51 1 
52 2 
53 0 
54 2 
55 1 
56 2 
57 1 
58 1 
59 2 
60 1 
61 1 
62 2 
63 1 
64 2 
65 1 
66 2 
67 1 
68 1 
69 2 
70 1 
71 2 
72 1 
73 2 
74 1 
75 1 
76 2 
77 1 
78 1 
79 2 
80 1 
81 1 
82 1 
83 1 
84 1 
85 2 
86 1 
87 1 
88 1 
89 1 
90 1 
91 1 
92 1 
93 2 
94 1 
95 1 
96 1 
97 1 
98 1 
99 1 
100 0 
101 2 
102 1 
103 1 
104 2 
105 1 
106 1 
107 2 
108 1 
109 1 
110 1 
111 1 
112 1 
113 2 
114 1 
115 2 
116 2 
117 1 
118 1 
119 2 
120 1 
121 1 
122 2 
123 2 
124 1 
125 2 
126 2 
127 1 
128 2 
129 1 
130 1 
131 2 
132 2 
133 1 
134 2 
135 1 
136 2 
137 2 
138 1 
139 2 
140 1 
141 1 
142 2 
143 1 
144 1 
145 2 
146 2 
147 1 
148 2 
149 1 
150 1 
151 1 
152 2 
153 1 
154 2 
155 2 
156 1 
157 2 
158 1 
159 2 
160 1 
161 1 
162 2 
163 1 
164 2 
165 1 
166 1 
167 1 
168 2 
169 1 
170 1 
171 1 
172 2 
173 1 
174 2 
175 1 
176 1 
177 2 
178 2 
179 2 
180 2 
181 1 
182 2 
183 2 
184 1 
185 2 
186 2 
187 1 
188 2 
189 2 
190 2 
191 1 
192 2 
193 1 
194 2 
195 2 
196 1 
197 2 
198 2 
199 2 
200 2 
201 1 
202 2 
203 2 
204 2 
205 1 
206 2 
207 1 
208 2 
209 2 
210 1 
211 2 
212 2 
213 2 
214 1 
215 2 
216 2 
217 1 
218 2 
219 2 
220 2 
221 2 
222 1 
223 2 
224 2 
225 2 
226 1 
227 1 
228 2 
229 1 
230 2 
231 2 
232 1 
233 2 
234 2 
235 1 
236 2 
237 1 
238 2 
239 2 
240 1 
241 2 
242 2 
243 1 
244 1 
245 2 
246 2 
247 1 
248 2 
249 1 
250 2 
251 2 
252 2 
253 2 
254 2 
255 1 
256 2 
257 2 
258 1 
259 2 
260 2 
261 1 
262 2 
263 2 
264 2 
265 2 
266 1 
267 2 
268 1 
269 2 
270 2 
271 2 
272 2 
273 2 
274 1 
275 2 
276 2 
277 1 
278 2 
279 2 
280 2 
281 2 
282 2 
283 2 
284 2 
285 2 
286 2 
287 2 
288 2 
289 2 
290 1 
291 2 
292 2 
293 1 
294 2 
295 2 
296 2 
297 3 
298 2 
299 1 
300 2 
