1 293568 323247 321079 316529 285888 321676 318961 312439 295910 310202 308298 322673 291323 306718 313716 310764 288736 309629 320504 315820 288270 307525 303110 308835 
2 310006 317424 325962 317110 301500 321066 313594 325253 292800 304544 321329 322829 287163 314611 310866 309542 293361 318543 305848 326089 293802 315556 315132 319562 
3 302933 349802 355450 359391 315749 341150 340044 349473 328197 339003 343770 348116 314908 335461 345618 341115 314983 340197 331820 345145 307043 330583 348777 353538 
4 325559 349062 342403 350328 331373 353007 355276 347512 320910 341692 351158 356523 326282 341491 341377 344523 306589 348525 344276 345885 318125 340493 349722 343762 
5 292597 323515 311404 323836 294818 309294 313312 313911 289992 308242 320204 311157 290192 310230 305547 321688 279704 313367 311052 314560 288936 314154 293184 317964 
6 357042 368804 369113 361017 347962 356820 367845 373979 345021 377211 367858 371827 339545 359200 370686 371042 341554 359435 369270 369034 342293 357506 366760 367879 
7 356221 379529 381032 377139 352090 366428 383511 369278 351284 377022 385396 375324 346710 369584 371628 374719 359845 374871 369283 381969 349423 363641 373902 373325 
8 305268 312577 324546 323468 288614 305862 319494 315449 297333 310640 319274 318236 283446 315255 317006 308888 301300 315982 316579 326804 291476 312905 311616 304217 
9 338664 333433 356271 371403 329571 353100 360867 363071 329767 357601 360693 356890 323862 345872 358083 358595 335493 357894 353060 365034 319825 344291 337097 352570 
10 336089 355301 346546 359059 329847 348004 344257 350110 323396 344766 354384 350130 333105 340361 346350 347902 330142 339917 352965 345378 324356 340489 351498 344698 
11 363497 401610 404359 399730 363109 391568 401959 394929 365900 395864 389645 383497 366979 388577 392787 401724 369130 395353 396241 394332 354837 379020 396501 389799 
12 332272 352758 357828 357502 335824 347005 353387 351785 339312 352509 365326 352637 322755 342140 351858 349651 334458 354019 354494 353070 323158 348035 357594 353006 
13 305604 336669 343413 344149 311778 323242 330380 321106 299205 325977 330272 327985 321233 330641 335910 328494 314112 337349 337349 341154 306847 324677 327457 337649 
14 355643 374315 377069 378750 343093 378906 377464 374475 353048 374650 355039 367536 347717 376566 372556 369157 353362 366812 373515 379140 347292 356261 368157 377232 
15 364459 388872 384130 381808 361776 385890 377290 384713 359155 376966 378870 384231 357518 377615 377715 383006 350940 374480 385265 376906 356741 366954 372252 372075 
16 326550 336602 343322 346678 315254 340087 339420 339419 319454 346621 340849 342486 318134 340710 339649 342952 318156 340608 333853 340559 316715 334428 337058 329005 
17 244583 249527 258285 261079 248428 253057 251678 262400 248248 247955 237755 249252 242459 249264 248581 256474 240883 244941 248374 254305 240830 248172 250883 243429 
18 285068 282991 284262 291647 282954 288955 299519 304194 283571 293859 293587 294382 281340 283544 290877 290637 280650 293966 296932 282294 275514 288144 289797 291510 
19 269352 289578 284928 310456 270650 282730 289236 292566 267473 296504 276460 294313 269845 271114 288528 288032 268359 276856 271971 291642 269925 285203 288810 281012 
20 342451 354428 362880 350351 346297 367297 370976 360035 345336 358452 370072 358602 345730 356736 352212 355652 343766 350769 353656 375486 343045 353466 357724 365894 
21 317942 323580 325896 319423 315177 314721 314073 327880 301861 315419 321517 318499 293788 325762 327825 312356 304702 318815 332774 319184 306787 319692 308586 321989 
22 287303 302254 300764 291036 287901 299245 298535 299014 279955 303280 302280 303042 283731 297247 299772 298343 285408 298539 304212 297660 283825 298136 294186 295954 
23 337698 357884 357768 357910 327538 345261 349981 342388 326408 347739 354230 346250 330309 340233 344467 336957 331912 332326 334176 353964 330364 333294 343086 346509 
24 340847 353077 353262 361972 322678 332955 342111 346868 333092 356228 344347 357921 336010 338585 352252 343269 339003 349576 355754 349126 327349 336018 334392 334542 
25 322154 335150 338624 341308 327685 334597 333917 336962 324959 332649 345304 341130 320414 337743 330943 330209 315851 329194 328856 334490 303559 322062 330817 336438 
26 309434 317501 324186 337883 300784 321856 337996 334215 316559 324958 326991 320283 303310 323882 321231 319079 315210 321795 322515 321957 307848 322106 308869 320503 
27 300508 317231 319543 331790 304078 314001 323361 325205 301458 331245 312512 325496 295748 312380 319130 312948 305402 323662 324262 318880 301550 321258 315745 317558 
28 288767 312630 313741 321232 297722 306028 314320 304330 284538 311447 305719 319697 291583 314927 318066 303600 287093 312162 320778 319892 299466 306554 300831 307147 
29 326453 346871 342433 358058 313931 324338 343560 334737 324160 333496 339675 344528 320676 325197 330718 334285 319212 328792 343560 335133 316959 333293 341242 337397 
30 302114 316847 318117 316914 301046 305684 316723 308767 295468 313218 313429 314608 291544 304639 303716 312678 289089 308368 307476 306118 286306 308187 309541 310190 
31 297936 297588 310639 312230 287682 293454 305026 297418 285985 299321 300989 309054 290067 287633 290970 290610 278053 283957 300832 303841 289867 294125 293782 299638 
32 298552 296570 302822 307750 294927 296508 300262 303171 295903 302436 300404 296997 290746 297297 300206 292590 291422 295908 299104 299266 291184 289721 294952 298598 
33 278991 289062 287418 290274 284799 282330 291654 283816 280829 285630 287135 294241 276800 285509 283662 289772 276520 288312 284037 296462 280438 285060 285325 279776 
34 304910 322793 319022 306201 299585 315849 305919 303380 306251 312469 312602 319702 302996 306722 305928 308860 298493 313410 308356 309442 293887 308834 309070 313013 
35 235666 240249 244143 244432 225811 232551 241251 239734 229407 239416 244472 238659 215516 232032 237777 239404 228807 227800 236303 236592 226202 230358 237392 234826 
36 314658 336314 332834 336188 320536 324706 351260 340202 323991 338688 340270 332327 327263 331576 338268 331107 322059 335714 331213 333970 313562 317946 333777 330632 
37 353709 382992 362094 359384 351138 357760 373697 376859 354795 367239 358987 367678 342929 357117 361426 360160 348051 369109 373215 358919 349035 358235 355548 355838 
38 241792 264452 241752 262911 250409 250572 254767 256017 244779 242084 257940 250700 242063 244200 243238 250657 237068 248769 250683 247207 237193 243394 252797 246376 
39 269273 271027 278401 270621 260661 276217 273401 261340 264231 261547 277714 272640 258089 265326 266008 265851 258052 264687 267810 266614 259656 265346 271419 274645 
40 275278 289382 285920 285402 276771 281171 287033 281162 270328 273703 279164 269102 269369 267554 279486 268704 268823 269936 276527 279614 266075 276841 281486 270828 
41 348935 362791 363426 354714 337819 344057 368623 365288 338496 357191 359772 355262 344147 350194 353035 366390 341266 353021 359944 365490 343590 360343 370263 344685 
42 325271 349649 354502 347532 326401 343209 344120 331115 321848 345647 347456 346444 324943 345864 330140 343618 329003 346848 351658 334860 326930 336413 336598 341898 
43 314858 332778 333224 334448 302631 315944 326370 322833 312050 324713 324435 315718 309050 319741 322612 318782 309031 317151 315690 323033 298464 317113 323227 310203 
44 285476 290478 303547 304665 276925 301748 302491 305184 281311 296827 301998 298027 286917 288791 297333 294735 289061 305097 294655 300920 286054 296526 297920 292481 
45 283278 301880 305778 301098 275624 299195 296852 292440 277384 288924 291112 294828 261612 293939 294060 286574 282792 288833 285588 280972 277570 288425 289089 292497 
46 257758 263297 268712 260868 252878 254769 258165 255989 252370 260041 255485 266405 248863 251040 258240 250547 247116 255024 256897 266268 252269 257367 256729 258906 
47 282318 283653 279755 281739 274597 277106 281468 284641 273684 284325 280654 281972 272389 279751 276967 280208 276070 284712 281952 276666 271793 279897 276624 277716 
48 281959 282648 283927 296628 282494 279967 287966 290317 284092 287800 278124 288009 282992 286454 289173 287077 280663 283343 290679 291697 278612 286919 286505 287671 
49 261118 259444 266414 271607 252507 259596 262595 262565 251795 255671 260261 257573 251785 259294 264556 251638 251953 257341 260015 264044 252632 260306 257833 255940 
50 294610 297933 290914 304020 289538 289920 296986 296776 286887 293808 298046 292617 287279 293937 287502 284785 281794 292341 290541 289601 280828 287544 288833 292176 
51 308424 321515 323202 322616 299353 320196 305945 314480 294849 309706 315589 308664 304566 309267 308092 306478 305989 314702 312097 310218 293452 309545 317112 314111 
52 271282 279749 275249 284249 270035 265838 273208 276647 272309 282442 274610 279801 266595 269257 269523 272792 267599 282264 283768 284123 264339 275286 279894 275830 
53 253978 258805 262484 258806 244357 242772 249257 247938 244329 251798 249010 248624 237825 244219 243103 244726 249773 243666 245696 246226 242616 242647 241836 247605 
54 270690 271763 280507 280599 258314 268718 274832 278638 264744 267440 277783 274766 261715 271724 273702 263861 264577 268054 273404 267294 260360 260704 256050 260463 
55 271028 263301 267933 268740 253627 271886 269358 268270 265776 273748 281364 264544 262961 263130 270823 276211 260671 267759 263840 271093 262801 262152 266178 269143 
56 309580 318748 326000 332940 312648 308293 323562 325924 308052 332579 328816 321958 311492 319235 320871 312642 306219 326606 326176 327399 310450 320646 318229 316743 
57 339232 348685 340967 345801 333046 340857 343843 360570 340343 343473 345709 337658 330313 341508 348322 347001 335967 341840 345083 350580 332606 333564 333287 346775 
58 293115 304274 299396 307315 290054 301986 303023 298633 275712 299788 301489 312093 289657 304616 294134 299081 283802 305227 301566 303097 290348 295346 296312 303974 
59 249225 245570 250330 247195 229254 245858 246298 243084 241468 241866 237498 242320 233965 235621 239279 235811 239386 250402 238871 238413 228053 233569 234444 239230 
60 285929 297521 299044 293201 284472 288713 293201 295048 279424 288426 292254 293201 284268 288915 285742 289672 278091 290345 290432 289714 267354 284586 293309 281763 
