1 295715 320656 316924 327723 278254 313980 314216 303144 293500 315808 315286 314924 292694 311600 316908 309535 284910 320770 310426 302725 285309 294674 311226 306569 
2 295654 314082 311042 325208 287313 307533 316178 321990 300600 320759 323474 324791 297462 315303 314922 316953 293594 315280 319825 324101 300290 308010 314229 314453 
3 319148 342582 358790 357454 322755 347899 346368 344559 325156 348985 350039 353288 304449 333225 338791 346820 322107 343432 351362 346784 317483 331868 346261 336026 
4 326773 353889 360471 348902 329272 345982 333305 344243 326995 352672 350013 354228 328931 341738 353579 338655 325973 341086 350381 356476 322074 346088 346449 338218 
5 304950 317856 315832 315397 293349 309678 312533 305472 287623 300101 315598 316386 284509 313309 311722 307939 295265 311307 303198 316746 292527 310453 308749 314900 
6 354288 374909 368247 366495 334568 372880 365890 364098 348320 376541 366361 373425 337528 365452 363259 372220 347129 357716 357458 366164 343358 368929 370852 375022 
7 345085 388402 392219 384329 350806 379097 371217 374584 349501 378089 378723 371479 354016 373465 372864 361416 342300 367708 373700 376480 352187 364213 374338 367622 
8 297047 322075 321320 321644 294145 315366 319193 323024 292144 315265 312240 316522 290266 314021 306338 305715 282713 313418 311136 305921 275038 304666 306458 307102 
9 331876 360700 365506 367135 330611 352000 351396 342253 336834 360497 351677 350666 327604 347072 359458 348562 330474 364460 359897 358887 328719 352179 352872 353057 
10 331196 350803 355077 357123 322484 328402 353589 343141 318074 354817 353520 346855 327413 349356 348435 351801 329230 353664 352979 344009 315589 343511 334823 348636 
11 354949 396539 398289 404807 371956 399848 373942 387736 355258 397362 397540 393154 365249 376733 393801 397866 353885 387016 388788 396192 357363 380642 392450 395653 
12 340689 359493 365173 354110 326875 357918 357221 354943 327475 362369 350816 358525 327464 360913 342326 345199 319507 352430 344984 355629 320380 347364 345314 339696 
13 315887 336442 339348 338084 303350 335860 340459 332788 311162 334466 330823 335367 306470 327768 328472 339363 305640 335286 331851 336059 306277 328254 319923 327384 
14 360165 374695 366908 379041 356679 363209 361828 369921 342293 368677 368683 382886 357443 363752 362588 369138 353178 359617 371907 383610 341309 369831 368640 365853 
15 354454 380274 390249 392508 355197 374392 378776 385284 356198 385356 381083 381791 359533 373030 375473 382588 358944 383421 389940 389044 356729 376358 381658 375808 
16 322705 339668 351927 343173 316055 334377 340146 359054 324141 343681 338975 341678 307715 328538 336531 339179 318936 341359 335365 331860 315903 338512 338621 338320 
17 247481 255770 252387 254179 247943 254761 262051 247678 244888 249195 246807 251946 245387 253668 252591 252182 248008 243530 254639 256697 233971 243534 253972 247340 
18 297924 302547 291423 302230 287797 285005 296269 305041 281525 291629 284377 292977 271874 294345 289970 278499 283797 291801 290390 291117 276670 283574 271930 293672 
19 284051 302640 297955 290925 273488 293260 293132 286632 269577 293324 306358 294343 268103 290046 282138 286532 271483 285254 289016 289564 273184 279968 282253 286396 
20 339278 369791 360276 376232 346180 358314 362612 373050 344520 364247 362052 338682 349200 354939 360345 355446 347761 363914 351796 351525 336530 345654 356077 353958 
21 312623 316178 324089 332012 297805 323127 323509 326377 299232 315412 326660 326500 301793 316006 307416 318675 310339 300612 316525 312799 301360 317617 323464 316860 
22 286230 298975 302008 300929 289804 298589 302932 304245 293227 303476 296273 302552 281110 297153 295673 298992 284871 293302 297830 302344 288264 298156 294421 296274 
23 341840 358589 363739 352315 323420 343070 346566 346957 332889 348509 350665 350629 323574 343040 351391 344964 324683 337332 345856 350101 336008 345242 331063 324343 
24 338588 340636 362200 346608 322153 347986 353636 343382 325004 358757 347403 353004 321540 346745 347430 340652 333630 352356 351262 356614 326200 338588 337823 342250 
25 327007 329480 345834 349460 319461 327924 339876 320102 318900 337567 330035 337353 314216 334169 323918 332169 322643 342150 330085 339488 311126 322884 312666 333029 
26 303996 320708 334067 342835 311223 324650 339103 318445 306707 322804 322668 327022 305261 322258 327149 320722 307393 318161 325077 329237 304214 321600 331367 324165 
27 318749 317793 332372 339426 301419 317680 310628 323714 306423 327360 313173 318325 298570 319058 319396 335718 294318 300187 313989 321572 296431 311659 319367 304061 
28 295267 311661 314836 313000 288639 300586 314316 313841 295682 310043 312144 315215 287940 307087 317847 315069 286281 311363 301546 311989 291698 297145 306038 312685 
29 324735 334842 346729 334545 314649 330832 347128 343073 304878 338338 338532 336811 310244 317724 336511 335994 326804 335009 335602 336970 312541 332605 337297 331131 
30 303346 312300 318011 312269 298493 314203 312796 315537 292308 316320 307875 317980 285686 304703 312760 310695 298484 309706 306921 311666 294944 311857 314095 310513 
31 292490 292201 314367 303895 298656 301629 292593 308357 280958 288398 305942 302218 290101 288929 292871 296421 285876 293722 301563 298430 285806 297527 298514 304794 
32 294720 304712 302811 308493 287424 293934 301205 296287 291770 298321 299727 296410 291231 302849 302871 292052 285944 297014 295866 298379 289418 297884 292363 299384 
33 285833 285590 292301 296844 278921 286404 296218 289221 285475 290022 290378 281237 278405 288764 284810 279786 274561 289594 292193 293084 276016 286877 285300 289876 
34 312803 321717 314348 306596 306228 297597 303050 321586 306291 309995 312321 307759 294971 313702 314104 308580 297352 307621 308860 308428 296835 305548 305623 312023 
35 232180 248097 243910 233595 228796 239639 236499 238588 224553 241242 238392 236370 225507 240519 232126 239342 223405 233073 240682 230136 221304 225846 230241 227371 
36 330615 347436 344911 339394 325242 334438 339989 340895 328540 327253 329710 334315 319367 333870 330540 333019 326583 337181 335575 327732 327641 330780 326367 333174 
37 352751 376583 370382 364866 345304 363208 375344 368806 349539 370632 363361 370499 349327 357862 361140 362991 352163 368158 357968 364323 344558 362249 361800 365872 
38 244395 255098 265947 249979 247532 246747 253400 257236 240353 247842 260151 255740 244074 240375 254691 248564 239511 251504 263184 254640 238424 242224 254681 245398 
39 266884 278298 281208 279245 261483 264640 271588 269901 264793 269036 267444 270411 256744 270437 270710 267016 260552 271394 269905 264953 259033 266541 272412 272073 
40 275192 286911 286223 288866 265236 272829 277545 279398 272975 282904 271582 279533 265580 275968 276286 274989 261808 268421 275352 283733 259704 272677 275277 273979 
41 347938 369402 354991 344899 345624 362149 358688 362228 347664 357709 360652 364376 341390 353162 353338 359223 331672 347744 364713 365930 339382 361099 359480 364507 
42 336449 347783 331101 344465 331638 345447 345797 334106 322647 343245 354325 348240 331143 337740 348050 341378 324021 340574 349280 354174 327082 345662 347185 347821 
43 308345 319127 331164 322843 314536 325127 324192 318642 301136 330456 332199 321296 309052 314669 320110 316078 316942 313746 331757 324330 305378 318411 325503 323564 
44 287986 297685 297252 303448 286002 294367 291870 307637 284766 292773 298811 302084 277487 287400 293934 294879 285005 298321 296852 305303 277568 294134 296901 292111 
45 291962 313765 296051 292760 289229 282656 302511 306413 285344 290032 293717 300324 282816 290928 295681 291047 283254 294934 297926 292160 274134 291672 296379 292984 
46 250107 261440 260468 259111 252213 255166 261575 259811 249274 246629 261856 268494 253370 247479 257748 262690 247919 261500 262581 260809 252948 255657 254148 258273 
47 278474 277918 282632 277684 274401 281886 282447 286884 277423 279181 277864 278789 270656 279287 279105 281463 276013 273660 284068 276513 271789 274346 274008 278181 
48 290462 286870 288212 291733 285160 291071 287549 283129 285305 291379 286560 289130 278630 287643 287571 288836 281431 284985 283424 286870 279494 280836 286729 287289 
49 257422 259988 260934 266356 249881 259590 261431 260838 258606 263098 258502 262443 258432 244058 265297 256754 244818 258194 260211 263111 251687 258264 258463 255843 
50 288607 286770 291560 298830 281985 292183 299112 294201 288383 299500 295605 295090 283135 288532 285815 294826 290513 293198 294865 291059 287992 287065 288561 287948 
51 306005 316505 323660 328686 306588 317060 310265 322014 303113 307882 315191 317248 305886 308537 313977 309013 301366 317701 308837 322849 306517 311243 313767 308750 
52 268635 272508 283198 280324 274201 282156 278506 283335 270977 280775 276794 280101 267459 271935 267546 274079 269919 279066 286613 280140 262350 275353 275728 276313 
53 243026 254108 261833 254360 251202 253121 251767 253399 243638 252614 245749 251743 242324 249378 252927 246630 243399 251113 248868 248524 241179 248245 248228 249521 
54 254028 268966 272720 275272 261534 268915 269480 276511 265617 267464 267192 263427 262674 260454 269083 274122 254507 268234 271340 264076 260330 268693 265591 268087 
55 267882 283773 276478 278249 259667 276117 276440 266091 257507 272769 266051 272406 256864 269721 274970 266938 266233 262115 272446 268370 259213 262453 267131 269457 
56 316652 313277 309789 325136 317436 319242 330450 323128 316741 323146 317348 317703 299506 308982 330669 316079 317618 331297 319493 319457 305900 319870 316909 319615 
57 330780 339726 355629 350232 326222 345918 342159 334454 323107 335550 349578 330455 336496 343640 340753 350318 333217 341986 331826 349513 336715 343976 349682 345060 
58 287882 307056 297756 303885 286597 297221 300908 286989 286825 298729 292467 308130 283319 296674 302297 300852 286188 308144 306824 303323 287766 302488 298255 302335 
59 232298 244093 247556 240865 234442 245379 249403 243491 234841 242334 246712 240888 228975 245311 240157 239677 239433 243133 246825 241419 235134 241969 239326 241132 
60 274039 299823 284791 293201 281226 284104 293895 298804 280540 294422 289774 286096 275093 285221 289440 294980 285317 284189 281903 294664 273591 278216 280215 292204 
