1 1.20671e+06 1.21679e+06 1.22022e+06 1.19927e+06 1.20588e+06 1.20818e+06 1.20498e+06 1.19774e+06 1.20102e+06 
2 1.00785e+06 1.01999e+06 998554 982841 1.014e+06 964574 981552 989969 990691 
3 1.1864e+06 1.18213e+06 1.14554e+06 1.18406e+06 1.13702e+06 1.1709e+06 1.1575e+06 1.16096e+06 1.15756e+06 
4 956636 968367 919925 940236 976421 964563 961499 961241 960043 
5 1.07658e+06 1.0886e+06 1.08077e+06 1.07361e+06 1.06143e+06 1.09219e+06 1.06135e+06 1.0634e+06 1.06572e+06 
6 1.14877e+06 1.15142e+06 1.16902e+06 1.14951e+06 1.14712e+06 1.15709e+06 1.13755e+06 1.15406e+06 1.13975e+06 
7 1.14968e+06 1.15565e+06 1.15662e+06 1.15847e+06 1.17187e+06 1.15017e+06 1.14622e+06 1.14377e+06 1.14477e+06 
8 1.28473e+06 1.28152e+06 1.23066e+06 1.25427e+06 1.2583e+06 1.23264e+06 1.21811e+06 1.23753e+06 1.22726e+06 
9 1.25211e+06 1.24188e+06 1.2287e+06 1.23099e+06 1.24536e+06 1.24288e+06 1.23524e+06 1.24263e+06 1.23811e+06 
10 1.22594e+06 1.15525e+06 1.204e+06 1.12694e+06 1.12533e+06 1.16361e+06 1.15807e+06 1.19837e+06 1.14858e+06 
11 1.04301e+06 1.0141e+06 1.06304e+06 1.03206e+06 1.02859e+06 1.08082e+06 1.02892e+06 1.03274e+06 1.03825e+06 
12 1.12519e+06 1.11065e+06 1.13207e+06 1.1221e+06 1.12201e+06 1.12854e+06 1.10545e+06 1.10461e+06 1.12795e+06 
13 1.23767e+06 1.22186e+06 1.24252e+06 1.25583e+06 1.18428e+06 1.25509e+06 1.22645e+06 1.2073e+06 1.23426e+06 
14 1.08043e+06 1.09471e+06 1.09065e+06 1.10795e+06 1.11244e+06 1.0811e+06 1.08142e+06 1.10024e+06 1.10136e+06 
15 960186 976463 962274 974628 969602 984334 957603 974200 965588 
16 990539 987914 991625 987826 984516 972183 964365 976353 994331 
17 1.08548e+06 1.08329e+06 1.097e+06 1.06514e+06 1.07325e+06 1.07835e+06 1.07903e+06 1.07961e+06 1.07585e+06 
18 907214 908433 917990 894219 910125 905165 887397 909668 906882 
19 1.11154e+06 1.10808e+06 1.12303e+06 1.1002e+06 1.11994e+06 1.10995e+06 1.12858e+06 1.07549e+06 1.11045e+06 
20 1.16674e+06 1.15534e+06 1.15375e+06 1.16488e+06 1.14651e+06 1.15112e+06 1.16058e+06 1.1601e+06 1.15065e+06 
21 847366 868502 863867 867542 856809 863807 861570 847131 840075 
22 1.05152e+06 1.05684e+06 1.05248e+06 1.05529e+06 1.04769e+06 1.05386e+06 1.03825e+06 1.05466e+06 1.06887e+06 
23 995111 1.00163e+06 991834 997428 1.00206e+06 984691 978350 987746 987030 
24 925810 926730 937264 916145 931131 910700 922630 921448 909202 
25 1.03727e+06 1.04764e+06 1.03023e+06 1.01061e+06 1.02932e+06 1.02063e+06 1.00675e+06 1.01527e+06 1.01768e+06 
26 1.07358e+06 1.0865e+06 1.07388e+06 1.10162e+06 1.08299e+06 1.07886e+06 1.06659e+06 1.08719e+06 1.06638e+06 
27 991304 989139 982714 990855 994460 980204 981551 978463 976041 
28 1.18473e+06 1.17505e+06 1.14092e+06 1.14673e+06 1.14184e+06 1.15872e+06 1.14957e+06 1.15351e+06 1.13373e+06 
29 1.00117e+06 952328 990615 972561 978928 995794 973286 991091 965801 
30 1.10966e+06 1.09842e+06 1.10304e+06 1.06117e+06 1.06462e+06 1.08315e+06 1.08978e+06 1.09012e+06 1.09919e+06 
31 854575 864653 847826 845545 847875 853519 846958 853147 856131 
32 919245 940081 914259 932648 913695 930510 910112 914670 917925 
33 955858 972879 972585 943246 961513 952137 958498 956484 956731 
34 946314 957531 962736 931844 954127 931954 940819 948942 956908 
35 1.06916e+06 1.068e+06 1.063e+06 1.04783e+06 1.06528e+06 1.06631e+06 1.06632e+06 1.04376e+06 1.06573e+06 
36 984590 987987 988586 981692 975102 986305 976322 995042 973097 
37 1.07539e+06 1.0738e+06 1.06623e+06 1.07858e+06 1.06364e+06 1.05511e+06 1.0593e+06 1.05407e+06 1.04709e+06 
38 1.14726e+06 1.16303e+06 1.16692e+06 1.16936e+06 1.14529e+06 1.16157e+06 1.158e+06 1.16426e+06 1.15114e+06 
39 987616 987137 989816 995959 993406 973892 995479 995457 995317 
40 882041 896103 899245 891841 888104 878111 872057 908438 889475 
41 1.05266e+06 1.02811e+06 1.01714e+06 995869 1.04013e+06 1.01467e+06 991989 1.01746e+06 1.00695e+06 
42 1.03851e+06 1.03567e+06 1.02449e+06 1.05007e+06 1.04883e+06 1.02306e+06 1.03092e+06 1.05169e+06 1.01271e+06 
43 1.08085e+06 1.04831e+06 1.03484e+06 1.06476e+06 1.06501e+06 1.03234e+06 1.04819e+06 1.05354e+06 1.04435e+06 
44 994750 1.0069e+06 1.01509e+06 971979 977198 982359 989745 991844 966770 
45 1.07627e+06 1.09794e+06 1.07962e+06 1.09221e+06 1.05827e+06 1.06972e+06 1.07269e+06 1.07753e+06 1.0682e+06 
46 955459 948352 955787 940341 946716 960710 953302 957967 945257 
47 853353 855370 852433 856528 845494 832837 845392 853070 833393 
48 1.04586e+06 1.03581e+06 1.04554e+06 1.03322e+06 1.04587e+06 1.0422e+06 1.04057e+06 1.04365e+06 1.04156e+06 
49 918881 919079 925227 908403 915257 912274 918705 903442 912423 
50 917264 912945 883280 909017 912423 895812 899246 892794 896944 
51 946080 943272 956812 938667 943846 936324 926370 931835 948930 
52 925595 929492 922166 933963 934264 929347 935955 915185 914022 
53 980195 984544 995249 982861 1.0008e+06 999182 987241 966340 987165 
54 954597 968589 952759 958703 952633 947054 946932 958772 944603 
55 987066 977460 979553 982068 981287 987010 971495 972515 977855 
56 926266 944737 937744 922659 908385 884813 909462 896367 902167 
57 823971 817514 813237 815660 807522 828907 810286 805302 817353 
58 978856 975649 967701 931791 949661 967182 935849 939595 939196 
59 952961 947957 946586 948734 959954 962873 952461 961052 960180 
60 984087 993292 1.01711e+06 994894 966555 1.01344e+06 995938 997606 997776 
