1 3 7 8 10 7 10 15 16 5 10 14 15 12 18 25 32 7 13 14 19 13 20 32 34 
2 4 5 9 11 5 11 14 25 7 9 11 13 11 16 25 31 7 10 14 18 14 20 27 32 
3 4 6 8 9 7 12 22 17 5 11 12 14 10 21 27 28 7 10 17 19 12 27 28 38 
4 4 5 7 9 6 12 20 20 6 10 13 14 11 18 27 37 6 12 15 18 14 23 30 39 
5 3 5 9 8 9 11 18 13 5 8 12 13 9 19 25 27 7 12 15 15 13 25 29 34 
6 4 6 7 10 7 13 14 23 7 9 14 13 11 20 29 26 8 10 18 18 15 22 28 33 
7 4 6 9 11 5 11 14 17 5 9 12 13 11 19 25 24 7 13 15 19 14 20 31 36 
8 3 6 9 9 9 13 17 16 5 10 13 13 10 17 21 27 7 12 15 18 15 23 30 34 
9 3 6 9 11 8 13 17 18 7 9 15 14 11 19 24 26 6 13 14 18 16 24 28 34 
10 4 7 10 9 8 14 21 16 5 12 13 14 10 19 26 26 6 13 15 18 13 23 29 30 
11 4 8 7 9 7 11 16 21 5 8 11 15 9 17 24 25 6 13 15 16 12 24 35 31 
12 4 7 8 8 8 11 15 24 5 9 14 13 9 18 26 26 6 11 16 19 13 21 30 33 
13 3 6 6 11 6 12 13 15 5 11 13 11 10 17 24 25 7 11 14 16 12 23 28 30 
14 3 5 9 10 6 11 16 19 6 11 12 11 11 20 28 24 7 13 14 18 15 22 31 34 
15 5 5 7 7 5 8 12 16 6 7 11 13 10 18 23 28 7 10 14 14 11 21 29 29 
16 4 7 11 9 7 13 12 17 8 10 13 15 14 21 27 25 9 14 18 16 19 26 27 36 
17 4 7 7 9 7 13 21 18 7 11 12 16 14 28 22 32 7 14 15 17 15 27 26 32 
18 4 7 7 9 10 15 20 18 7 15 11 17 12 18 27 24 9 13 15 17 16 25 31 37 
19 4 6 8 8 7 10 14 14 8 10 11 13 13 19 30 26 9 12 15 18 17 22 31 33 
20 4 9 9 8 8 17 17 16 6 10 13 12 13 24 24 27 8 13 16 18 15 26 31 35 
21 4 6 8 9 8 15 16 21 6 10 13 13 12 23 25 23 8 12 14 14 15 26 27 32 
22 4 5 7 7 7 12 17 18 6 9 9 11 15 21 23 24 8 11 12 21 17 24 38 29 
23 5 6 7 10 10 13 22 18 6 10 12 17 13 22 26 30 7 14 16 16 17 27 33 35 
24 4 5 7 9 6 14 12 16 6 11 12 14 13 19 26 26 8 13 13 17 16 27 28 30 
25 3 5 6 9 6 12 14 19 5 9 13 11 13 21 23 28 8 12 15 15 16 23 25 34 
26 4 4 6 8 8 12 15 15 6 9 9 11 11 17 20 25 7 14 13 17 17 24 26 34 
27 5 7 8 10 8 11 17 18 8 12 11 16 12 19 24 29 7 13 19 16 15 27 27 32 
28 5 5 8 7 8 14 14 14 6 9 11 12 13 19 22 26 7 13 15 15 15 26 28 30 
29 3 6 8 7 7 16 13 16 6 10 12 12 11 20 20 30 9 13 15 14 17 22 28 34 
30 4 6 10 8 8 13 13 22 6 9 11 13 11 16 27 30 7 13 14 18 16 26 31 35 
31 4 6 8 7 11 15 15 15 7 9 12 11 14 25 28 28 10 12 16 16 17 28 30 36 
32 4 5 6 7 9 13 12 14 6 9 11 12 14 19 24 21 9 12 15 19 15 23 26 30 
33 6 9 8 9 12 20 18 19 8 12 14 15 16 24 26 31 11 14 15 15 18 37 31 39 
34 5 9 7 9 10 15 19 16 10 15 14 16 13 23 26 33 9 16 18 18 21 28 28 37 
35 5 8 10 8 9 16 24 19 8 12 17 18 14 26 25 38 11 13 16 16 20 27 34 30 
36 4 7 8 10 10 13 14 20 8 14 13 16 15 24 28 29 11 14 17 16 18 26 31 33 
37 4 6 8 8 8 12 13 16 7 12 11 13 14 23 21 28 10 14 14 17 17 26 33 30 
38 4 7 11 9 9 16 20 16 7 11 13 14 12 21 25 25 10 13 17 16 17 27 33 34 
39 4 6 6 7 9 13 13 14 6 9 10 14 16 21 24 26 9 14 15 16 16 30 32 32 
40 3 8 8 8 10 13 17 15 8 11 14 14 15 19 26 31 8 14 15 20 16 27 38 42 
41 4 7 9 10 9 16 17 13 8 13 15 14 14 20 28 30 9 13 15 17 18 29 32 34 
42 4 5 9 9 8 11 17 21 7 9 11 12 14 22 24 25 8 15 16 15 17 24 30 34 
43 4 6 9 8 9 11 18 17 7 10 15 17 15 19 27 28 8 16 16 17 18 28 31 32 
44 4 6 7 8 10 13 13 15 8 11 12 11 12 19 25 27 9 13 15 16 17 25 27 29 
45 3 6 7 10 10 13 17 20 7 11 13 18 14 20 23 27 10 12 14 16 16 27 32 30 
46 6 9 8 8 11 12 23 18 9 11 12 16 15 22 31 30 14 15 16 17 19 27 31 43 
47 5 7 9 9 9 18 15 19 7 12 14 14 17 24 32 37 12 14 17 20 19 27 35 36 
48 7 8 10 8 14 14 23 20 10 14 16 19 14 28 26 31 10 20 16 19 25 34 40 39 
49 5 8 7 9 10 15 17 17 10 11 13 14 17 27 26 41 10 15 17 20 23 31 36 39 
50 5 10 7 7 9 15 17 18 9 12 12 16 16 27 32 26 13 17 16 23 21 26 36 36 
51 5 5 10 12 10 17 21 16 8 13 13 15 15 27 32 27 9 14 18 21 20 28 32 37 
52 5 7 9 8 13 13 13 22 9 13 14 15 16 25 29 30 12 16 18 19 22 33 33 42 
53 7 9 7 10 8 19 18 24 8 14 16 15 16 24 28 29 10 16 17 16 19 31 36 36 
54 5 6 6 9 8 15 13 17 7 14 12 13 15 25 25 30 9 13 16 15 20 27 31 33 
55 6 6 7 8 9 15 14 20 8 11 12 14 19 26 30 27 11 15 19 16 22 32 40 44 
56 4 6 8 6 10 12 15 17 7 10 13 12 14 24 25 28 10 14 17 17 19 28 33 34 
57 5 6 8 7 9 18 17 15 7 11 12 12 14 23 24 24 9 14 15 17 19 27 28 33 
58 4 6 7 8 11 15 17 15 8 10 14 15 15 23 26 27 10 15 16 19 19 28 35 34 
59 5 7 7 7 10 12 14 15 10 10 15 12 15 21 27 26 11 13 15 17 19 29 34 42 
60 5 7 8 7 8 13 13 18 7 12 14 15 14 22 25 31 10 15 18 24 17 28 35 36 
