1 5 6 8 11 7 15 24 18 5 11 14 13 12 21 26 29 8 12 15 17 14 23 31 42 
2 3 7 11 9 7 13 15 22 6 8 13 15 10 20 23 31 8 11 16 15 15 23 33 32 
3 3 5 8 9 7 12 17 19 6 9 12 14 10 18 25 32 7 11 16 18 14 28 29 42 
4 3 5 8 8 7 12 17 15 6 9 14 14 10 18 28 25 7 11 15 17 14 22 33 39 
5 3 6 7 12 6 9 16 18 7 7 12 14 11 19 24 31 6 12 13 14 16 20 28 37 
6 3 7 9 11 6 12 18 17 7 9 13 13 10 19 27 33 6 12 15 18 16 23 30 33 
7 4 7 6 9 8 14 16 17 5 10 11 12 13 16 27 26 7 13 13 16 14 24 29 33 
8 4 5 7 9 6 13 16 17 4 8 14 12 10 16 25 27 8 11 14 18 13 24 30 36 
9 4 6 8 7 7 13 18 18 6 9 12 15 10 17 26 25 7 12 16 21 13 20 30 39 
10 3 7 11 9 8 15 16 20 6 10 13 13 11 19 27 26 6 14 16 19 14 22 34 36 
11 3 6 8 11 6 11 16 17 5 10 13 15 11 17 23 24 7 12 15 17 12 24 31 33 
12 4 7 6 10 8 10 19 14 5 10 12 15 10 18 27 24 7 11 15 15 13 21 32 28 
13 4 5 11 8 6 12 14 15 6 11 13 15 11 16 27 30 7 11 16 18 13 21 33 32 
14 3 5 9 8 8 13 17 18 6 9 14 14 12 24 22 27 8 13 16 19 12 19 29 30 
15 4 4 10 7 6 13 14 14 5 8 10 18 9 14 20 21 7 10 15 16 12 18 28 33 
16 5 7 10 10 8 11 15 14 7 12 11 18 12 20 22 28 9 13 16 17 16 25 33 32 
17 4 6 8 8 10 12 17 20 7 10 12 16 11 23 23 25 9 14 14 15 15 28 27 33 
18 4 8 8 7 8 14 22 20 7 11 14 14 13 22 28 27 8 15 15 19 16 28 34 31 
19 4 7 6 8 7 14 16 21 6 10 11 10 13 19 25 30 8 12 17 16 16 24 30 35 
20 4 6 7 10 9 12 18 17 7 8 13 15 15 18 29 25 8 13 15 14 18 27 36 33 
21 3 6 7 8 8 12 13 19 6 10 12 13 12 20 31 26 8 13 14 15 16 21 28 35 
22 4 6 6 9 6 10 12 19 6 11 10 10 15 16 25 24 8 10 14 14 17 24 32 29 
23 3 7 10 8 9 11 15 18 6 12 13 14 15 17 27 29 7 13 16 16 16 27 33 34 
24 5 6 10 9 7 11 19 14 6 11 14 12 13 18 21 28 8 11 15 17 15 22 31 31 
25 6 5 7 8 7 10 15 17 6 11 11 11 12 23 37 31 10 10 13 15 16 24 26 36 
26 4 6 8 8 6 10 13 14 6 9 12 11 11 22 28 22 8 11 17 17 15 32 32 27 
27 4 8 8 10 7 12 17 21 7 9 13 14 12 23 25 31 9 13 15 19 16 27 35 37 
28 4 7 6 8 7 11 13 17 6 11 11 13 13 17 23 23 8 14 16 17 15 26 30 28 
29 4 6 6 8 7 14 12 13 6 8 12 14 11 18 20 27 9 14 13 15 17 22 28 33 
30 5 9 9 7 7 11 22 17 7 9 11 14 13 18 24 26 8 12 15 19 14 24 31 34 
31 6 9 6 10 9 11 21 15 6 9 14 16 16 21 23 28 10 13 16 15 18 27 29 28 
32 4 5 6 6 11 11 13 13 8 9 10 11 14 17 24 27 7 12 15 14 18 23 30 36 
33 5 7 9 10 11 16 16 17 7 11 12 16 15 25 23 27 10 14 16 16 20 29 33 38 
34 4 8 7 11 12 12 18 16 7 12 11 16 15 24 26 33 10 15 14 18 21 37 33 37 
35 5 7 8 10 14 15 18 15 8 11 12 12 16 24 23 30 10 15 16 16 20 29 32 37 
36 4 9 10 8 13 13 19 20 7 11 14 15 13 25 28 28 8 13 17 20 21 23 31 39 
37 5 7 7 8 9 11 14 15 7 9 11 17 13 21 21 24 8 14 17 15 16 27 30 35 
38 4 7 8 8 9 14 17 18 8 11 14 13 16 23 27 35 10 15 17 20 19 27 34 34 
39 4 7 11 8 11 12 13 18 7 10 12 14 13 19 28 24 8 14 17 19 17 25 28 31 
40 5 8 7 9 9 13 14 18 7 10 14 13 15 18 24 27 10 13 14 16 21 26 33 31 
41 5 7 7 7 12 13 20 22 7 11 13 16 13 25 28 26 9 16 17 20 17 24 40 33 
42 5 8 7 11 8 12 16 17 7 11 14 12 13 22 27 25 9 13 15 19 19 23 31 37 
43 4 6 9 11 10 12 16 23 7 12 13 12 14 21 24 27 8 14 13 17 17 29 30 38 
44 5 7 7 7 8 16 15 17 6 10 12 12 12 23 21 22 9 13 15 16 18 23 27 32 
45 4 7 6 8 8 12 13 13 8 10 13 15 15 19 21 29 9 12 16 16 18 27 31 38 
46 5 9 8 10 7 15 15 21 7 12 16 15 18 22 35 29 12 13 16 18 23 31 32 39 
47 4 8 11 9 10 14 23 17 10 12 14 14 16 29 30 32 10 14 19 18 22 34 32 39 
48 4 11 11 10 8 17 16 19 9 12 17 16 17 26 39 36 11 17 17 18 21 26 35 49 
49 7 7 7 10 11 14 17 22 9 13 15 15 15 26 26 33 13 13 16 20 20 30 31 35 
50 5 6 8 10 8 15 13 20 8 12 11 13 18 27 28 24 11 15 20 16 22 26 40 32 
51 4 9 9 9 10 13 17 18 8 11 15 17 17 24 27 27 10 14 17 17 19 33 40 31 
52 5 9 8 13 9 13 19 20 9 13 16 17 17 27 29 29 11 15 20 17 22 30 36 37 
53 4 11 8 13 11 18 15 23 8 10 14 13 14 23 27 31 11 14 17 18 19 33 36 45 
54 5 8 10 9 9 16 15 17 8 10 12 13 15 22 28 24 9 15 16 17 20 27 30 37 
55 6 7 10 8 12 13 16 18 8 12 16 16 19 26 25 35 12 15 15 19 19 29 33 33 
56 4 6 7 8 9 14 15 17 9 11 12 12 15 23 25 25 9 14 15 16 20 28 33 32 
57 4 7 7 7 7 14 15 14 7 10 12 13 15 22 23 25 9 13 15 18 18 26 29 32 
58 5 7 9 8 10 13 16 14 9 10 14 12 15 23 29 29 10 17 16 18 19 31 35 35 
59 4 6 7 8 9 11 13 22 7 11 13 13 14 22 28 27 10 13 17 20 20 29 32 38 
60 4 8 7 9 9 14 14 14 9 12 13 12 14 24 24 26 11 14 15 18 20 28 31 34 
