1 5 4 9 8 8 14 19 20 7 12 11 15 12 17 28 26 7 12 19 17 14 22 27 31 
2 3 6 8 8 7 13 14 21 6 9 13 12 12 15 23 30 8 11 14 18 12 19 33 32 
3 2 6 7 11 6 13 15 19 6 9 11 15 11 17 21 26 6 14 15 15 12 22 36 37 
4 3 6 8 10 7 11 14 16 6 11 11 13 12 21 25 31 6 10 17 16 11 18 31 36 
5 3 6 6 7 6 9 13 15 6 7 11 12 10 16 27 28 6 12 14 16 12 23 30 32 
6 4 5 6 8 6 12 17 16 5 10 14 14 10 20 22 27 6 13 16 18 12 21 38 31 
7 4 5 7 7 5 8 19 19 6 8 10 14 10 15 22 26 6 10 13 15 14 22 28 29 
8 4 8 8 10 6 12 14 22 5 10 13 16 11 20 25 32 7 12 15 13 14 25 30 33 
9 3 5 8 8 7 13 13 23 6 9 12 13 11 21 22 29 7 12 15 16 12 22 33 33 
10 3 5 7 7 8 13 19 17 5 8 16 14 11 18 27 24 6 12 15 17 13 22 27 37 
11 4 6 9 9 7 10 19 17 5 10 11 13 9 19 24 25 8 10 14 14 13 21 30 33 
12 4 6 7 8 6 12 14 18 6 8 12 12 11 19 24 24 8 9 17 17 15 20 27 31 
13 3 7 7 9 6 14 12 17 5 9 13 13 9 18 19 26 7 10 16 18 12 19 27 32 
14 3 5 9 7 8 9 18 17 5 10 11 13 9 17 23 25 7 10 15 14 13 21 27 31 
15 2 5 7 7 5 9 11 13 5 7 10 11 12 15 20 20 6 10 14 17 12 22 30 28 
16 4 6 8 10 8 14 15 17 9 10 12 16 12 21 25 24 9 13 15 13 16 24 30 31 
17 5 4 7 9 9 12 18 21 7 10 10 12 12 18 23 26 8 13 14 15 17 22 30 28 
18 4 7 8 6 11 11 20 22 5 11 11 12 12 19 22 29 8 14 16 16 15 24 30 33 
19 4 6 6 8 7 13 12 16 7 10 12 15 13 17 25 31 8 9 14 15 14 22 27 27 
20 5 7 9 9 7 11 16 20 7 9 11 13 11 19 23 22 8 12 12 16 16 23 31 34 
21 3 5 7 8 7 16 15 15 6 10 10 12 12 19 24 27 9 11 13 15 13 26 28 29 
22 4 5 5 6 8 9 14 15 7 10 10 10 11 16 19 20 7 10 13 12 16 22 31 39 
23 4 9 8 8 10 17 13 18 7 11 13 14 11 19 22 31 8 14 14 15 15 25 31 31 
24 3 4 10 10 9 13 13 16 6 9 11 13 12 18 24 31 8 12 13 17 20 23 29 31 
25 4 5 9 6 7 11 12 17 6 9 12 12 13 20 20 24 7 14 13 14 18 22 26 29 
26 4 4 10 8 6 10 16 12 6 8 10 13 10 17 21 20 7 11 15 13 14 27 26 34 
27 4 6 9 10 9 11 15 21 6 9 10 14 12 18 29 22 8 11 12 21 13 24 28 35 
28 3 5 8 10 7 12 14 14 6 10 13 13 12 19 20 23 7 14 13 15 15 21 31 31 
29 4 5 7 9 6 11 13 13 7 8 10 11 11 18 18 23 7 12 13 16 16 22 24 31 
30 3 6 8 6 7 15 15 21 6 9 13 13 11 19 22 28 8 12 14 17 16 23 31 32 
31 3 7 6 7 6 12 13 12 7 12 13 14 14 22 20 21 8 15 13 15 18 29 33 30 
32 4 5 7 7 7 10 12 11 7 10 11 11 13 17 20 25 8 11 13 14 16 23 25 29 
33 4 6 8 8 8 12 15 17 11 10 11 15 14 23 27 30 10 16 15 22 20 28 27 32 
34 4 8 9 8 13 13 15 20 9 12 11 12 18 27 28 28 10 17 16 19 15 26 30 43 
35 6 7 8 7 9 16 12 17 9 10 13 12 15 24 23 23 10 12 17 16 24 30 30 37 
36 6 5 6 9 7 14 17 20 7 10 12 15 16 21 21 27 10 12 17 17 21 27 35 32 
37 4 6 9 11 7 12 15 13 7 9 10 14 16 18 22 27 9 13 17 15 18 24 27 35 
38 5 7 7 9 8 17 17 17 7 10 12 14 15 21 22 36 10 13 17 15 20 26 33 37 
39 4 6 7 9 7 13 14 16 6 10 13 13 13 17 20 29 9 13 14 14 15 24 30 32 
40 4 7 8 8 9 12 13 13 7 9 12 13 14 21 26 25 8 15 16 15 16 29 32 28 
41 4 7 10 7 7 14 17 16 7 9 12 14 13 22 26 23 8 15 17 18 18 27 35 33 
42 4 7 7 7 8 16 13 16 7 10 14 14 16 20 24 29 9 11 16 14 18 23 29 32 
43 5 6 7 8 8 14 15 15 7 11 11 18 12 23 24 28 8 13 16 18 16 24 35 31 
44 4 6 6 9 8 13 12 14 6 8 14 12 13 17 21 26 9 12 12 14 15 22 27 27 
45 5 5 6 9 6 12 15 16 7 9 12 13 17 17 21 26 9 15 15 15 18 23 31 29 
46 8 8 6 9 10 14 16 16 8 12 17 13 16 25 24 22 11 14 17 15 18 32 35 35 
47 6 8 11 9 10 13 16 20 7 11 15 12 15 22 30 29 11 15 20 18 19 26 34 32 
48 5 10 11 10 11 13 16 22 10 13 17 13 17 24 27 24 11 16 20 17 18 28 33 34 
49 5 6 8 7 10 11 26 17 9 14 11 14 17 22 24 34 10 16 15 18 22 26 35 30 
50 4 7 7 9 9 15 16 21 9 9 14 15 18 29 26 25 11 14 15 19 20 28 30 38 
51 5 9 9 10 9 12 15 15 8 13 14 13 14 25 27 24 11 16 15 19 19 28 38 37 
52 5 8 8 10 10 13 20 18 10 12 13 16 14 21 28 29 10 16 18 17 20 31 35 39 
53 4 7 6 11 9 14 18 14 8 10 15 16 17 23 24 25 9 14 17 19 20 28 40 37 
54 6 7 6 9 7 12 15 15 8 11 11 12 14 21 24 24 9 15 15 16 19 27 31 33 
55 5 7 7 9 9 14 14 16 8 11 13 16 17 21 23 26 11 15 18 18 21 26 30 33 
56 5 6 6 8 10 13 15 15 7 10 13 12 16 20 24 26 10 13 17 16 17 28 29 38 
57 4 7 7 7 9 10 15 14 8 10 13 13 15 18 22 25 8 13 14 15 20 25 29 31 
58 4 6 7 9 7 11 16 14 8 11 15 15 15 22 26 27 9 16 16 16 18 30 30 32 
59 5 5 6 7 7 12 17 14 7 10 11 12 15 19 24 24 10 13 14 19 17 25 27 29 
60 5 5 8 9 8 10 14 15 7 11 14 12 17 22 24 23 9 13 18 16 19 28 32 37 
