1 4 6 8 9 5 10 16 15 5 10 17 14 11 21 23 28 7 12 16 18 13 26 32 36 
2 4 6 7 10 5 12 14 18 5 8 11 12 12 17 24 26 6 10 15 14 13 24 29 31 
3 3 6 6 10 8 11 22 24 5 10 14 16 9 16 22 29 7 10 13 17 12 22 30 29 
4 3 5 9 7 7 10 15 16 6 11 11 16 10 19 24 26 7 11 18 17 14 22 31 35 
5 3 6 8 9 6 8 16 16 5 9 10 13 13 18 23 26 6 12 16 17 13 21 25 32 
6 2 7 8 9 6 14 17 26 7 9 13 13 11 17 23 23 6 11 15 15 14 24 28 33 
7 3 5 9 7 6 10 16 13 6 10 13 13 10 17 24 26 6 12 13 15 12 23 27 35 
8 2 6 8 8 8 10 16 22 6 7 12 14 11 16 22 28 6 10 14 17 12 24 26 28 
9 4 6 7 8 7 12 12 18 6 8 13 13 11 19 22 26 8 11 14 17 12 25 26 32 
10 4 5 8 9 8 15 16 23 5 8 10 16 10 17 24 30 7 12 16 16 12 21 36 39 
11 3 8 7 9 7 13 15 19 5 9 11 16 11 17 26 28 6 11 15 16 11 20 27 31 
12 4 6 8 9 6 11 16 17 6 8 11 13 10 16 24 28 8 10 14 17 14 20 28 31 
13 4 6 8 10 6 15 14 23 5 8 12 15 9 19 21 27 6 11 14 15 12 20 28 29 
14 4 7 8 10 7 12 15 18 6 8 12 11 11 19 27 32 6 13 12 16 13 26 27 30 
15 2 6 9 7 7 10 11 15 5 10 9 11 9 16 22 24 6 10 12 16 13 19 24 28 
16 4 7 7 10 7 13 20 17 6 10 12 13 12 20 28 25 10 12 16 16 17 29 30 33 
17 5 8 9 9 7 12 20 20 7 12 11 12 16 24 25 26 8 15 15 16 15 21 28 35 
18 6 4 10 10 8 13 14 18 6 10 13 16 13 19 26 26 9 12 15 15 15 29 31 36 
19 4 6 6 7 7 16 16 20 7 11 14 14 13 20 23 26 7 15 14 13 17 29 27 33 
20 4 7 8 7 6 11 20 17 6 10 14 13 13 19 25 30 8 11 14 16 15 23 30 28 
21 4 5 6 9 9 13 13 16 7 8 13 13 11 17 26 25 7 12 15 15 14 24 27 30 
22 3 7 7 11 7 10 14 13 7 8 12 11 12 21 21 19 7 11 13 16 15 20 27 34 
23 3 8 8 10 9 14 15 21 6 10 12 12 14 20 28 24 8 12 15 18 16 25 29 29 
24 4 5 7 8 9 9 21 15 6 11 12 12 11 18 26 24 7 13 16 16 14 26 26 32 
25 3 7 7 7 8 10 14 16 7 12 10 11 13 21 26 25 8 10 16 15 15 21 25 25 
26 4 6 8 7 7 11 12 12 6 8 11 10 11 17 21 22 7 11 12 16 14 25 28 32 
27 4 6 7 10 6 14 14 15 7 11 12 12 12 19 25 34 8 11 17 16 14 26 32 30 
28 4 5 8 7 9 9 12 14 6 12 10 13 12 19 22 24 7 12 14 16 13 22 27 26 
29 4 4 9 6 7 11 15 16 5 8 13 13 15 16 22 24 7 10 12 15 14 23 29 34 
30 4 6 8 8 7 13 17 19 6 10 11 12 10 20 30 27 8 12 16 16 14 27 29 32 
31 4 8 9 8 9 13 11 17 7 10 12 13 13 19 23 25 10 14 13 14 14 30 29 32 
32 4 5 6 7 7 10 14 17 6 8 9 11 13 16 20 22 8 11 13 15 16 22 29 28 
33 6 6 11 7 9 15 15 17 9 12 10 13 16 19 31 27 9 14 16 15 18 26 31 37 
34 5 7 8 9 10 19 19 19 7 12 15 12 15 22 22 34 10 14 15 16 20 24 32 31 
35 6 8 7 10 11 11 16 15 8 10 12 13 16 25 26 27 9 15 18 17 19 27 30 34 
36 4 7 11 8 7 12 18 14 7 9 15 15 15 25 26 27 8 15 16 18 19 32 28 33 
37 4 8 8 7 7 16 14 19 7 11 13 11 16 21 22 24 8 14 14 15 17 27 36 33 
38 5 6 8 11 8 11 22 16 8 12 15 15 12 21 24 26 9 14 14 16 17 27 30 33 
39 5 4 7 7 9 13 16 17 6 9 12 11 14 25 23 26 7 11 15 16 15 25 30 30 
40 6 10 8 8 6 13 20 21 7 12 11 11 13 26 26 28 10 13 18 18 16 29 26 33 
41 4 9 7 9 7 12 19 17 7 9 13 11 16 22 23 27 10 13 14 15 20 24 27 38 
42 5 6 7 8 8 12 16 18 6 11 14 14 13 20 28 26 8 14 14 15 18 24 28 31 
43 4 6 7 11 8 13 15 19 7 9 13 11 13 19 26 25 8 13 14 16 16 23 31 33 
44 5 5 8 7 8 13 13 17 7 10 10 12 13 18 22 21 8 11 13 16 14 22 30 31 
45 4 6 5 7 8 9 14 12 6 9 11 14 13 18 27 25 8 13 14 14 16 23 31 33 
46 7 7 9 9 9 15 19 15 7 13 19 16 12 25 25 28 9 13 14 18 19 25 33 42 
47 5 8 9 8 10 17 14 21 11 14 12 14 15 25 31 27 10 17 17 18 19 25 31 35 
48 5 8 8 8 9 14 29 24 8 12 16 14 14 26 27 31 12 16 20 22 21 26 30 41 
49 4 7 7 9 13 19 18 15 10 12 14 16 14 21 28 27 11 12 15 20 19 37 43 40 
50 5 5 7 10 7 14 15 25 9 10 11 13 16 20 27 30 10 13 18 18 17 25 39 31 
51 5 10 7 9 9 16 15 22 8 12 15 15 14 21 28 24 10 14 17 21 19 26 36 36 
52 5 9 11 8 9 15 15 21 9 12 15 14 19 25 30 25 11 16 21 19 21 28 30 37 
53 3 7 10 7 8 13 19 16 7 13 12 14 15 23 26 28 10 17 17 17 19 28 36 40 
54 4 5 7 8 9 13 20 14 7 9 11 16 15 20 25 25 11 12 15 14 21 27 31 31 
55 6 8 10 8 9 11 17 13 9 11 11 12 18 26 28 31 10 13 16 16 23 30 35 31 
56 4 6 7 8 8 12 12 16 8 10 12 13 13 22 24 27 10 13 14 15 16 25 30 35 
57 4 5 9 7 8 11 13 16 7 9 13 11 16 19 23 22 9 12 14 14 18 27 28 29 
58 4 7 7 9 9 18 14 18 8 10 13 14 17 20 26 25 10 15 16 16 18 31 29 35 
59 4 6 6 9 9 14 15 15 7 10 12 13 15 21 23 24 11 13 14 16 18 26 32 31 
60 4 8 7 9 9 15 16 18 7 11 12 11 14 27 23 23 9 12 17 19 17 30 34 32 
