1 3 6 7 8 9 11 15 17 6 8 12 15 11 17 22 28 6 13 18 16 14 24 33 35 
2 4 6 7 9 5 10 14 15 5 8 13 13 10 19 23 27 6 11 15 15 12 22 26 36 
3 3 6 7 10 7 11 15 19 5 9 12 15 10 18 25 28 7 10 15 14 13 23 34 36 
4 3 5 8 7 6 13 20 20 5 11 14 14 10 19 24 26 7 12 16 17 14 28 26 39 
5 4 5 7 7 7 11 15 13 5 8 10 14 12 16 22 28 6 11 14 18 11 20 28 28 
6 4 6 7 8 7 12 20 18 6 9 17 13 11 16 27 30 8 13 16 16 14 22 26 31 
7 4 5 6 7 7 11 13 13 5 8 11 12 13 16 22 29 7 10 17 14 12 23 30 35 
8 3 6 7 7 7 14 13 20 5 10 10 11 12 17 23 26 6 13 16 16 13 24 29 32 
9 4 6 7 8 7 9 14 17 5 7 12 13 11 18 22 25 7 11 16 16 11 26 29 29 
10 4 7 8 9 6 11 14 20 7 8 11 14 10 17 29 30 7 13 16 18 14 22 33 33 
11 4 5 11 10 7 11 12 19 5 9 12 13 11 16 21 26 7 12 15 16 13 21 31 28 
12 3 4 7 8 6 10 15 16 5 9 10 13 9 19 22 25 6 10 17 16 11 22 28 31 
13 3 6 8 8 6 11 14 16 4 8 14 13 10 17 22 26 6 11 14 16 13 23 29 32 
14 5 7 7 9 7 10 15 19 6 9 15 14 8 19 24 24 7 11 15 19 12 23 27 28 
15 3 7 7 7 5 10 15 16 6 7 10 10 9 14 20 24 6 12 12 15 12 18 25 30 
16 6 5 6 8 9 12 16 14 7 9 11 14 13 18 25 24 8 13 14 17 15 29 26 28 
17 3 7 8 8 8 11 15 17 7 9 12 12 12 21 22 27 8 12 14 18 16 28 28 29 
18 4 7 8 10 7 11 17 17 7 10 12 12 11 20 23 26 8 11 14 15 16 21 26 35 
19 3 7 6 6 6 14 15 15 6 10 14 13 10 20 20 23 7 13 13 15 14 23 24 28 
20 4 5 9 8 7 15 18 18 7 10 12 10 16 22 29 24 8 12 16 13 19 27 26 34 
21 4 7 7 9 8 11 13 13 6 9 12 13 11 18 25 25 8 12 15 16 15 23 25 31 
22 3 6 6 10 7 10 16 14 7 9 10 11 15 16 22 24 7 10 16 13 14 22 29 35 
23 3 8 8 10 7 15 16 17 6 9 14 15 13 22 27 26 9 14 13 16 18 24 32 35 
24 4 6 6 7 6 11 13 17 5 9 11 17 11 19 21 25 7 12 16 17 15 25 25 26 
25 4 5 8 8 6 10 15 16 8 9 12 13 14 22 28 23 8 11 14 18 15 21 29 29 
26 4 5 6 6 6 10 20 14 6 11 10 13 11 18 20 20 8 11 13 13 15 26 27 28 
27 5 6 7 7 8 11 19 17 7 11 10 14 12 20 22 26 8 12 16 15 16 25 31 33 
28 3 6 8 7 8 13 17 14 6 9 13 12 14 20 20 24 7 11 14 16 14 23 28 31 
29 3 6 7 6 7 10 11 12 6 9 10 11 11 17 25 26 7 11 13 14 14 26 26 28 
30 4 5 8 7 6 10 16 12 7 10 11 13 11 21 28 29 10 11 16 17 14 23 31 30 
31 6 6 5 7 9 12 14 13 6 9 13 12 12 22 22 24 9 13 15 17 15 24 32 28 
32 5 6 6 7 8 13 11 11 8 10 10 10 15 17 24 20 8 11 15 13 15 28 31 26 
33 6 8 6 9 11 14 21 21 7 15 14 15 13 20 31 26 9 16 15 16 19 31 31 33 
34 5 6 9 10 10 11 19 17 8 11 14 14 15 22 24 27 9 14 15 16 18 27 30 36 
35 5 8 6 6 9 12 19 20 8 9 12 13 17 22 24 27 9 12 15 16 17 24 33 39 
36 5 7 10 9 10 12 19 13 7 11 12 17 16 25 23 26 10 16 17 17 18 32 30 28 
37 5 6 8 8 10 12 13 15 6 9 10 12 14 19 25 24 11 14 18 16 15 27 25 33 
38 5 6 7 8 10 13 22 16 6 10 15 11 18 22 27 28 8 15 15 16 18 27 32 35 
39 3 7 7 8 8 13 15 14 7 10 13 12 12 17 20 25 8 12 17 16 17 25 30 33 
40 5 7 9 7 8 12 15 28 6 10 11 13 15 22 24 23 11 17 14 17 19 27 31 33 
41 5 6 12 8 10 10 15 17 8 9 12 14 14 26 25 25 8 13 16 20 17 26 29 35 
42 3 6 8 7 7 11 17 15 8 10 12 13 14 20 23 32 9 13 15 14 17 27 28 28 
43 3 6 6 7 8 12 17 13 7 9 11 14 12 19 26 28 8 13 15 19 17 23 29 32 
44 4 7 5 7 9 14 16 13 6 9 11 13 14 18 22 22 9 11 12 14 16 24 27 29 
45 5 7 6 8 7 16 14 18 7 10 11 13 11 26 22 27 8 11 15 14 15 24 28 33 
46 4 7 7 7 11 13 15 22 7 13 13 13 17 19 23 25 10 14 16 18 20 32 31 37 
47 5 7 8 9 8 17 22 14 9 12 17 16 16 21 28 31 9 14 17 16 19 26 35 36 
48 7 8 7 9 8 15 16 17 9 13 12 13 19 27 29 31 12 16 17 17 21 32 32 36 
49 5 7 10 8 9 13 17 20 9 12 13 14 17 25 33 33 9 15 16 21 22 31 36 36 
50 4 6 8 7 8 19 21 14 8 13 16 12 13 23 24 25 9 14 16 15 23 29 38 39 
51 5 9 7 8 9 14 15 16 7 12 13 14 14 23 30 28 10 13 16 17 20 27 35 38 
52 6 6 11 10 10 16 18 20 8 11 12 13 15 22 29 30 11 17 16 18 20 28 34 39 
53 4 8 8 8 8 14 15 25 7 11 13 14 15 19 30 26 10 14 17 21 19 26 32 39 
54 4 6 6 7 7 10 14 17 7 11 11 13 14 21 26 27 9 13 15 17 21 26 30 29 
55 4 6 7 8 9 17 14 20 7 10 12 12 20 23 29 33 11 16 18 19 24 25 36 38 
56 5 5 9 8 9 13 13 15 8 12 12 13 16 21 25 24 10 14 17 16 21 23 30 30 
57 4 5 7 7 7 11 13 16 7 10 10 12 14 21 23 26 9 13 14 15 20 25 28 30 
58 4 6 8 8 11 13 14 17 8 10 11 13 14 24 24 31 9 15 15 20 22 31 34 35 
59 5 5 8 8 8 11 13 14 7 11 12 12 16 22 27 25 10 13 15 18 20 25 28 34 
60 5 6 6 7 8 15 17 14 8 12 12 12 14 20 23 27 10 15 15 19 19 32 31 32 
