1 3 6 8 10 8 13 15 19 5 11 14 13 9 16 28 28 6 10 16 21 14 22 27 29 
2 3 7 6 10 6 12 15 14 5 9 11 15 10 18 20 28 6 10 14 19 12 19 29 31 
3 4 5 7 8 9 11 12 14 6 9 12 13 10 21 22 31 7 12 14 15 12 28 27 28 
4 4 7 8 8 8 10 17 19 5 10 14 15 11 16 22 26 6 12 14 18 14 21 33 38 
5 3 6 7 8 6 10 14 15 6 7 12 15 9 20 24 27 6 11 14 17 12 21 32 33 
6 3 8 7 10 6 10 14 17 5 10 10 14 11 22 24 23 6 10 14 16 15 25 30 30 
7 3 6 8 8 6 10 13 16 6 9 17 13 12 22 22 26 7 9 16 16 12 21 34 31 
8 3 5 8 8 6 10 16 16 5 8 10 13 10 21 21 28 8 10 13 16 12 22 31 32 
9 4 5 7 8 7 12 16 21 4 9 12 14 12 21 24 25 7 12 15 17 13 20 24 31 
10 4 7 8 8 6 12 14 23 6 10 13 14 10 21 22 26 7 11 15 15 14 22 29 36 
11 3 6 8 8 8 11 14 20 5 8 12 12 10 17 22 24 6 11 14 16 13 23 27 35 
12 3 4 9 10 6 11 15 17 6 8 11 13 10 16 23 27 7 10 13 15 12 22 27 30 
13 4 5 9 7 5 11 15 16 5 8 11 13 10 17 25 27 6 11 15 15 14 22 27 27 
14 4 5 9 10 7 11 15 15 5 9 12 14 11 16 29 24 7 11 15 18 14 25 27 32 
15 3 4 7 8 5 9 11 15 6 8 10 12 13 14 26 22 7 10 13 15 13 19 26 29 
16 4 8 8 11 9 16 16 16 8 10 13 13 12 22 25 32 8 15 14 17 16 27 27 28 
17 4 5 8 10 8 12 15 18 6 11 11 14 14 20 22 26 7 12 14 17 16 25 28 31 
18 4 6 9 10 8 15 14 19 7 9 14 15 12 20 24 27 9 14 13 19 18 27 25 29 
19 5 5 6 9 7 13 14 15 6 8 13 14 13 20 23 27 7 12 15 15 15 22 28 29 
20 4 6 8 8 10 14 12 18 6 11 12 13 11 18 27 23 9 12 16 14 15 24 33 30 
21 3 7 7 8 7 12 13 15 5 10 11 12 11 18 23 26 8 12 16 15 17 22 26 29 
22 5 6 7 9 8 13 14 15 7 10 11 14 13 17 26 22 9 12 17 13 14 20 27 33 
23 5 5 10 7 8 12 15 17 6 12 12 16 14 22 24 27 9 15 18 14 17 21 32 33 
24 4 5 9 8 7 12 14 16 6 9 12 10 11 20 19 24 8 14 14 15 13 26 27 32 
25 4 5 6 6 7 13 12 17 6 10 10 13 13 19 23 21 8 11 14 16 18 21 24 30 
26 4 4 10 6 7 12 15 18 5 9 11 11 12 15 19 28 7 11 12 18 14 24 28 30 
27 4 7 8 7 7 14 13 17 6 11 14 15 11 17 27 24 7 12 13 18 15 27 26 29 
28 3 7 8 7 6 11 13 20 6 10 10 11 14 20 21 28 7 11 16 14 16 20 29 30 
29 3 6 6 8 7 12 12 15 6 8 11 11 12 16 23 21 8 12 12 16 15 23 31 27 
30 5 6 7 8 6 10 14 20 5 9 11 14 12 22 20 24 8 11 15 16 16 26 24 28 
31 4 5 6 6 9 15 15 14 7 8 11 13 14 21 22 25 11 12 15 18 15 24 27 28 
32 4 4 7 7 7 9 11 20 7 11 11 11 11 17 19 21 7 13 15 16 19 22 24 30 
33 6 6 8 8 10 11 18 18 7 12 15 14 13 21 27 26 11 13 17 14 23 28 33 31 
34 5 6 8 10 9 14 19 15 9 11 12 14 15 21 26 29 10 16 15 19 18 29 32 34 
35 5 8 9 8 9 19 17 20 8 11 12 14 15 23 27 23 9 14 18 16 19 26 32 32 
36 5 6 11 9 9 12 16 18 8 12 16 16 14 24 24 33 11 13 17 16 18 25 31 32 
37 3 6 7 8 8 11 18 24 8 11 11 12 17 24 23 26 9 13 16 17 19 24 29 28 
38 5 8 7 7 9 15 17 18 7 11 13 15 12 27 22 32 10 14 16 20 16 25 35 38 
39 4 5 9 10 7 12 19 12 6 10 11 12 11 21 23 28 9 14 14 16 17 25 33 30 
40 4 8 6 10 8 13 14 16 7 16 12 16 13 18 21 27 9 13 15 14 17 26 29 31 
41 4 7 10 10 7 11 18 23 6 9 12 13 13 22 23 29 8 13 16 16 16 25 32 31 
42 4 6 9 9 8 12 14 13 7 11 11 12 14 20 25 27 8 13 17 14 17 25 33 29 
43 4 5 7 7 8 13 13 14 7 11 14 14 12 21 21 33 8 14 15 18 17 24 34 37 
44 4 6 6 6 8 12 14 14 7 9 10 11 13 20 21 25 9 12 15 15 18 22 33 30 
45 4 6 9 6 8 13 14 18 6 11 11 14 12 21 27 28 9 13 14 16 18 27 30 32 
46 5 7 9 7 10 13 16 16 9 12 17 14 16 26 26 34 11 16 21 22 18 31 36 36 
47 7 7 9 8 13 13 17 23 10 12 15 13 20 24 32 30 11 17 19 18 19 33 29 39 
48 5 8 10 9 9 14 14 18 9 12 15 18 18 26 26 31 10 14 16 20 20 27 41 42 
49 6 6 9 12 12 24 15 14 9 12 16 15 17 25 28 27 11 16 18 18 19 30 35 32 
50 5 6 6 9 12 17 17 14 9 10 15 13 17 21 24 36 12 16 15 19 21 31 33 34 
51 6 6 10 9 9 14 19 18 8 12 15 17 16 23 30 32 9 15 16 21 20 27 34 35 
52 4 7 11 7 13 15 15 21 8 12 18 15 17 24 27 34 11 14 22 20 21 37 41 42 
53 5 9 9 8 9 17 19 19 8 14 16 17 16 22 30 27 11 14 19 19 20 34 38 43 
54 4 6 8 7 12 13 17 16 7 10 14 13 17 22 26 26 11 14 15 17 20 26 31 32 
55 4 6 8 7 10 17 13 14 7 11 15 14 18 30 26 31 12 15 17 18 19 28 41 36 
56 4 6 7 7 8 11 15 17 7 10 11 13 17 20 23 25 9 15 15 16 20 31 30 32 
57 6 5 7 7 9 11 13 15 8 10 11 17 15 21 23 27 11 13 15 16 19 25 30 32 
58 5 8 8 9 9 15 14 23 8 13 13 14 15 28 26 38 9 16 16 16 18 32 34 37 
59 5 7 7 9 8 13 15 16 8 11 13 14 14 21 29 31 9 13 17 17 20 32 30 38 
60 4 7 8 9 10 11 17 19 7 11 12 15 17 22 29 27 11 14 15 18 19 27 33 34 
