1 391 
2 410 
3 409 
4 389 
5 370 
6 439 
7 354 
8 392 
9 378 
10 378 
11 413 
12 358 
13 381 
14 360 
15 342 
16 462 
17 401 
18 404 
19 386 
20 450 
21 413 
22 412 
23 396 
24 417 
25 370 
26 440 
27 338 
28 438 
29 342 
30 442 
31 508 
32 416 
33 414 
34 400 
35 414 
36 409 
37 485 
38 437 
39 438 
40 438 
41 387 
42 374 
43 462 
44 413 
45 432 
46 334 
47 349 
48 320 
49 286 
50 307 
51 276 
52 321 
53 273 
54 280 
55 379 
56 375 
57 263 
58 343 
59 341 
60 349 
61 361 
62 402 
63 349 
64 347 
65 340 
66 331 
67 403 
68 417 
69 380 
70 387 
71 339 
72 381 
73 330 
74 405 
75 346 
76 276 
77 382 
78 420 
79 421 
80 310 
81 389 
82 392 
83 392 
84 403 
85 405 
86 339 
87 302 
88 404 
89 407 
90 380 
91 322 
92 352 
93 298 
94 338 
95 316 
96 300 
97 332 
98 344 
99 358 
100 338 
101 347 
102 337 
103 297 
104 357 
105 306 
106 369 
107 353 
108 354 
109 294 
110 344 
111 289 
112 328 
113 322 
114 379 
115 354 
116 360 
117 330 
118 318 
119 370 
120 352 
121 336 
122 373 
123 405 
124 375 
125 376 
126 371 
127 363 
128 351 
129 309 
130 294 
131 435 
132 394 
133 381 
134 306 
135 349 
136 270 
137 383 
138 380 
139 242 
140 429 
141 265 
142 431 
143 326 
144 328 
145 331 
146 311 
147 271 
148 392 
149 329 
150 288 
151 266 
152 271 
153 335 
154 351 
155 418 
156 345 
157 305 
158 370 
159 333 
160 351 
161 279 
162 377 
163 340 
164 334 
165 336 
166 440 
167 422 
168 341 
169 330 
170 288 
171 322 
172 267 
173 411 
174 355 
175 374 
176 339 
177 363 
178 345 
179 347 
180 329 
