1 1.18895e+06 1.19299e+06 1.20046e+06 1.19483e+06 1.187e+06 1.19055e+06 1.18397e+06 1.19245e+06 1.19027e+06 1.19352e+06 1.19931e+06 1.19826e+06 1.19049e+06 1.18124e+06 1.18209e+06 1.19391e+06 1.21103e+06 1.19168e+06 1.19346e+06 1.18184e+06 1.18914e+06 1.19327e+06 1.18722e+06 1.1952e+06 
2 980927 985006 986654 986244 986247 982013 980838 989230 970631 980539 986776 986324 984698 972642 973205 985167 972298 974719 983206 990208 984199 974845 976279 985958 
3 1.14488e+06 1.14022e+06 1.14779e+06 1.15002e+06 1.14623e+06 1.13661e+06 1.13968e+06 1.14851e+06 1.14874e+06 1.14752e+06 1.15266e+06 1.14921e+06 1.13774e+06 1.14589e+06 1.14233e+06 1.15113e+06 1.13808e+06 1.14914e+06 1.1403e+06 1.15365e+06 1.14643e+06 1.14307e+06 1.14499e+06 1.13876e+06 
4 940588 942611 945646 956245 941944 939746 943874 945872 935992 949969 952026 935121 930540 935121 939479 949920 950143 944485 939800 943802 933679 936313 939588 945943 
5 1.04225e+06 1.0624e+06 1.05836e+06 1.06238e+06 1.04686e+06 1.04602e+06 1.05193e+06 1.06152e+06 1.05963e+06 1.05345e+06 1.05662e+06 1.05955e+06 1.04732e+06 1.04622e+06 1.05746e+06 1.06184e+06 1.03925e+06 1.05544e+06 1.05428e+06 1.05603e+06 1.05538e+06 1.04823e+06 1.04945e+06 1.05033e+06 
6 1.1238e+06 1.13988e+06 1.13422e+06 1.13664e+06 1.12388e+06 1.13185e+06 1.13278e+06 1.13322e+06 1.14062e+06 1.13602e+06 1.12845e+06 1.13289e+06 1.12462e+06 1.13267e+06 1.12624e+06 1.13487e+06 1.14343e+06 1.13107e+06 1.13534e+06 1.13737e+06 1.13097e+06 1.12941e+06 1.13407e+06 1.13612e+06 
7 1.1252e+06 1.13213e+06 1.12718e+06 1.12876e+06 1.1336e+06 1.11967e+06 1.12188e+06 1.12118e+06 1.12592e+06 1.12386e+06 1.13085e+06 1.12974e+06 1.12062e+06 1.11443e+06 1.12378e+06 1.1194e+06 1.14176e+06 1.11104e+06 1.13369e+06 1.12758e+06 1.13816e+06 1.11722e+06 1.11154e+06 1.11832e+06 
8 1.22481e+06 1.20902e+06 1.21258e+06 1.22351e+06 1.20665e+06 1.22147e+06 1.2128e+06 1.21823e+06 1.22946e+06 1.2088e+06 1.21267e+06 1.22526e+06 1.2167e+06 1.21164e+06 1.20734e+06 1.21234e+06 1.24136e+06 1.20445e+06 1.21254e+06 1.22554e+06 1.22905e+06 1.21129e+06 1.20694e+06 1.20927e+06 
9 1.21628e+06 1.22162e+06 1.21996e+06 1.21328e+06 1.21789e+06 1.21843e+06 1.2065e+06 1.21643e+06 1.21129e+06 1.21263e+06 1.22225e+06 1.21035e+06 1.20488e+06 1.21333e+06 1.21307e+06 1.21382e+06 1.22069e+06 1.21956e+06 1.2171e+06 1.21515e+06 1.2154e+06 1.21076e+06 1.21289e+06 1.21208e+06 
10 1.19395e+06 1.19313e+06 1.17179e+06 1.20467e+06 1.16956e+06 1.18375e+06 1.19389e+06 1.18723e+06 1.20154e+06 1.1777e+06 1.19429e+06 1.18831e+06 1.19068e+06 1.18988e+06 1.18355e+06 1.18588e+06 1.18766e+06 1.18033e+06 1.1907e+06 1.17753e+06 1.19039e+06 1.18103e+06 1.17366e+06 1.1899e+06 
11 1.00033e+06 1.00528e+06 994480 1.01117e+06 1.00305e+06 1.00914e+06 997974 1.00283e+06 1.00993e+06 1.0018e+06 1.00894e+06 1.0019e+06 994486 1.00882e+06 1.00077e+06 1.00088e+06 1.00534e+06 1.0023e+06 1.00551e+06 1.01438e+06 999935 1.00739e+06 1.00322e+06 1.0027e+06 
12 1.102e+06 1.08549e+06 1.09597e+06 1.0938e+06 1.09709e+06 1.08738e+06 1.08151e+06 1.09071e+06 1.10002e+06 1.0921e+06 1.09414e+06 1.07668e+06 1.08213e+06 1.07976e+06 1.08313e+06 1.08351e+06 1.09496e+06 1.09053e+06 1.10162e+06 1.09298e+06 1.08123e+06 1.0858e+06 1.08815e+06 1.09088e+06 
13 1.21326e+06 1.20927e+06 1.20548e+06 1.21175e+06 1.19175e+06 1.20187e+06 1.20067e+06 1.20215e+06 1.19248e+06 1.21867e+06 1.20402e+06 1.21042e+06 1.20542e+06 1.20102e+06 1.20363e+06 1.19506e+06 1.19415e+06 1.21446e+06 1.19507e+06 1.20009e+06 1.21173e+06 1.20801e+06 1.20021e+06 1.20378e+06 
14 1.07856e+06 1.07224e+06 1.06897e+06 1.07584e+06 1.07066e+06 1.0739e+06 1.07253e+06 1.07118e+06 1.07308e+06 1.06828e+06 1.07823e+06 1.07515e+06 1.07788e+06 1.07494e+06 1.07309e+06 1.07979e+06 1.08384e+06 1.07776e+06 1.07378e+06 1.07502e+06 1.07115e+06 1.07146e+06 1.07622e+06 1.06848e+06 
15 961127 940225 947522 951568 953226 954667 947235 939167 959497 947772 943276 953887 956887 942499 945114 946073 956625 941303 956735 948356 938257 941242 942190 948004 
16 983875 957884 965291 966705 963115 957275 967646 962603 963780 958613 976418 972834 961283 960656 960434 964334 977902 967488 963067 967118 966620 958999 959497 967743 
17 1.06206e+06 1.07613e+06 1.07111e+06 1.0767e+06 1.06062e+06 1.05998e+06 1.06287e+06 1.07057e+06 1.05402e+06 1.05757e+06 1.0357e+06 1.07364e+06 1.04854e+06 1.05056e+06 1.06435e+06 1.06961e+06 1.07489e+06 1.05962e+06 1.0658e+06 1.06721e+06 1.04581e+06 1.04973e+06 1.05457e+06 1.06611e+06 
18 879026 884183 886033 884148 878372 879585 880836 884044 889749 884801 892574 881749 882730 870097 873695 869435 872373 879175 880312 888684 887633 871458 881276 869772 
19 1.10386e+06 1.08087e+06 1.07125e+06 1.08356e+06 1.07409e+06 1.0713e+06 1.07631e+06 1.08089e+06 1.07709e+06 1.08019e+06 1.08321e+06 1.0843e+06 1.08147e+06 1.07353e+06 1.07382e+06 1.07217e+06 1.0741e+06 1.07452e+06 1.06904e+06 1.0806e+06 1.06932e+06 1.0787e+06 1.08245e+06 1.07229e+06 
20 1.13549e+06 1.1337e+06 1.13662e+06 1.1391e+06 1.13319e+06 1.1327e+06 1.13485e+06 1.13471e+06 1.1444e+06 1.13613e+06 1.14208e+06 1.13822e+06 1.13462e+06 1.13442e+06 1.13585e+06 1.13742e+06 1.14567e+06 1.13688e+06 1.13428e+06 1.13938e+06 1.13115e+06 1.13348e+06 1.1376e+06 1.13838e+06 
21 842603 836723 840754 836722 825636 829085 832108 832264 833173 832924 841050 840922 825403 831826 831144 833963 834008 834786 837350 839107 832314 831719 833897 830620 
22 1.02349e+06 1.01703e+06 1.02161e+06 1.00982e+06 1.01866e+06 1.02338e+06 1.01884e+06 1.02046e+06 1.03406e+06 1.02214e+06 1.01858e+06 1.01896e+06 1.01564e+06 1.00588e+06 1.0102e+06 1.01701e+06 1.02745e+06 1.01748e+06 1.01904e+06 1.00528e+06 1.01506e+06 1.00487e+06 1.01413e+06 1.01683e+06 
23 975784 973427 976594 976533 970500 972596 967333 977032 975793 970771 970748 968185 971663 968697 969879 969458 979570 971448 975961 971970 970220 971562 965617 966188 
24 901212 893974 901484 899131 889547 895516 892648 893500 895361 899263 895693 895884 889437 890131 891180 887511 898963 896281 897886 894372 893754 892060 895677 887342 
25 1.00135e+06 990009 991020 996622 995417 993230 992100 992865 999286 1.00145e+06 995456 995044 990851 993486 990013 992423 993437 995135 994132 994931 993942 996651 994018 997494 
26 1.05145e+06 1.04313e+06 1.04212e+06 1.05127e+06 1.04222e+06 1.04558e+06 1.04489e+06 1.05628e+06 1.04276e+06 1.04442e+06 1.05268e+06 1.05137e+06 1.06114e+06 1.05127e+06 1.05159e+06 1.06042e+06 1.05359e+06 1.05204e+06 1.06065e+06 1.05758e+06 1.04166e+06 1.05226e+06 1.0386e+06 1.05597e+06 
27 949462 948649 937246 957434 954434 942717 940212 954018 946658 938478 942505 953807 938087 935722 946447 946729 949444 959817 936979 951648 946080 922640 941356 950239 
28 1.11163e+06 1.10997e+06 1.1152e+06 1.11743e+06 1.11566e+06 1.11436e+06 1.11092e+06 1.11841e+06 1.11394e+06 1.1183e+06 1.12017e+06 1.12063e+06 1.10407e+06 1.10452e+06 1.11821e+06 1.11147e+06 1.12097e+06 1.11263e+06 1.11509e+06 1.11781e+06 1.11077e+06 1.1058e+06 1.11683e+06 1.11904e+06 
29 948000 948840 958904 961016 936540 947647 962493 938967 961583 944232 958262 961380 944734 941553 959186 955623 940627 955204 955600 966745 942245 944381 949342 949744 
30 1.03964e+06 1.02716e+06 1.0321e+06 1.03709e+06 1.03462e+06 1.02686e+06 1.02894e+06 1.03378e+06 1.03893e+06 1.03994e+06 1.03483e+06 1.04049e+06 1.03305e+06 1.03026e+06 1.033e+06 1.033e+06 1.0377e+06 1.03532e+06 1.03788e+06 1.03628e+06 1.03457e+06 1.02632e+06 1.0348e+06 1.03734e+06 
31 833890 831936 833216 831412 838930 829302 828526 840798 837629 837691 837829 836168 828780 835763 834761 834024 828586 828211 841516 842482 831727 833411 833674 838041 
32 908014 902019 902927 907524 894140 887463 890152 907190 912644 891650 903489 908375 900177 887695 894101 908568 896094 905735 910669 905248 902725 889599 893550 893018 
33 949659 930912 946016 930283 934424 931155 940781 933024 933989 927667 932645 931275 938640 932272 929207 934309 941584 940804 938445 930440 926741 931358 932461 933796 
34 932823 927611 936916 936496 917472 912346 916385 933723 934297 921247 931993 936942 924339 921519 929935 925909 927699 935470 914779 935519 925937 922122 919416 924806 
35 1.0389e+06 1.0404e+06 1.03854e+06 1.04264e+06 1.03547e+06 1.03233e+06 1.04098e+06 1.03957e+06 1.03607e+06 1.03781e+06 1.03924e+06 1.04087e+06 1.03499e+06 1.03562e+06 1.03656e+06 1.0382e+06 1.03607e+06 1.03288e+06 1.03779e+06 1.03477e+06 1.03552e+06 1.03446e+06 1.03782e+06 1.03729e+06 
36 958138 963074 967964 962476 963889 956624 959157 958482 958114 959781 962386 963805 957759 952683 959070 962102 962421 963229 962299 961267 966556 960226 958715 960211 
37 1.03442e+06 1.03304e+06 1.0404e+06 1.04602e+06 1.04112e+06 1.03034e+06 1.03513e+06 1.03854e+06 1.04415e+06 1.03658e+06 1.03965e+06 1.04798e+06 1.03152e+06 1.03665e+06 1.0372e+06 1.03879e+06 1.02601e+06 1.04026e+06 1.04199e+06 1.04321e+06 1.02924e+06 1.03452e+06 1.03598e+06 1.04421e+06 
38 1.13432e+06 1.12485e+06 1.12418e+06 1.12689e+06 1.12358e+06 1.12648e+06 1.12693e+06 1.12796e+06 1.12573e+06 1.12739e+06 1.13018e+06 1.12904e+06 1.13019e+06 1.12015e+06 1.12605e+06 1.11911e+06 1.1319e+06 1.1262e+06 1.1341e+06 1.12721e+06 1.13642e+06 1.11696e+06 1.12651e+06 1.12891e+06 
39 973468 964852 977744 963457 952279 959484 965185 957804 958531 971873 971248 975171 959687 952650 966965 970574 959987 959996 959061 964459 963348 954717 960214 945338 
40 884993 862428 878222 875807 863600 853470 868227 852209 868965 867603 861981 863610 861467 852332 858452 866319 875469 865930 858265 877029 866985 848037 857079 872160 
41 983423 980494 974444 980317 975017 969142 977821 973084 973325 973273 969447 983992 972755 971769 981069 974456 979935 976727 979854 979741 974218 977293 976276 971103 
42 1.00255e+06 1.01314e+06 1.00482e+06 1.01374e+06 997803 1.00697e+06 1.00517e+06 1.01044e+06 1.01184e+06 1.00611e+06 1.00796e+06 1.01027e+06 1.00333e+06 998316 1.00268e+06 1.00829e+06 998129 1.00407e+06 1.00854e+06 1.01187e+06 990187 1.00545e+06 1.01006e+06 1.00784e+06 
43 1.02199e+06 1.0257e+06 1.0272e+06 1.03379e+06 1.01943e+06 1.01906e+06 1.02135e+06 1.02737e+06 1.02417e+06 1.03017e+06 1.02595e+06 1.02095e+06 1.0202e+06 1.02454e+06 1.03122e+06 1.0185e+06 1.03008e+06 1.02347e+06 1.02014e+06 1.03178e+06 1.02016e+06 1.02344e+06 1.02862e+06 1.02391e+06 
44 928867 936558 934119 948292 930365 934054 936334 940158 938885 938891 933984 935946 942940 939048 933250 939481 939720 943862 939711 933987 942699 938577 944051 937284 
45 1.03368e+06 1.03286e+06 1.02995e+06 1.03851e+06 1.0253e+06 1.02749e+06 1.03363e+06 1.02815e+06 1.02953e+06 1.03216e+06 1.02704e+06 1.02684e+06 1.02957e+06 1.0307e+06 1.02923e+06 1.03171e+06 1.0287e+06 1.03809e+06 1.02793e+06 1.0374e+06 1.02723e+06 1.02194e+06 1.02608e+06 1.03346e+06 
46 929797 929144 933458 934792 931036 931407 931563 929641 932028 927783 930660 925669 923063 931331 932485 925674 926030 932878 930974 927877 926952 930520 929109 928999 
47 830428 822249 827298 823469 819047 823528 829534 824152 825462 824152 828762 824869 823814 823413 815304 825757 829538 828638 835293 819051 825712 816923 825282 826292 
48 1.01469e+06 1.01905e+06 1.0189e+06 1.02539e+06 1.01948e+06 1.01926e+06 1.01406e+06 1.02063e+06 1.02093e+06 1.01795e+06 1.01871e+06 1.02117e+06 1.01411e+06 1.01538e+06 1.01771e+06 1.0215e+06 1.02576e+06 1.02022e+06 1.01916e+06 1.02367e+06 1.01323e+06 1.01726e+06 1.01767e+06 1.02037e+06 
49 898661 896776 892288 907956 893078 894726 896742 895668 900215 902930 890557 904845 893640 895600 892888 898037 897611 901830 891632 906365 897520 891899 887701 897147 
50 865984 891261 888921 873423 872932 868968 870146 894821 890056 881324 878874 872960 868351 869928 872405 875692 882087 868031 873583 866644 869717 882931 867625 866679 
51 918315 919651 917891 920212 918293 906379 912124 921231 912901 917848 916573 918400 915137 909691 910630 917342 919577 914983 919443 923764 907496 911487 912854 911730 
52 897043 890981 897260 890224 893124 891766 886812 886096 895429 892709 893545 896260 889532 884977 888397 890423 888116 886342 889790 896079 895657 889213 885647 891746 
53 956190 954810 965758 970837 957222 961050 956418 962436 966042 957714 965457 963745 958540 956494 964321 964214 961738 967135 964367 963848 965962 966698 957775 966713 
54 934457 925803 924717 929328 924677 927719 922101 931533 918999 924493 929451 930464 923446 924225 925715 926993 930366 928723 933119 928767 924367 920888 932065 931993 
55 948306 945724 947890 952175 947533 949408 947008 946376 944351 952193 953317 947022 943952 942242 944955 945121 946252 950962 948789 948464 946877 939474 946582 948684 
56 879354 875247 881719 882339 875409 875422 880205 881746 874804 876539 880709 875553 874209 877841 871490 877340 885859 877263 877221 872867 876443 871270 880875 873458 
57 789552 775788 778418 782130 773239 775607 780439 777571 777940 774382 776592 776344 773375 778652 773195 777722 783981 775350 779657 780024 774205 777325 775248 776932 
58 915641 913982 918849 913040 914010 911044 914835 913835 911794 913832 913955 917131 911073 910234 919044 915426 914110 911479 917673 915738 909771 910666 912248 913055 
59 909763 909854 912566 913846 914444 915196 914250 909303 910835 909225 912699 920577 916032 912647 923268 914224 918592 916963 916360 910842 914244 909589 915624 911717 
60 938541 939446 940449 945881 951455 937437 936480 935927 939853 938936 948634 942320 941961 941867 945602 938622 946379 940907 940334 937262 946409 939660 939103 939381 
