1 1.19239e+06 1.19574e+06 1.19911e+06 1.20325e+06 1.19414e+06 1.18778e+06 1.19281e+06 1.1914e+06 1.19089e+06 1.19111e+06 1.19398e+06 1.19422e+06 1.17977e+06 1.18869e+06 1.19116e+06 1.19308e+06 1.18599e+06 1.19316e+06 1.19186e+06 1.20708e+06 1.18342e+06 1.18756e+06 1.18412e+06 1.19173e+06 
2 975652 978763 987888 981667 978835 979021 985562 985290 987975 982237 989105 985529 982221 970140 979171 990612 983798 984841 975413 981990 974737 983900 982621 989581 
3 1.14484e+06 1.14738e+06 1.14776e+06 1.15035e+06 1.13918e+06 1.14198e+06 1.14802e+06 1.14519e+06 1.13747e+06 1.13991e+06 1.15433e+06 1.14761e+06 1.1407e+06 1.14423e+06 1.14128e+06 1.14819e+06 1.14485e+06 1.14085e+06 1.14185e+06 1.14282e+06 1.14785e+06 1.13664e+06 1.14766e+06 1.14755e+06 
4 931545 937154 948299 950184 941893 939680 941030 941497 933186 933469 937220 948463 957315 950324 934858 945626 936985 934548 939436 941263 933191 935363 937815 949510 
5 1.06175e+06 1.05587e+06 1.06218e+06 1.06137e+06 1.05157e+06 1.0568e+06 1.04587e+06 1.04933e+06 1.04511e+06 1.05701e+06 1.05041e+06 1.05443e+06 1.0446e+06 1.06301e+06 1.04895e+06 1.05047e+06 1.05213e+06 1.05268e+06 1.05773e+06 1.06155e+06 1.04224e+06 1.05097e+06 1.05852e+06 1.0516e+06 
6 1.12615e+06 1.12686e+06 1.13585e+06 1.1414e+06 1.13704e+06 1.1339e+06 1.13571e+06 1.13313e+06 1.13001e+06 1.12541e+06 1.1395e+06 1.13642e+06 1.14043e+06 1.12467e+06 1.12944e+06 1.12649e+06 1.1422e+06 1.13195e+06 1.12842e+06 1.12816e+06 1.13615e+06 1.12834e+06 1.12519e+06 1.1358e+06 
7 1.12512e+06 1.12321e+06 1.128e+06 1.1299e+06 1.13342e+06 1.12106e+06 1.11333e+06 1.12774e+06 1.12862e+06 1.1213e+06 1.12479e+06 1.12826e+06 1.13122e+06 1.11134e+06 1.12263e+06 1.12118e+06 1.12814e+06 1.1353e+06 1.11464e+06 1.13337e+06 1.12757e+06 1.11937e+06 1.11492e+06 1.12566e+06 
8 1.22755e+06 1.20659e+06 1.23653e+06 1.22895e+06 1.21608e+06 1.21111e+06 1.2116e+06 1.21049e+06 1.22956e+06 1.21101e+06 1.20649e+06 1.21734e+06 1.22134e+06 1.20663e+06 1.20598e+06 1.21977e+06 1.21089e+06 1.21306e+06 1.21655e+06 1.21857e+06 1.20831e+06 1.21488e+06 1.21597e+06 1.21654e+06 
9 1.21154e+06 1.21618e+06 1.21595e+06 1.21245e+06 1.2143e+06 1.20479e+06 1.21434e+06 1.21562e+06 1.22107e+06 1.2183e+06 1.21638e+06 1.21268e+06 1.22009e+06 1.2136e+06 1.21769e+06 1.20312e+06 1.20885e+06 1.21577e+06 1.21403e+06 1.21687e+06 1.21681e+06 1.20425e+06 1.21887e+06 1.20669e+06 
10 1.17495e+06 1.18286e+06 1.19391e+06 1.20568e+06 1.19107e+06 1.18219e+06 1.19636e+06 1.18298e+06 1.18008e+06 1.17537e+06 1.18307e+06 1.19771e+06 1.19477e+06 1.168e+06 1.18787e+06 1.19227e+06 1.19609e+06 1.18226e+06 1.19902e+06 1.18315e+06 1.18077e+06 1.18431e+06 1.18792e+06 1.18179e+06 
11 1.00741e+06 1.01326e+06 1.00379e+06 1.00398e+06 1.00305e+06 1.00064e+06 1.00099e+06 1.00771e+06 1.01199e+06 1.007e+06 1.0075e+06 1.00557e+06 1.00002e+06 997444 999046 1.0043e+06 1.00769e+06 1.00227e+06 1.00489e+06 1.00136e+06 1.00874e+06 999126 999946 1.0046e+06 
12 1.09875e+06 1.08693e+06 1.09233e+06 1.10235e+06 1.0795e+06 1.07987e+06 1.09052e+06 1.09629e+06 1.0958e+06 1.08784e+06 1.09343e+06 1.09018e+06 1.09232e+06 1.08447e+06 1.08758e+06 1.09475e+06 1.09608e+06 1.09007e+06 1.09112e+06 1.09454e+06 1.0775e+06 1.08167e+06 1.08909e+06 1.08606e+06 
13 1.21181e+06 1.21269e+06 1.1973e+06 1.21117e+06 1.21742e+06 1.20005e+06 1.20567e+06 1.20197e+06 1.21479e+06 1.19348e+06 1.20358e+06 1.21258e+06 1.19248e+06 1.2001e+06 1.1955e+06 1.20432e+06 1.21273e+06 1.19709e+06 1.20985e+06 1.21056e+06 1.2096e+06 1.19795e+06 1.20854e+06 1.20479e+06 
14 1.0855e+06 1.07298e+06 1.08533e+06 1.07603e+06 1.07732e+06 1.07014e+06 1.06958e+06 1.06746e+06 1.07902e+06 1.07493e+06 1.07483e+06 1.07352e+06 1.06927e+06 1.07124e+06 1.07046e+06 1.07591e+06 1.07277e+06 1.06929e+06 1.06926e+06 1.07416e+06 1.07318e+06 1.07045e+06 1.08085e+06 1.07504e+06 
15 940107 940261 942987 945863 953206 942028 939071 933525 962040 946310 954523 951590 943995 947884 945121 945174 955096 943892 938478 951595 936829 943097 951759 949433 
16 970414 961563 968201 972426 959193 963128 965295 963622 971021 954806 957598 971740 971533 955799 966102 966409 982615 966305 964330 965763 959057 971652 962543 962126 
17 1.02728e+06 1.04348e+06 1.072e+06 1.07812e+06 1.05182e+06 1.02564e+06 1.06285e+06 1.07158e+06 1.0507e+06 1.03606e+06 1.06056e+06 1.06524e+06 1.05275e+06 1.06021e+06 1.03517e+06 1.06937e+06 1.03908e+06 1.05844e+06 1.0698e+06 1.06844e+06 1.0326e+06 1.05381e+06 1.05787e+06 1.06394e+06 
18 878383 882667 889290 882235 875544 884097 883929 891006 880477 881940 883277 888648 878200 877972 874466 875383 886564 888215 885451 891917 879244 872891 880917 870704 
19 1.08139e+06 1.07632e+06 1.08044e+06 1.07917e+06 1.08236e+06 1.07071e+06 1.07513e+06 1.07706e+06 1.07593e+06 1.07616e+06 1.08335e+06 1.07516e+06 1.08372e+06 1.07337e+06 1.07515e+06 1.08194e+06 1.07718e+06 1.0847e+06 1.07584e+06 1.08997e+06 1.08451e+06 1.07442e+06 1.07652e+06 1.07563e+06 
20 1.13599e+06 1.13019e+06 1.13253e+06 1.13412e+06 1.14109e+06 1.13456e+06 1.13536e+06 1.13874e+06 1.1392e+06 1.13665e+06 1.13455e+06 1.14377e+06 1.12894e+06 1.13201e+06 1.13612e+06 1.13724e+06 1.14194e+06 1.1408e+06 1.13443e+06 1.13593e+06 1.13254e+06 1.13125e+06 1.13314e+06 1.1384e+06 
21 840293 827571 834278 832566 830915 820442 832477 833121 834413 828204 842985 841008 839195 843890 826567 834526 841955 832690 834217 840561 836979 827334 838664 830029 
22 1.01267e+06 1.01711e+06 1.01734e+06 1.01591e+06 1.00726e+06 1.0152e+06 1.02236e+06 1.01354e+06 1.01344e+06 1.01973e+06 1.01015e+06 1.01005e+06 1.02506e+06 1.02006e+06 1.01336e+06 1.00962e+06 1.01762e+06 1.02035e+06 1.01541e+06 1.02759e+06 1.02138e+06 1.01804e+06 1.00913e+06 1.01261e+06 
23 974075 974244 972083 972460 968418 975220 968435 969137 972923 967004 968431 972083 965393 968906 972321 972456 975045 968432 976288 971897 967184 969342 973120 973170 
24 888933 891403 897184 895571 890104 889839 896971 892709 889769 898388 894854 893058 893977 888741 895483 902562 886563 884158 893347 896540 887882 891342 895650 895944 
25 1.00481e+06 994894 996051 1.0022e+06 995693 996052 995014 992534 997802 997865 995035 991495 993087 995404 992352 994182 990506 991427 998246 998965 991918 994695 994118 995671 
26 1.03814e+06 1.05751e+06 1.05148e+06 1.06015e+06 1.04408e+06 1.04479e+06 1.05377e+06 1.04656e+06 1.06035e+06 1.05082e+06 1.04754e+06 1.06082e+06 1.04078e+06 1.0402e+06 1.0502e+06 1.05347e+06 1.06753e+06 1.04794e+06 1.05682e+06 1.06119e+06 1.04813e+06 1.05712e+06 1.05665e+06 1.04772e+06 
27 946665 942045 948626 951816 954674 943582 952060 944289 947210 937282 941883 940739 946202 935513 941052 936859 957226 943665 940278 945444 943256 935135 942761 958992 
28 1.12427e+06 1.11394e+06 1.11124e+06 1.12311e+06 1.11011e+06 1.10806e+06 1.11557e+06 1.11637e+06 1.11842e+06 1.10718e+06 1.1168e+06 1.11482e+06 1.11674e+06 1.10597e+06 1.10922e+06 1.11161e+06 1.11208e+06 1.11586e+06 1.11273e+06 1.11751e+06 1.10388e+06 1.11629e+06 1.11628e+06 1.12025e+06 
29 936633 954407 958048 944100 938191 941482 953553 958728 952753 940649 946394 969824 947122 938151 938219 960453 941087 958476 957954 963268 947119 942748 964035 949661 
30 1.04933e+06 1.03618e+06 1.03794e+06 1.04187e+06 1.02623e+06 1.03655e+06 1.03644e+06 1.03816e+06 1.03238e+06 1.03368e+06 1.03968e+06 1.0404e+06 1.0335e+06 1.03252e+06 1.02935e+06 1.03352e+06 1.04019e+06 1.03136e+06 1.03445e+06 1.04042e+06 1.02639e+06 1.03377e+06 1.03399e+06 1.03132e+06 
31 832249 833429 843690 841730 829591 832321 835309 840432 830872 835882 840371 833137 832919 834417 830909 834550 844737 832713 833253 842663 831981 834424 839019 837337 
32 895908 904101 909921 904813 907118 893398 902722 905468 890976 891999 903995 899446 903415 886536 894957 898623 909907 903632 899458 899532 896153 888700 891382 901442 
33 939370 929311 937540 961032 940162 939558 929181 927245 934904 929642 930709 942935 933371 928463 931657 937368 940716 956428 935435 953569 930147 940659 934894 931099 
34 926527 926126 911746 930555 913035 920861 915045 931506 934436 931787 930172 932232 914404 915319 911321 929229 919495 938204 936891 933333 925848 922066 921309 928101 
35 1.03353e+06 1.03949e+06 1.04228e+06 1.03568e+06 1.0347e+06 1.03161e+06 1.03931e+06 1.0408e+06 1.04316e+06 1.03351e+06 1.03695e+06 1.04088e+06 1.03335e+06 1.03928e+06 1.03815e+06 1.03747e+06 1.03818e+06 1.04148e+06 1.04193e+06 1.0373e+06 1.03236e+06 1.0351e+06 1.03904e+06 1.04219e+06 
36 955996 954457 958215 964027 954795 957469 960445 961894 963018 957667 959726 962538 958498 953601 960473 959282 963571 961622 961742 961488 962832 957284 962668 963314 
37 1.02765e+06 1.03764e+06 1.03494e+06 1.0441e+06 1.04216e+06 1.03466e+06 1.03641e+06 1.03078e+06 1.0432e+06 1.02497e+06 1.03971e+06 1.03784e+06 1.04156e+06 1.02678e+06 1.0362e+06 1.03487e+06 1.0408e+06 1.03385e+06 1.04099e+06 1.04209e+06 1.0343e+06 1.02252e+06 1.03727e+06 1.04015e+06 
38 1.13059e+06 1.12393e+06 1.12553e+06 1.12263e+06 1.11941e+06 1.12149e+06 1.12936e+06 1.12867e+06 1.12969e+06 1.12089e+06 1.1323e+06 1.1297e+06 1.12112e+06 1.12414e+06 1.12833e+06 1.12766e+06 1.12721e+06 1.12251e+06 1.12404e+06 1.13185e+06 1.12371e+06 1.12308e+06 1.12131e+06 1.1296e+06 
39 963725 967537 971552 967921 959917 964746 963002 967410 963062 960141 968082 970712 962863 960966 965733 958715 964387 959729 969858 961059 965713 963993 954299 962380 
40 862965 869848 861587 873031 860777 857757 874551 866120 869172 869484 855904 861167 858966 863615 871410 856299 866339 860959 864537 857059 866634 857223 870220 861089 
41 982469 980870 976559 976476 976631 971610 973580 973529 977080 971781 971588 979773 966057 976543 978352 976935 978180 970165 980396 976497 981579 979747 972963 978084 
42 1.01159e+06 1.00106e+06 1.01253e+06 1.01796e+06 1.00739e+06 1.00789e+06 1.00969e+06 1.00047e+06 1.00687e+06 1.00813e+06 1.00498e+06 1.01034e+06 997277 1.00142e+06 1.01248e+06 1.0062e+06 1.00059e+06 1.00408e+06 1.0138e+06 1.01933e+06 1.00198e+06 1.00395e+06 1.00487e+06 1.00847e+06 
43 1.0116e+06 1.01894e+06 1.02483e+06 1.02498e+06 1.0297e+06 1.01967e+06 1.0271e+06 1.03041e+06 1.02014e+06 1.01845e+06 1.02681e+06 1.02439e+06 1.02071e+06 1.01676e+06 1.02765e+06 1.02658e+06 1.01468e+06 1.01833e+06 1.0209e+06 1.03059e+06 1.0208e+06 1.02028e+06 1.02986e+06 1.02798e+06 
44 936285 934765 941797 938600 938099 933384 936142 938608 947427 936801 945748 939984 943118 934080 940547 935615 945546 943162 937865 946007 941705 932553 939518 939835 
45 1.02712e+06 1.02367e+06 1.03019e+06 1.02491e+06 1.02719e+06 1.02329e+06 1.03241e+06 1.02915e+06 1.02195e+06 1.02765e+06 1.03279e+06 1.03412e+06 1.03305e+06 1.02526e+06 1.03156e+06 1.03215e+06 1.02861e+06 1.02491e+06 1.0291e+06 1.03174e+06 1.03414e+06 1.02409e+06 1.02626e+06 1.02959e+06 
46 938204 930340 927506 933380 932752 927085 929454 930882 925584 931739 928543 931382 923447 929400 931398 925012 931281 934212 924743 932612 923227 930934 931849 928554 
47 821908 822642 823196 827880 821263 820440 824537 825403 828827 821226 827106 829574 828021 825736 826497 825105 828794 822828 830521 829980 825083 825000 826588 830111 
48 1.01583e+06 1.01685e+06 1.02212e+06 1.01463e+06 1.01297e+06 1.01786e+06 1.02199e+06 1.01717e+06 1.0284e+06 1.01238e+06 1.01547e+06 1.02283e+06 1.01923e+06 1.01217e+06 1.01334e+06 1.02283e+06 1.01084e+06 1.01677e+06 1.02183e+06 1.0229e+06 1.01871e+06 1.01464e+06 1.01659e+06 1.01459e+06 
49 903919 900819 904464 901596 893449 896185 896818 906478 900080 896002 895215 906745 900635 899883 897499 892884 898392 902580 901006 891278 894760 897609 902605 901108 
50 865495 872815 895983 875035 863627 885660 869325 875696 865351 871723 877236 894268 871445 877336 874272 871159 870950 871074 870226 872546 868752 867794 874323 887411 
51 909447 918450 926100 922396 921636 906818 915313 916474 912522 915724 917458 913785 917301 911217 918463 917409 919816 915514 911071 919091 906419 910332 916319 918614 
52 890551 888217 889487 892415 883436 888557 893278 888650 891943 887527 890230 888917 885093 887498 887091 886441 889800 892918 891950 886353 892899 885903 890525 887786 
53 972807 969698 965183 964312 967596 960860 958347 964071 961990 960781 963050 963469 968386 962274 971397 966062 973295 959898 973438 967882 956436 961706 968065 963725 
54 919619 929376 930585 930370 921712 929423 929222 925546 934894 927875 930315 931455 927804 926449 925409 931588 931773 924598 930603 934468 923747 923906 918342 931698 
55 953254 941590 951367 947173 944408 941485 943826 949250 945050 947865 950300 947217 946265 945373 946043 950683 948877 946904 948164 950185 950487 946467 948368 943293 
56 878065 873646 869635 878341 878803 880922 873642 875364 883809 879618 884000 884830 874045 878930 876515 882344 873179 874256 876753 882759 879245 868797 882635 881134 
57 776668 779123 776707 776900 775995 773035 779391 774726 784006 777228 780799 782480 775372 775581 777027 777888 786638 779022 776689 780019 774533 780247 773732 779410 
58 914049 921729 916283 913223 915062 910384 913731 913134 916668 909637 912519 925066 909993 911830 911430 917294 911485 917650 920840 910723 913879 912568 911967 914895 
59 921133 907344 928634 914131 915527 912778 923781 918938 911021 908858 917005 915502 916946 913152 911415 905910 919078 907518 916375 926299 911641 912209 919337 913392 
60 939087 944845 949924 942214 939570 937033 943127 946076 947957 939178 940645 938103 936875 936944 942135 940607 942913 939408 939307 945525 936876 938993 939199 942132 
