1 1.20065e+06 1.19512e+06 1.19496e+06 1.20041e+06 1.20032e+06 1.18831e+06 1.19125e+06 1.18997e+06 1.20709e+06 1.1927e+06 1.18826e+06 1.19693e+06 1.18156e+06 1.18945e+06 1.18974e+06 1.19206e+06 1.1868e+06 1.19621e+06 1.19831e+06 1.18621e+06 1.19011e+06 1.18466e+06 1.18285e+06 1.19285e+06 
2 972179 984247 978997 987965 973835 979358 984796 979369 985500 980579 978684 978845 982894 979633 976705 986439 997589 985260 990964 987663 983143 980938 980039 977115 
3 1.14895e+06 1.14763e+06 1.15181e+06 1.14519e+06 1.1391e+06 1.14073e+06 1.14511e+06 1.14122e+06 1.14274e+06 1.14723e+06 1.14435e+06 1.1468e+06 1.15496e+06 1.14872e+06 1.14336e+06 1.14329e+06 1.15433e+06 1.1429e+06 1.14258e+06 1.14989e+06 1.14368e+06 1.14849e+06 1.14144e+06 1.14661e+06 
4 951947 944599 958311 956759 932534 942016 941018 937209 943375 935744 956313 946453 930249 943404 931336 938509 939510 938202 953604 946705 940021 936552 942640 932300 
5 1.04803e+06 1.05269e+06 1.06457e+06 1.06103e+06 1.05242e+06 1.0589e+06 1.05744e+06 1.05904e+06 1.05551e+06 1.04825e+06 1.05116e+06 1.06366e+06 1.06132e+06 1.03852e+06 1.05417e+06 1.05894e+06 1.05421e+06 1.05816e+06 1.05776e+06 1.05138e+06 1.04306e+06 1.05235e+06 1.05e+06 1.05417e+06 
6 1.13049e+06 1.13765e+06 1.14061e+06 1.12624e+06 1.13544e+06 1.13267e+06 1.13006e+06 1.13172e+06 1.12821e+06 1.13934e+06 1.12795e+06 1.13888e+06 1.13045e+06 1.12388e+06 1.12618e+06 1.13283e+06 1.14849e+06 1.13067e+06 1.13107e+06 1.13548e+06 1.13441e+06 1.1276e+06 1.13142e+06 1.136e+06 
7 1.12767e+06 1.11528e+06 1.12681e+06 1.11649e+06 1.13014e+06 1.12359e+06 1.12132e+06 1.1131e+06 1.1266e+06 1.12292e+06 1.1183e+06 1.12774e+06 1.13285e+06 1.11494e+06 1.12842e+06 1.12292e+06 1.13607e+06 1.12295e+06 1.12463e+06 1.12546e+06 1.11717e+06 1.1235e+06 1.11474e+06 1.11564e+06 
8 1.22283e+06 1.2146e+06 1.21427e+06 1.21233e+06 1.21141e+06 1.20708e+06 1.21278e+06 1.20872e+06 1.23425e+06 1.23267e+06 1.23564e+06 1.20877e+06 1.23295e+06 1.20261e+06 1.20573e+06 1.21169e+06 1.20729e+06 1.21457e+06 1.22359e+06 1.21272e+06 1.21154e+06 1.21286e+06 1.20592e+06 1.21181e+06 
9 1.21945e+06 1.21619e+06 1.21188e+06 1.215e+06 1.21578e+06 1.21204e+06 1.21819e+06 1.21363e+06 1.2066e+06 1.21622e+06 1.21737e+06 1.21597e+06 1.20709e+06 1.21735e+06 1.20754e+06 1.22014e+06 1.22454e+06 1.21271e+06 1.20804e+06 1.21947e+06 1.21044e+06 1.21273e+06 1.21461e+06 1.2084e+06 
10 1.18967e+06 1.19697e+06 1.18947e+06 1.18725e+06 1.18571e+06 1.17522e+06 1.19119e+06 1.19304e+06 1.19319e+06 1.18099e+06 1.18326e+06 1.19617e+06 1.19118e+06 1.1867e+06 1.17635e+06 1.18759e+06 1.19307e+06 1.18817e+06 1.19107e+06 1.18011e+06 1.19245e+06 1.12224e+06 1.18124e+06 1.17902e+06 
11 998653 1.0025e+06 1.00227e+06 1.00833e+06 1.01097e+06 1.00616e+06 1.00231e+06 1.00318e+06 1.01112e+06 1.00296e+06 1.00773e+06 1.00807e+06 999554 1.00275e+06 1.00159e+06 999150 1.00839e+06 1.00962e+06 999900 1.00308e+06 1.00521e+06 1.00189e+06 1.00128e+06 1.00302e+06 
12 1.08133e+06 1.09604e+06 1.08694e+06 1.09627e+06 1.08749e+06 1.08515e+06 1.0827e+06 1.08675e+06 1.08063e+06 1.0886e+06 1.09069e+06 1.09631e+06 1.07905e+06 1.07786e+06 1.08952e+06 1.09048e+06 1.09906e+06 1.08621e+06 1.09309e+06 1.09585e+06 1.08791e+06 1.08042e+06 1.09143e+06 1.08835e+06 
13 1.2112e+06 1.20989e+06 1.20778e+06 1.21004e+06 1.19836e+06 1.19911e+06 1.1998e+06 1.20496e+06 1.2123e+06 1.19949e+06 1.20687e+06 1.2012e+06 1.20621e+06 1.19926e+06 1.20501e+06 1.19998e+06 1.20653e+06 1.20305e+06 1.20086e+06 1.20511e+06 1.22247e+06 1.20281e+06 1.19387e+06 1.20807e+06 
14 1.0806e+06 1.07316e+06 1.08855e+06 1.074e+06 1.06989e+06 1.07683e+06 1.07114e+06 1.07921e+06 1.07459e+06 1.08913e+06 1.07427e+06 1.07405e+06 1.0773e+06 1.06864e+06 1.0758e+06 1.06786e+06 1.09896e+06 1.07456e+06 1.07469e+06 1.0759e+06 1.08001e+06 1.06997e+06 1.06794e+06 1.0713e+06 
15 943937 947413 943591 948585 956583 946946 940239 939971 937168 938424 940320 949071 954260 942867 942341 948886 950293 948684 942612 957380 950781 949581 947813 942647 
16 965834 960836 966837 971189 966505 965959 965140 966489 981680 959025 965239 970164 964496 962691 963217 967554 970535 962770 973284 968058 962106 969188 959923 966468 
17 1.06851e+06 1.0565e+06 1.07557e+06 1.08016e+06 1.05677e+06 1.04729e+06 1.0649e+06 1.06037e+06 1.03986e+06 1.06747e+06 1.05835e+06 1.06512e+06 1.04573e+06 1.03999e+06 1.06374e+06 1.05788e+06 1.06717e+06 1.06275e+06 1.05257e+06 1.06593e+06 1.05271e+06 1.06008e+06 1.06361e+06 1.06526e+06 
18 884447 874257 890730 889663 880696 873885 885910 888996 884616 872293 882469 886582 876998 881043 869754 886300 874848 879768 886383 887339 875378 875095 884483 887459 
19 1.08559e+06 1.08895e+06 1.0789e+06 1.08516e+06 1.07269e+06 1.08775e+06 1.07569e+06 1.07859e+06 1.08589e+06 1.07653e+06 1.08951e+06 1.07686e+06 1.07263e+06 1.07649e+06 1.07585e+06 1.07863e+06 1.08669e+06 1.06875e+06 1.07662e+06 1.0822e+06 1.06928e+06 1.07425e+06 1.07688e+06 1.0711e+06 
20 1.13888e+06 1.14055e+06 1.14368e+06 1.13599e+06 1.13376e+06 1.13144e+06 1.1346e+06 1.13408e+06 1.12891e+06 1.13213e+06 1.14391e+06 1.14319e+06 1.13118e+06 1.13158e+06 1.13183e+06 1.13982e+06 1.14e+06 1.13332e+06 1.13595e+06 1.1364e+06 1.14102e+06 1.13126e+06 1.13562e+06 1.13679e+06 
21 839446 832581 837918 836445 836974 832055 837863 836988 839559 832785 833095 842511 840401 830754 832222 827135 836551 841403 838924 829630 831140 829304 830485 833655 
22 1.02388e+06 1.01541e+06 1.01426e+06 1.01989e+06 1.01334e+06 1.00393e+06 1.01495e+06 1.01229e+06 1.02301e+06 1.00842e+06 1.02198e+06 1.02124e+06 1.00892e+06 1.02335e+06 1.01466e+06 1.01063e+06 1.02252e+06 1.01498e+06 1.02401e+06 1.0093e+06 1.0125e+06 1.01281e+06 1.01105e+06 1.02018e+06 
23 972643 972903 978790 973273 971351 969578 969346 976516 969598 974538 973106 978198 967989 966847 967939 970303 985509 975056 969695 976887 978723 965239 970789 975468 
24 902963 894655 894406 900017 889820 892345 892687 894558 900458 885724 894193 901970 894606 888415 891438 896855 890444 885656 899192 895510 892162 891827 889505 890586 
25 997104 997105 994442 994501 1.00027e+06 996961 995002 993120 1.0034e+06 989900 999040 1.00208e+06 995729 993772 993845 991558 1.01073e+06 991819 1.00021e+06 996367 1.00533e+06 997356 994901 991622 
26 1.06557e+06 1.04849e+06 1.04986e+06 1.05482e+06 1.04682e+06 1.05081e+06 1.05492e+06 1.04772e+06 1.05949e+06 1.0538e+06 1.04793e+06 1.06144e+06 1.05222e+06 1.0512e+06 1.05485e+06 1.05519e+06 1.05031e+06 1.04456e+06 1.05237e+06 1.05241e+06 1.05447e+06 1.05012e+06 1.05474e+06 1.05322e+06 
27 949899 944155 946277 944097 950139 947938 940426 953291 956414 944464 952014 929577 948780 933963 948446 939064 956074 948137 965171 952363 940793 937102 944638 950064 
28 1.11112e+06 1.11533e+06 1.10647e+06 1.11947e+06 1.10682e+06 1.10619e+06 1.10744e+06 1.11559e+06 1.12858e+06 1.11242e+06 1.11346e+06 1.11219e+06 1.11915e+06 1.11636e+06 1.10868e+06 1.10817e+06 1.11226e+06 1.11147e+06 1.11102e+06 1.11032e+06 1.12103e+06 1.11822e+06 1.11298e+06 1.11493e+06 
29 951578 948411 939040 974138 951991 948090 958107 949816 949388 962353 944036 963864 944307 940628 938393 943409 946945 943241 952602 960278 949526 957890 955036 956131 
30 1.03926e+06 1.04121e+06 1.03792e+06 1.03988e+06 1.03564e+06 1.02733e+06 1.02868e+06 1.03704e+06 1.03769e+06 1.03658e+06 1.03665e+06 1.03606e+06 1.04388e+06 1.03231e+06 1.03147e+06 1.03235e+06 1.03366e+06 1.04117e+06 1.04334e+06 1.03529e+06 1.03313e+06 1.02708e+06 1.03558e+06 1.03505e+06 
31 838271 831034 838965 847014 833877 836706 837949 841405 848028 834848 836118 842845 833432 836854 832684 837500 840781 832403 838214 846481 831384 829507 835716 834632 
32 912913 893660 894281 913608 902578 893314 906243 902668 890623 900479 912813 900993 904632 900301 897949 909500 904334 909468 907348 903137 906049 888609 889318 894196 
33 943881 940950 936106 940964 935567 932665 935281 934153 940111 925523 931124 940298 929022 928068 932410 931612 929309 927259 938654 932888 944172 934892 934740 927414 
34 941411 929570 916327 916002 920035 916525 926919 929414 928951 930657 933404 939577 906222 927104 929272 910096 927622 925521 929849 941200 926599 927820 929744 919545 
35 1.04257e+06 1.03566e+06 1.03495e+06 1.03909e+06 1.04215e+06 1.03474e+06 1.03825e+06 1.03736e+06 1.0303e+06 1.03618e+06 1.04019e+06 1.03921e+06 1.03701e+06 1.03701e+06 1.03933e+06 1.03949e+06 1.03816e+06 1.03876e+06 1.04195e+06 1.04239e+06 1.03487e+06 1.03456e+06 1.04017e+06 1.03668e+06 
36 965170 953874 963269 965224 960115 956974 954761 959214 959660 966640 959298 964406 955870 964192 956057 958175 959985 963155 960623 960617 957096 962563 956167 954865 
37 1.02965e+06 1.0154e+06 1.04276e+06 1.04249e+06 1.03852e+06 1.03125e+06 1.04066e+06 1.0305e+06 1.03046e+06 1.03032e+06 1.03554e+06 1.0413e+06 1.01929e+06 1.04226e+06 1.03843e+06 1.04155e+06 1.0478e+06 1.03594e+06 1.0461e+06 1.03119e+06 1.03606e+06 1.03738e+06 1.04003e+06 1.04657e+06 
38 1.13704e+06 1.13177e+06 1.12245e+06 1.12557e+06 1.12018e+06 1.12434e+06 1.12947e+06 1.12749e+06 1.1319e+06 1.12235e+06 1.12125e+06 1.11992e+06 1.12422e+06 1.12855e+06 1.12914e+06 1.12849e+06 1.12529e+06 1.11853e+06 1.12048e+06 1.12152e+06 1.12476e+06 1.12375e+06 1.12358e+06 1.131e+06 
39 965872 964459 972210 960277 961702 956754 973173 958113 971152 969534 965208 965959 960515 958535 965446 969089 976597 967527 960096 975155 965005 955471 963964 958767 
40 870707 872059 849673 866548 869485 863302 876518 850120 862879 866476 873431 873543 866121 862663 862625 869773 860917 873094 847032 871810 861985 855417 863262 867460 
41 983406 976206 972220 979356 975623 975781 974899 973712 973044 970924 976780 980045 972456 975185 975535 970422 980542 981861 980799 981167 973460 968841 976497 972288 
42 1.0213e+06 1.00878e+06 1.01066e+06 1.01573e+06 993460 1.00583e+06 1.00494e+06 1.00894e+06 1.00576e+06 1.00266e+06 1.0039e+06 1.00727e+06 996750 998592 1.00147e+06 996333 1.01201e+06 1.00774e+06 1.00511e+06 1.0236e+06 1.00201e+06 999484 1.00109e+06 1.00989e+06 
43 1.0137e+06 1.02159e+06 1.02621e+06 1.0302e+06 1.01973e+06 1.02529e+06 1.01947e+06 1.02788e+06 1.02127e+06 1.02079e+06 1.02293e+06 1.02593e+06 1.02171e+06 1.01263e+06 1.02491e+06 1.02843e+06 1.02246e+06 1.02647e+06 1.02817e+06 1.03047e+06 1.02319e+06 1.01544e+06 1.02038e+06 1.02494e+06 
44 945289 929648 942619 940550 938856 934491 934108 933030 945615 932850 938660 937705 933841 933585 935839 940994 932732 944372 941958 931008 936356 936840 933986 940761 
45 1.03246e+06 1.02746e+06 1.03487e+06 1.03243e+06 1.02666e+06 1.02738e+06 1.02923e+06 1.02575e+06 1.02684e+06 1.02735e+06 1.03115e+06 1.03482e+06 1.02567e+06 1.03079e+06 1.02551e+06 1.03101e+06 1.0383e+06 1.02842e+06 1.02806e+06 1.03287e+06 1.02233e+06 1.0272e+06 1.02471e+06 1.03185e+06 
46 929754 933468 933808 931992 930552 929906 931971 931804 932894 934946 932788 933384 926912 927285 928760 931612 932262 931188 936015 933578 927843 930731 932212 932082 
47 834279 821011 824876 831388 819719 822383 829074 822884 833194 823838 827139 827475 820830 829504 825073 818663 822257 824900 825738 835112 824325 820419 827876 829377 
48 1.01642e+06 1.01832e+06 1.01151e+06 1.02182e+06 1.01744e+06 1.01676e+06 1.01588e+06 1.01575e+06 1.01445e+06 1.0188e+06 1.02041e+06 1.02062e+06 1.01288e+06 1.01783e+06 1.01476e+06 1.02187e+06 1.01546e+06 1.02453e+06 1.02187e+06 1.02168e+06 1.01232e+06 1.01269e+06 1.01817e+06 1.02036e+06 
49 898105 893368 904107 903689 898092 897694 896446 900257 890754 899285 893552 904168 896788 901962 899256 904535 895240 896877 904738 900347 888107 897634 903176 899405 
50 868776 870811 897717 891975 873303 867641 872251 875772 898538 871098 869678 870774 869022 865520 869900 866321 872645 864485 898344 871062 865754 869385 865830 874868 
51 909175 910438 918918 924054 905905 911108 910101 922295 917041 917024 913379 916577 920083 907292 916777 910481 916916 916550 916040 918294 918500 913259 911477 915034 
52 900520 885264 896358 892988 896437 883968 890271 891738 889767 885944 887916 893747 888532 887161 893201 887993 894552 888508 891950 890796 888038 888128 891024 891902 
53 958086 970723 965519 968262 959075 958975 965435 962895 967057 959922 966050 963919 965612 957934 962973 964674 960648 959379 966954 965065 956141 959185 965730 961780 
54 919430 924941 929882 925108 928501 924353 925650 930845 927121 924938 923344 931483 926374 925531 923765 928469 935289 925399 927450 929176 923766 925319 921315 931464 
55 951478 947779 946387 949677 952429 950437 949238 947719 952264 943107 945489 950640 943160 946672 943245 943127 949646 943877 945689 947790 941659 947984 942655 951590 
56 879738 877547 876995 880785 882001 871247 878043 878498 881504 880679 875241 880685 879446 881627 877509 881070 873610 881544 882703 880725 873440 871323 880496 884301 
57 776122 778835 777406 782513 786954 776244 775438 780256 777457 780305 778667 782644 773574 775394 776584 776371 773032 776502 776681 775818 779368 772994 773389 778017 
58 919657 912406 908760 910325 910164 909246 914341 914428 921874 910048 910479 916048 909983 909808 913755 913696 917787 913322 910806 917459 915541 914603 912127 912128 
59 917892 913445 912790 914904 914919 917506 925495 929604 920604 908624 916045 917273 908107 911805 912791 912474 916066 912533 917963 922478 908851 915964 926424 909517 
60 937527 938139 940384 936776 943200 939624 937270 938596 937371 940499 943047 946217 944468 939236 935661 938080 941591 937046 936985 944637 935466 938505 942720 938745 
