1 1.20027e+06 1.20065e+06 1.19132e+06 1.19743e+06 1.19016e+06 1.1948e+06 1.18559e+06 1.19239e+06 1.19061e+06 1.19747e+06 1.19413e+06 1.18243e+06 1.18971e+06 1.19392e+06 1.19415e+06 1.19051e+06 1.18857e+06 1.19086e+06 1.19908e+06 1.19597e+06 1.18612e+06 1.19463e+06 1.18734e+06 1.18598e+06 
2 986749 985308 984849 994510 982022 974209 981484 986663 978195 977312 981721 988443 980142 973887 987247 979746 983686 983713 985266 983639 984201 979812 976630 987960 
3 1.16306e+06 1.14169e+06 1.15861e+06 1.14829e+06 1.14651e+06 1.13838e+06 1.14026e+06 1.14737e+06 1.1447e+06 1.15519e+06 1.14431e+06 1.14926e+06 1.13905e+06 1.14648e+06 1.14592e+06 1.15364e+06 1.13815e+06 1.15249e+06 1.14407e+06 1.16025e+06 1.151e+06 1.14475e+06 1.14092e+06 1.14456e+06 
4 938228 936628 945651 949795 933780 951167 946129 943928 944921 938839 946349 953279 925608 936408 944219 935741 933019 943806 953878 940227 927431 936278 940861 913895 
5 1.04781e+06 1.05641e+06 1.0618e+06 1.05759e+06 1.04915e+06 1.05152e+06 1.05992e+06 1.05353e+06 1.04165e+06 1.06065e+06 1.05039e+06 1.04977e+06 1.04873e+06 1.0467e+06 1.0564e+06 1.04313e+06 1.04658e+06 1.05737e+06 1.0599e+06 1.0534e+06 1.04882e+06 1.04761e+06 1.05235e+06 1.05311e+06 
6 1.1414e+06 1.12469e+06 1.13496e+06 1.13495e+06 1.1409e+06 1.1274e+06 1.13088e+06 1.13358e+06 1.14325e+06 1.13851e+06 1.13807e+06 1.13979e+06 1.13199e+06 1.13746e+06 1.12766e+06 1.13198e+06 1.13221e+06 1.12579e+06 1.13463e+06 1.12709e+06 1.14013e+06 1.12627e+06 1.13136e+06 1.13098e+06 
7 1.12952e+06 1.1194e+06 1.12359e+06 1.12857e+06 1.11951e+06 1.11889e+06 1.11955e+06 1.1185e+06 1.124e+06 1.12396e+06 1.12769e+06 1.12908e+06 1.13496e+06 1.12719e+06 1.12083e+06 1.12586e+06 1.12651e+06 1.12956e+06 1.12203e+06 1.11811e+06 1.12192e+06 1.12775e+06 1.11875e+06 1.11547e+06 
8 1.22125e+06 1.23097e+06 1.2057e+06 1.21445e+06 1.20724e+06 1.21421e+06 1.21475e+06 1.23136e+06 1.23431e+06 1.20768e+06 1.21894e+06 1.22436e+06 1.21658e+06 1.20767e+06 1.21158e+06 1.22113e+06 1.2191e+06 1.21606e+06 1.21151e+06 1.20627e+06 1.20574e+06 1.21277e+06 1.21295e+06 1.21104e+06 
9 1.2197e+06 1.21742e+06 1.20607e+06 1.20824e+06 1.21895e+06 1.21531e+06 1.21813e+06 1.21684e+06 1.22266e+06 1.21477e+06 1.22014e+06 1.215e+06 1.21923e+06 1.21306e+06 1.20571e+06 1.21629e+06 1.21159e+06 1.21936e+06 1.21533e+06 1.21023e+06 1.21287e+06 1.20929e+06 1.20791e+06 1.21285e+06 
10 1.18223e+06 1.19122e+06 1.17198e+06 1.18661e+06 1.19583e+06 1.19312e+06 1.18288e+06 1.18173e+06 1.1871e+06 1.1895e+06 1.19129e+06 1.18977e+06 1.1891e+06 1.17979e+06 1.18965e+06 1.17917e+06 1.1931e+06 1.18531e+06 1.19073e+06 1.17911e+06 1.19236e+06 1.17319e+06 1.18213e+06 1.18403e+06 
11 999493 1.00117e+06 1.0081e+06 1.00435e+06 1.00338e+06 994427 1.00329e+06 999761 1.00442e+06 1.00361e+06 1.00495e+06 1.01162e+06 1.00017e+06 997034 1.0054e+06 1.00522e+06 1.00915e+06 1.00185e+06 1.00084e+06 1.0062e+06 1.00901e+06 1.00662e+06 1.00306e+06 1.00639e+06 
12 1.08203e+06 1.08058e+06 1.0914e+06 1.09801e+06 1.10141e+06 1.0774e+06 1.08624e+06 1.08501e+06 1.09548e+06 1.08947e+06 1.09772e+06 1.08825e+06 1.07268e+06 1.08389e+06 1.08319e+06 1.08492e+06 1.07622e+06 1.07645e+06 1.09412e+06 1.09382e+06 1.08707e+06 1.08029e+06 1.08637e+06 1.09287e+06 
13 1.21751e+06 1.19486e+06 1.20374e+06 1.19664e+06 1.21297e+06 1.20195e+06 1.20133e+06 1.20734e+06 1.21599e+06 1.202e+06 1.20668e+06 1.21636e+06 1.21826e+06 1.19248e+06 1.20124e+06 1.2025e+06 1.21164e+06 1.20408e+06 1.19506e+06 1.20745e+06 1.20557e+06 1.20267e+06 1.19796e+06 1.19506e+06 
14 1.08906e+06 1.0684e+06 1.07212e+06 1.08252e+06 1.08761e+06 1.07773e+06 1.07374e+06 1.07339e+06 1.08984e+06 1.07307e+06 1.07918e+06 1.08362e+06 1.07442e+06 1.06931e+06 1.07792e+06 1.06814e+06 1.07513e+06 1.06975e+06 1.073e+06 1.08263e+06 1.07741e+06 1.0706e+06 1.07007e+06 1.07522e+06 
15 966464 936885 944204 943210 958736 950463 936616 950588 947762 937661 941638 946924 955754 937654 945342 945867 944160 948171 954253 944322 958612 948491 944064 941843 
16 974053 959121 969090 970973 971905 959446 962392 966244 973112 964538 968169 959593 959644 965647 962135 966596 978466 959710 972011 972734 957479 954938 962064 969610 
17 1.07735e+06 1.05495e+06 1.07204e+06 1.06822e+06 1.03829e+06 1.05809e+06 1.0322e+06 1.06916e+06 1.04183e+06 1.0492e+06 1.07182e+06 1.07166e+06 1.03631e+06 1.05959e+06 1.0562e+06 1.06055e+06 1.07484e+06 1.07162e+06 1.06904e+06 1.05133e+06 1.05127e+06 1.04461e+06 1.05978e+06 1.03127e+06 
18 872820 884742 888346 888567 881298 877995 883032 885161 874556 887132 869333 890726 877762 882558 886076 887101 876965 888136 891236 886935 881679 887310 887683 868015 
19 1.08837e+06 1.07795e+06 1.08087e+06 1.08156e+06 1.08804e+06 1.07601e+06 1.07761e+06 1.0757e+06 1.07989e+06 1.08007e+06 1.07495e+06 1.08552e+06 1.07799e+06 1.06752e+06 1.07137e+06 1.0804e+06 1.08884e+06 1.08804e+06 1.07616e+06 1.07936e+06 1.0786e+06 1.07727e+06 1.07789e+06 1.08215e+06 
20 1.13304e+06 1.13701e+06 1.13542e+06 1.13248e+06 1.13551e+06 1.13624e+06 1.13819e+06 1.13769e+06 1.13422e+06 1.13794e+06 1.13893e+06 1.13885e+06 1.13589e+06 1.13178e+06 1.13685e+06 1.14179e+06 1.14167e+06 1.13073e+06 1.13385e+06 1.13897e+06 1.13108e+06 1.12939e+06 1.13279e+06 1.13822e+06 
21 842295 833281 840967 839106 839128 840358 833364 832918 831055 833211 835148 827647 836735 826507 829647 834796 840274 838423 831108 837621 836177 831340 832726 835275 
22 1.008e+06 1.02186e+06 1.0154e+06 1.01311e+06 1.02689e+06 1.00604e+06 1.0064e+06 1.0179e+06 1.02468e+06 1.02601e+06 1.01685e+06 1.02753e+06 1.01914e+06 1.02018e+06 1.01983e+06 1.01267e+06 1.01736e+06 1.00358e+06 1.02164e+06 1.01793e+06 1.01236e+06 1.0136e+06 1.01246e+06 1.02437e+06 
23 970404 979975 976867 970046 969736 974030 969244 975091 969153 965917 969467 976665 964768 966536 976639 970596 979117 967364 974587 972029 968879 970894 966601 972920 
24 892848 894359 895928 899261 896109 896944 895048 894333 897139 886987 898113 897824 902234 885227 895344 895321 899647 896581 900907 893626 889112 894003 894471 900948 
25 997485 993072 992650 998715 997368 991423 992862 994334 1.00135e+06 992807 996583 995404 993820 992038 992733 996810 1.00213e+06 990423 992600 992732 1.00047e+06 993366 996165 992689 
26 1.05664e+06 1.04726e+06 1.06534e+06 1.05876e+06 1.04521e+06 1.05247e+06 1.05138e+06 1.05339e+06 1.04801e+06 1.05005e+06 1.04934e+06 1.05735e+06 1.04998e+06 1.0551e+06 1.05766e+06 1.05586e+06 1.04632e+06 1.05427e+06 1.04113e+06 1.04542e+06 1.05433e+06 1.04718e+06 1.0495e+06 1.05424e+06 
27 948019 947124 956533 949775 933733 943124 937992 945489 946980 947779 952085 938248 947671 940265 946157 946462 945928 946900 955765 959370 936961 944971 939058 945307 
28 1.11564e+06 1.10294e+06 1.11895e+06 1.11976e+06 1.11373e+06 1.10679e+06 1.10974e+06 1.11573e+06 1.11336e+06 1.12381e+06 1.11426e+06 1.12451e+06 1.10858e+06 1.10951e+06 1.1174e+06 1.11103e+06 1.13081e+06 1.11311e+06 1.11972e+06 1.11346e+06 1.11498e+06 1.10311e+06 1.10965e+06 1.11338e+06 
29 963590 954140 962726 959780 946363 944596 946461 960594 964295 936395 941380 958831 943655 958627 953429 941102 938735 950512 955177 956231 946907 943357 958286 961065 
30 1.03895e+06 1.03534e+06 1.03617e+06 1.03971e+06 1.0404e+06 1.03091e+06 1.03377e+06 1.03563e+06 1.03669e+06 1.0332e+06 1.03951e+06 1.03826e+06 1.03755e+06 1.04144e+06 1.03739e+06 1.03082e+06 1.0344e+06 1.02666e+06 1.03556e+06 1.04708e+06 1.03825e+06 1.03136e+06 1.03317e+06 1.03578e+06 
31 834665 841801 832031 838718 838451 830327 835008 841477 832328 839019 838296 835717 839096 831218 836793 838013 830158 832941 839783 836063 833271 837808 838551 838877 
32 904048 898103 895806 914361 896858 890131 911116 888454 900203 887401 891868 908683 889262 892231 899899 902461 898601 892678 908671 905437 893665 892745 892824 900672 
33 940170 937294 937268 934061 945853 928197 936150 934317 958734 944859 927452 941011 930846 936866 930411 938616 944500 928122 944350 933458 930045 933234 931247 939628 
34 922291 931312 928811 927854 914577 920846 934070 928617 926642 936722 924215 925720 929041 929740 924956 928569 933879 919433 934716 923664 906229 921851 925792 929472 
35 1.04946e+06 1.03855e+06 1.04526e+06 1.04034e+06 1.03319e+06 1.03504e+06 1.04125e+06 1.03553e+06 1.0387e+06 1.03619e+06 1.03668e+06 1.03731e+06 1.03494e+06 1.03475e+06 1.0367e+06 1.03789e+06 1.04152e+06 1.04234e+06 1.03654e+06 1.03736e+06 1.03291e+06 1.03731e+06 1.03935e+06 1.0403e+06 
36 958595 955006 961484 965357 958186 962569 953046 960044 958744 960406 958846 958686 959484 957308 962845 959932 958091 960375 957029 963719 958637 959323 961701 959174 
37 1.04416e+06 1.03003e+06 1.03226e+06 1.03848e+06 1.03121e+06 1.03234e+06 1.03868e+06 1.0328e+06 1.0245e+06 1.03652e+06 1.03862e+06 1.03461e+06 1.03193e+06 1.03519e+06 1.0443e+06 1.03896e+06 1.03126e+06 1.04136e+06 1.04637e+06 1.04902e+06 1.03702e+06 1.03664e+06 1.03767e+06 1.03681e+06 
38 1.12659e+06 1.12421e+06 1.12606e+06 1.12518e+06 1.12778e+06 1.13295e+06 1.12915e+06 1.12666e+06 1.13064e+06 1.13377e+06 1.12683e+06 1.1297e+06 1.13116e+06 1.12145e+06 1.12273e+06 1.12529e+06 1.12291e+06 1.12749e+06 1.12738e+06 1.13768e+06 1.12402e+06 1.12739e+06 1.12452e+06 1.12397e+06 
39 951993 959694 968757 966026 958526 970775 960178 957276 966664 954549 969903 965654 955575 967288 963728 967504 968706 970134 966093 967089 964165 955374 958692 957689 
40 867775 873312 870684 864991 858438 858781 860279 852363 855748 867260 863980 869225 870041 872178 849764 864409 877269 866814 865806 869696 862698 861585 863472 859456 
41 975622 971768 970663 984795 974946 969325 966401 976066 977801 974752 975544 979047 973535 974849 977061 978649 976117 975733 979769 974793 971951 976254 972467 975030 
42 1.00446e+06 1.00087e+06 1.01323e+06 1.01357e+06 995004 993298 1.00724e+06 1.00502e+06 998437 1.00527e+06 1.00608e+06 1.00199e+06 1.00441e+06 1.0019e+06 1.00793e+06 1.0054e+06 1.00546e+06 1.00349e+06 1.0029e+06 1.01123e+06 997399 1.00651e+06 1.00348e+06 1.0081e+06 
43 1.02081e+06 1.01216e+06 1.02978e+06 1.02519e+06 1.0189e+06 1.02374e+06 1.02395e+06 1.02169e+06 1.02517e+06 1.02406e+06 1.02144e+06 1.02626e+06 1.01936e+06 1.01955e+06 1.02565e+06 1.02657e+06 1.02341e+06 1.0279e+06 1.02776e+06 1.03136e+06 1.01767e+06 1.01795e+06 1.02123e+06 1.02614e+06 
44 928061 927213 939154 942875 937047 935176 941508 941514 945331 940984 941648 940328 943307 936241 934542 937229 942275 933723 935132 939558 938246 933597 929051 938694 
45 1.03021e+06 1.03249e+06 1.02842e+06 1.03006e+06 1.03201e+06 1.02866e+06 1.03345e+06 1.02956e+06 1.03125e+06 1.03284e+06 1.03858e+06 1.02409e+06 1.02522e+06 1.02492e+06 1.02304e+06 1.03064e+06 1.02555e+06 1.03641e+06 1.02587e+06 1.03224e+06 1.03609e+06 1.0345e+06 1.02902e+06 1.03321e+06 
46 924568 933214 929398 932516 925337 926801 928915 933939 928014 927709 937149 928960 928732 930912 929650 932613 934415 930783 932427 934354 929546 929214 925683 930980 
47 824397 825924 829169 822602 821834 821195 823911 824158 829817 826325 825648 831293 830438 821746 820995 825080 834730 827080 826133 835308 830863 821943 828056 827965 
48 1.01624e+06 1.01494e+06 1.02179e+06 1.02398e+06 1.01606e+06 1.01597e+06 1.02221e+06 1.0191e+06 1.02958e+06 1.01223e+06 1.02058e+06 1.0233e+06 1.01545e+06 1.0187e+06 1.01546e+06 1.02245e+06 1.01837e+06 1.01705e+06 1.02278e+06 1.0233e+06 1.01963e+06 1.01879e+06 1.02325e+06 1.01819e+06 
49 889217 883880 890800 902704 894004 889840 894404 890297 906858 898669 903416 899887 894926 902158 892675 902647 893794 897080 903041 905211 897808 887609 890200 904460 
50 872356 866398 871114 881469 867503 886034 872586 876741 869305 872399 878630 872672 886104 867496 872567 871684 878802 872094 886722 869286 871547 868560 871713 871902 
51 918613 902865 914681 927152 912171 909987 917613 915570 922022 918407 910238 916079 912190 904869 916216 916225 924805 908476 912493 913064 922190 909145 913837 918691 
52 891726 889188 892538 889255 887548 888951 888674 883562 886665 889505 889165 888655 894902 884732 887240 890001 901008 885524 890316 891507 886171 886223 892160 889429 
53 955020 970234 964199 964940 956338 962111 959810 965394 959933 965752 963377 962231 965490 960180 966515 962511 960776 968482 972040 969921 961783 962061 965018 962348 
54 928986 927000 929179 929335 920149 927218 924966 923499 929416 920672 928227 935923 921396 921211 926159 931132 925089 924510 926078 932357 917638 923346 925035 930356 
55 952238 945900 949597 950386 941196 945397 947288 951702 949764 952920 949283 950238 947615 947112 944027 948721 950555 946868 952010 946572 943322 941889 948947 949594 
56 884802 874908 882990 885811 876010 882457 877185 878207 883588 881749 872667 878563 875700 877362 880807 882739 882461 880393 875239 878321 886768 873908 874784 878410 
57 789172 775689 780498 782011 776140 777768 774486 776843 778643 777213 786948 779445 773375 776767 779711 776395 780680 777067 775385 780846 774788 778747 774605 774196 
58 913884 912576 914726 914623 913156 910349 910850 911893 919159 912354 919643 911821 917659 917263 916648 917008 915248 911824 912322 916855 915719 910453 913588 916129 
59 916637 919121 914286 918881 913011 918604 916448 915191 911210 914003 931344 911480 911088 910910 908145 922142 924968 921792 914861 916946 908478 913671 916536 920923 
60 943210 941929 938931 944709 941529 933731 939245 940650 940021 944280 947264 943062 943356 940908 940859 944721 954838 939129 938979 940645 940998 939222 939065 939792 
