1 1 0.5
10
3
24 76 26 5 45 46 45 65 23 88
385 410 336 375 270 413 282 388 350 141
2 69 19 4 13 9 32 31 4 50
1.1 3.6 3 3.8 2.9 3.6 2.8 2.4 3.4 4
105 135 113
1050 1350 1130
0 274 222 188 257 183 236 208 213 250 30
274 0 332 90 471 277 187 385 472 154 259
222 332 0 253 173 57 407 429 389 403 195
188 90 253 0 382 197 183 330 394 165 170
257 471 173 382 0 208 490 422 319 498 246
183 277 57 197 208 0 352 391 371 347 154
236 187 407 183 490 352 0 233 364 38 243
208 385 429 330 422 391 233 0 162 269 237
213 472 389 394 319 371 364 162 0 395 241
250 154 403 165 498 347 38 269 395 0 253
30 259 195 170 246 154 243 237 241 253 0

