1 1.5 0.5
100
5
19 26 48 94 80 21 77 68 12 54 53 13 75 75 69 6 32 64 96 59 72 28 29 87 98 37 80 26 84 70 18 1 94 65 93 74 84 70 40 93 22 92 6 96 68 74 3 97 39 96 54 9 24 83 95 22 20 73 45 2 42 62 1 36 26 93 10 8 63 49 1 83 40 7 79 8 80 79 3 17 75 55 23 96 38 16 17 55 89 61 55 31 22 53 66 45 46 73 52 7
492 1080 939 445 950 763 982 1323 1215 646 467 718 1412 1365 993 707 309 862 441 697 1149 679 628 511 1029 870 973 426 409 890 495 666 757 946 1049 588 560 1192 1132 513 629 487 1015 839 915 1160 1250 1084 638 1126 1261 671 733 872 653 853 796 484 995 772 1161 490 809 700 1130 1110 923 438 1126 894 136 840 601 746 972 1095 1255 826 929 551 665 1242 943 325 1055 1206 360 830 345 1039 538 561 474 534 624 593 823 1054 822 1049
11 14 8 62 59 19 9 42 11 38 25 6 32 5 38 1 11 30 2 41 8 12 5 9 57 13 7 9 77 18 9 1 17 10 39 18 57 13 33 41 12 27 1 40 24 45 1 74 28 21 16 5 9 82 69 19 18 51 8 1 8 42 1 2 23 26 7 6 45 43 1 20 32 3 29 7 21 19 2 4 4 13 8 28 13 6 6 13 7 16 14 22 12 32 47 4 30 60 20 7
1.7 4 2.2 3.4 3.6 1.1 4.4 3.8 1.7 4.7 1 1 2.5 1.2 3.8 2.7 3.9 2.6 2.5 2.6 4.6 2.6 4.5 3.8 3.9 4.2 1.6 4.6 3.5 4.2 1.2 4.4 3.3 2.4 2.7 1.8 2.7 2.3 4.8 3.4 2.1 4.9 3.6 3.7 1 2.3 1.5 4.1 4.2 3 1.6 3.9 4.8 1.1 2.8 3.7 4.5 3.4 3.4 2.9 2.7 3.6 2.4 5 5 4.2 1.9 2.7 1.6 1.7 1.2 2.7 1.7 3.9 1.5 1.7 1.3 2 4.8 4.5 4.3 1.6 3.5 4 1.7 1.2 2.8 1.1 3.8 1.1 3.3 1.4 3.7 4.7 1.3 3.9 4 2.3 1.7 4.6
596 598 542 580 611
59600 59800 54200 58000 61100
0 292 448 306 329 341 431 239 431 397 426 306 444 460 449 267 393 168 444 190 350 357 208 492 173 440 431 158 355 111 429 367 468 182 379 329 389 128 316 478 295 409 108 412 378 332 308 491 489 261 433 463 258 409 308 185 386 366 263 338 331 420 336 428 213 454 400 456 118 463 437 125 397 263 202 367 259 431 438 133 263 461 464 285 189 194 472 260 146 132 366 225 331 359 263 240 469 487 420 330 456
292 0 688 304 607 153 343 254 663 445 135 204 719 733 263 506 478 172 176 252 342 160 245 450 371 161 183 425 461 188 667 575 594 125 578 40 645 252 82 236 504 283 286 257 244 220 83 784 595 254 557 541 384 683 574 218 672 242 433 73 328 457 87 170 294 590 483 730 317 661 367 418 689 548 290 543 353 687 610 213 237 186 551 548 463 326 758 392 190 391 194 301 104 651 219 392 521 275 505 282 374
448 688 0 747 454 780 582 467 637 404 795 754 145 143 693 184 346 516 778 445 474 658 654 547 560 849 745 461 320 549 624 131 277 563 140 728 556 573 740 771 603 615 544 645 826 578 733 392 319 707 279 363 659 502 492 633 208 814 268 699 769 833 757 754 649 257 791 148 536 719 563 359 373 238 411 687 677 577 183 475 500 873 840 495 448 614 466 322 593 476 809 659 759 355 516 631 406 744 806 777 584
306 304 747 0 465 194 621 466 439 662 408 113 717 733 566 571 673 355 471 433 582 460 101 715 211 341 485 316 641 239 449 674 764 315 685 308 454 178 244 539 287 571 203 552 141 496 237 679 780 56 728 744 140 519 414 133 643 129 563 378 27 152 259 471 99 753 182 728 212 404 639 391 585 533 463 285 101 491 744 360 471 346 248 388 348 141 618 549 187 287 179 90 235 556 459 169 739 579 204 49 651
329 607 454 465 0 604 740 548 182 650 743 537 348 362 776 367 619 497 771 500 641 687 417 776 262 734 760 182 577 419 169 469 637 509 487 639 102 365 607 807 201 729 327 737 596 655 599 216 674 457 614 678 329 80 56 422 262 583 464 663 474 475 628 756 380 617 413 355 297 268 739 230 130 231 496 268 365 130 564 458 579 750 439 77 144 332 155 498 423 216 612 383 615 117 582 298 702 816 418 512 760
341 153 780 194 604 0 497 391 616 588 220 82 786 801 410 596 616 289 290 376 490 311 188 603 343 147 313 429 593 232 623 681 726 237 687 136 617 243 72 364 457 436 282 408 93 374 70 804 731 163 688 682 315 670 560 182 725 93 547 216 211 334 76 296 233 719 376 797 309 593 521 461 707 604 413 472 276 657 730 318 380 154 439 533 466 279 760 514 197 394 40 234 52 673 364 334 666 412 397 155 527
431 343 582 621 740 497 0 193 862 190 349 539 678 688 141 454 249 281 288 242 111 193 534 112 593 454 245 587 264 406 859 451 365 309 443 367 814 493 425 238 724 67 506 106 587 125 427 843 344 565 337 277 652 820 730 499 673 584 330 289 647 772 427 263 573 372 780 688 531 893 30 510 765 572 244 790 634 856 429 301 168 479 850 711 613 583 859 276 448 564 537 584 447 727 172 646 238 188 803 611 30
239 254 467 466 548 391 193 0 669 199 334 407 533 545 244 304 225 111 311 49 117 191 370 257 406 408 278 393 207 232 666 342 340 158 341 292 621 316 328 307 534 182 321 198 469 119 325 667 341 410 303 291 473 629 537 336 510 462 198 241 493 610 339 286 401 336 608 544 344 702 198 319 584 398 61 602 461 662 362 114 35 434 677 517 420 404 674 148 281 371 429 413 351 545 49 463 277 292 630 468 217
431 663 637 439 182 616 862 669 0 800 795 538 528 541 874 539 777 594 837 620 774 774 432 914 292 760 835 275 734 488 17 645 808 591 664 686 81 411 640 887 160 840 381 840 581 761 631 348 842 453 782 840 302 156 151 450 442 568 623 729 437 389 660 828 384 789 319 534 350 94 866 370 291 410 625 162 342 81 740 563 694 770 317 161 252 342 253 648 473 298 612 381 641 292 694 281 860 906 315 488 886
397 445 404 662 650 588 190 199 800 0 497 607 516 523 324 309 59 310 451 228 108 335 563 145 571 588 411 530 86 424 794 275 175 357 264 479 739 500 523 416 686 242 498 280 668 244 521 711 160 606 146 98 651 726 654 529 526 661 189 415 689 800 531 425 589 182 791 525 514 849 166 429 646 446 200 763 645 776 240 302 208 614 858 640 547 584 745 152 474 517 628 601 546 611 225 637 78 374 813 666 185
426 135 795 408 743 220 349 334 795 497 0 297 840 854 225 619 542 285 76 349 389 163 369 462 505 112 111 561 534 324 799 675 663 248 675 108 779 386 164 152 635 282 421 244 309 253 172 917 656 366 628 595 507 818 709 345 798 312 530 96 428 554 149 92 418 663 591 851 452 788 378 550 823 676 385 668 473 822 696 330 307 133 656 684 599 454 894 482 324 527 252 424 173 785 289 519 567 209 613 374 376
306 204 754 113 537 82 539 407 538 607 297 0 746 761 468 571 627 297 362 383 516 364 120 640 275 229 380 368 600 208 546 665 730 249 673 200 543 191 135 432 380 483 228 460 71 413 129 743 740 84 692 696 235 600 490 126 680 60 539 276 131 257 147 364 159 721 295 757 250 512 560 416 647 561 418 391 196 582 723 316 404 235 359 464 405 206 693 514 161 335 75 158 123 614 390 257 685 477 316 78 570
444 719 145 717 348 786 678 533 528 516 840 746 0 16 773 229 463 554 835 500 567 721 634 661 513 876 808 407 429 555 513 244 414 594 259 759 446 555 757 840 525 700 521 726 816 651 750 249 456 685 409 492 609 381 395 619 86 803 348 744 735 779 776 813 618 393 728 11 505 616 664 329 244 185 472 604 634 460 320 509 568 899 768 404 383 577 330 404 590 431 809 627 774 236 581 578 532 823 739 753 686
460 733 143 733 362 801 688 545 541 523 854 761 16 0 785 241 469 568 848 513 577 733 650 668 529 891 820 423 436 570 526 250 416 609 264 773 459 571 772 852 540 711 537 737 832 662 765 255 458 701 413 497 625 393 410 635 101 819 358 758 752 795 791 826 634 395 744 7 522 630 673 345 256 201 484 619 650 472 322 523 580 914 784 419 399 593 339 414 605 447 825 643 789 249 593 594 537 834 755 769 694
449 263 693 566 776 410 141 244 874 324 225 468 773 785 0 544 380 281 154 286 225 106 494 249 588 336 114 606 387 389 874 563 500 284 558 274 838 474 339 96 723 82 496 48 503 125 343 909 482 513 470 416 626 856 757 461 754 503 428 194 590 719 335 133 539 505 739 784 526 889 171 552 824 642 305 777 601 880 555 317 209 359 809 734 639 560 910 373 418 578 449 548 358 785 199 627 379 51 762 545 163
267 506 184 571 367 596 454 304 539 309 619 571 229 241 544 0 266 336 609 274 343 493 474 451 397 667 580 311 226 365 529 112 270 381 128 547 466 394 556 612 467 472 368 497 643 422 550 401 306 527 247 316 496 436 388 452 219 631 125 523 594 669 573 586 474 250 635 240 365 608 442 199 340 142 243 552 509 498 203 293 339 691 690 381 309 444 440 178 410 318 625 485 575 307 352 470 347 594 651 597 464
393 478 346 673 619 616 249 225 777 59 542 627 463 469 380 266 0 330 500 244 157 382 573 200 565 628 461 514 42 434 770 220 122 380 207 515 712 505 554 470 672 297 498 334 692 291 551 667 116 619 89 70 650 694 628 540 479 684 155 456 700 806 564 475 595 125 792 471 511 831 225 407 606 406 210 751 648 748 181 314 242 654 857 616 527 584 706 134 486 504 654 607 576 572 260 633 83 430 813 682 244
168 172 516 355 497 289 281 111 594 310 285 297 554 568 281 336 330 0 288 87 227 190 260 363 314 333 268 325 305 125 594 403 437 52 407 212 556 212 233 312 448 247 225 246 361 168 229 646 444 299 399 398 370 577 476 225 514 353 263 190 382 500 247 268 294 430 502 566 252 616 294 280 556 393 124 509 355 599 443 45 117 357 571 453 358 301 637 226 171 297 326 306 255 517 109 364 388 318 524 356 309
444 176 778 471 771 290 288 311 837 451 76 362 835 848 154 609 500 288 0 335 344 121 421 399 545 187 42 590 498 354 841 653 623 262 651 163 815 426 227 76 679 221 457 181 381 210 234 933 611 425 589 548 560 848 741 394 801 383 509 108 492 620 216 25 470 624 653 846 489 837 317 565 841 680 367 719 528 858 664 333 278 208 720 716 627 502 917 458 364 558 325 477 240 802 262 568 516 134 675 441 313
190 252 445 433 500 376 242 49 620 228 349 383 500 513 286 274 244 87 335 0 161 220 334 303 359 411 307 344 217 195 617 326 349 139 328 292 572 274 319 341 486 229 277 242 448 160 315 623 357 378 312 313 430 580 488 301 472 440 182 254 460 572 332 313 362 343 567 511 298 653 247 271 538 357 38 555 420 613 358 73 79 437 635 468 371 361 627 140 246 322 413 374 341 499 86 419 306 332 589 438 266
350 342 474 582 641 490 111 117 774 108 389 516 567 577 225 343 157 227 344 161 0 227 487 142 520 481 304 499 161 350 770 342 279 268 335 375 721 433 422 313 645 143 438 178 574 136 421 735 268 525 246 206 590 720 636 452 562 568 219 308 609 727 429 318 519 282 726 577 459 812 100 412 659 463 149 716 578 761 330 231 112 507 794 618 522 521 754 165 398 479 530 531 445 622 126 580 180 276 748 580 122
357 160 658 460 687 311 193 191 774 335 163 364 721 733 106 493 382 190 121 220 227 0 387 305 486 262 87 512 377 287 775 532 504 183 530 177 743 370 239 123 622 127 395 96 404 91 242 834 495 406 469 433 520 766 664 355 692 402 389 97 485 613 238 96 433 505 633 732 425 787 220 469 745 574 249 673 495 785 543 232 158 287 702 640 546 455 827 337 313 482 351 442 260 706 142 522 404 132 656 441 222
208 245 654 101 417 188 534 370 432 563 369 120 634 650 494 474 573 260 421 334 487 387 0 623 155 328 427 248 540 139 438 576 663 225 586 261 428 81 209 481 271 488 112 474 185 411 200 622 679 53 627 643 139 482 372 34 564 172 462 317 127 239 228 416 49 651 247 645 131 419 550 304 526 448 363 299 108 469 643 261 377 340 317 345 284 90 573 448 89 215 194 56 209 493 367 151 640 514 270 123 563
492 450 547 715 776 603 112 257 914 145 462 640 661 668 249 451 200 363 399 303 142 305 623 0 662 567 357 639 232 488 910 420 296 399 408 476 859 573 532 345 787 180 579 218 692 229 533 852 266 658 277 200 730 854 774 588 670 688 327 400 741 862 536 375 657 309 865 670 601 954 84 548 783 583 290 858 717 898 376 372 245 592 934 757 661 661 881 282 534 621 644 669 555 747 255 721 155 290 887 709 86
173 371 560 211 262 343 593 406 292 571 505 275 513 529 588 397 565 314 545 359 520 486 155 662 0 479 543 106 526 199 295 508 632 303 522 396 276 119 355 595 136 562 91 558 335 482 346 471 656 195 598 635 99 326 216 164 435 321 426 437 225 273 375 535 118 616 237 523 62 302 603 201 376 332 375 196 121 318 590 292 425 493 297 190 137 70 418 431 181 83 350 123 359 345 421 72 642 618 255 254 620
440 161 849 341 734 147 454 408 760 588 112 229 876 891 336 667 628 333 187 411 481 262 328 567 479 0 223 554 614 329 767 736 746 285 739 120 756 369 127 263 600 387 407 351 220 347 135 924 744 310 710 686 461 804 694 315 825 226 593 172 356 475 106 204 376 744 521 888 436 740 482 565 828 702 449 619 423 797 768 374 386 26 583 667 592 419 889 551 312 519 167 379 120 792 368 479 661 322 542 300 483
431 183 745 485 760 313 245 278 835 411 111 380 808 820 114 580 461 268 42 307 304 87 427 357 543 223 0 581 460 347 837 619 583 250 617 179 809 425 245 53 679 179 454 139 405 172 251 915 571 436 550 507 565 838 733 398 777 406 477 109 508 636 237 19 475 585 665 819 485 840 275 548 824 658 337 723 535 852 627 312 245 245 733 708 617 505 903 424 364 549 349 483 261 785 229 572 474 100 688 459 271
158 425 461 316 182 429 587 393 275 530 561 368 407 423 606 311 514 325 590 344 499 512 248 639 106 554 581 0 472 237 272 424 564 331 439 457 231 186 427 630 159 567 147 570 433 490 418 375 593 294 533 581 202 257 151 246 329 419 364 482 332 374 447 577 220 546 329 417 119 318 591 113 279 228 349 242 227 274 512 291 419 570 380 128 38 174 335 381 242 34 441 226 435 245 420 171 595 643 344 357 610
355 461 320 641 577 593 264 207 734 86 534 600 429 436 387 226 42 305 498 217 161 377 540 232 526 614 460 472 0 403 727 190 133 356 180 499 669 470 533 474 631 305 461 340 666 287 530 627 140 587 96 109 613 651 586 508 440 657 112 445 667 771 545 472 560 129 755 438 473 790 243 365 565 365 181 711 612 705 168 284 228 640 819 573 485 548 664 95 454 463 631 572 556 530 246 595 125 438 775 651 264
111 188 549 239 419 232 406 232 488 424 324 208 555 570 389 365 434 125 354 195 350 287 139 488 199 329 347 237 403 0 490 457 528 104 465 222 462 87 205 398 335 368 108 360 279 288 197 597 542 184 491 505 245 495 387 106 498 268 332 245 265 377 225 341 169 518 376 566 138 500 419 236 501 375 224 389 229 504 516 122 243 349 445 362 275 177 569 312 51 204 259 181 219 464 235 241 501 419 398 249 434
429 667 624 449 169 623 859 666 17 794 799 546 513 526 874 529 770 594 841 617 770 775 438 910 295 767 837 272 727 490 0 635 799 592 653 691 67 414 646 889 166 838 383 840 590 760 637 331 833 461 773 832 311 139 142 455 427 577 615 732 448 403 665 830 391 779 333 519 352 111 863 364 275 398 621 175 350 64 729 562 692 777 333 153 248 348 236 642 476 297 620 389 647 277 692 288 853 907 329 498 883
367 575 131 674 469 681 451 342 645 275 675 665 244 250 563 112 220 403 653 326 342 532 576 420 508 736 619 424 190 457 635 0 178 453 18 615 570 496 633 642 579 484 473 515 736 450 628 466 219 628 167 248 606 532 494 550 273 725 144 579 698 778 649 628 579 157 746 252 472 717 432 311 421 237 289 664 618 599 95 366 374 761 802 490 421 552 521 195 504 429 713 591 654 393 390 581 288 614 763 697 454
468 594 277 764 637 726 365 340 808 175 663 730 414 416 500 270 122 437 623 349 279 504 663 296 632 746 583 564 133 528 799 178 0 489 160 632 736 589 666 592 724 417 576 455 797 413 663 644 42 712 37 95 724 705 657 633 451 788 205 576 791 888 678 597 679 21 867 420 584 873 338 451 599 409 313 806 727 768 94 414 360 772 928 649 569 662 699 216 580 561 763 691 689 569 378 703 141 550 886 778 356
182 125 563 315 509 237 309 158 591 357 248 249 594 609 284 381 380 52 262 139 268 183 225 399 303 285 250 331 356 104 592 453 489 0 458 165 560 191 181 299 439 265 212 256 311 186 177 671 495 258 451 448 347 588 483 190 550 304 314 157 342 463 196 247 264 482 471 606 242 605 325 303 578 427 176 494 326 603 495 88 156 309 541 459 366 279 654 278 139 300 274 275 203 540 144 345 436 315 494 312 338
379 578 140 685 487 687 443 341 664 264 675 673 259 264 558 128 207 407 651 328 335 530 586 408 522 739 617 439 180 465 653 18 160 458 0 619 588 507 639 638 596 478 485 510 744 446 633 484 201 639 150 232 620 551 512 560 291 733 145 580 710 792 654 626 591 138 760 267 485 735 423 326 439 256 291 680 631 617 76 371 372 764 817 507 437 565 539 193 514 444 720 603 659 412 389 595 273 609 778 708 444
329 40 728 308 639 136 367 292 686 479 108 200 759 773 274 547 515 212 163 292 375 177 261 476 396 120 179 457 499 222 691 615 632 165 619 0 672 279 66 232 526 304 314 274 229 248 71 819 631 261 595 576 400 713 603 237 711 229 473 80 329 457 61 164 310 628 489 770 345 679 392 455 724 587 329 560 367 714 650 253 273 145 556 577 495 346 791 432 217 422 175 316 84 687 255 411 554 277 511 279 397
389 645 556 454 102 617 814 621 81 739 779 543 446 459 838 466 712 556 815 572 721 743 428 859 276 756 809 231 669 462 67 570 736 560 588 672 0 393 632 859 167 798 358 801 593 721 623 275 772 458 712 773 314 81 84 441 360 580 557 707 458 431 652 803 384 716 363 452 327 173 816 310 211 333 573 206 353 42 665 522 649 769 374 104 201 338 185 586 455 260 618 384 636 210 651 287 795 874 364 503 836
128 252 573 178 365 243 493 316 411 500 386 191 555 571 474 394 505 212 426 274 433 370 81 573 119 369 425 186 470 87 414 496 589 191 507 279 393 0 242 477 253 456 38 447 260 376 233 560 608 134 553 575 158 436 326 64 489 247 386 318 203 301 263 417 90 577 292 567 67 416 506 226 463 371 299 303 145 435 565 201 329 385 361 299 224 89 520 376 62 151 259 102 250 429 322 154 576 502 314 204 521
316 82 740 244 607 72 425 328 640 523 164 135 757 772 339 556 554 233 227 319 422 239 209 532 355 127 245 427 533 205 646 633 666 181 639 66 632 242 0 297 480 364 280 336 164 303 8 797 670 202 629 618 346 678 568 191 703 163 495 145 265 393 20 229 258 661 427 769 310 627 449 441 701 580 357 507 311 674 676 267 314 145 493 542 465 298 762 459 185 392 112 262 23 665 298 361 600 343 449 214 455
478 236 771 539 807 364 238 307 887 416 152 432 840 852 96 612 470 312 76 341 313 123 481 345 595 263 53 630 474 398 889 642 592 299 638 232 859 477 297 0 731 175 505 136 455 192 303 957 576 490 560 510 619 886 782 452 814 457 502 163 561 690 288 68 529 596 719 851 536 893 267 592 868 697 368 776 589 902 642 355 272 283 787 758 665 558 949 448 417 599 399 537 313 829 259 625 474 60 741 511 259
295 504 603 287 201 457 724 534 160 686 635 380 525 540 723 467 672 448 679 486 645 622 271 787 136 600 679 159 631 335 166 579 724 439 596 526 167 253 480 731 0 696 227 693 427 617 471 416 753 295 693 740 146 238 145 289 439 414 524 571 290 274 499 670 224 706 212 533 197 168 732 273 331 365 497 84 186 204 669 423 556 610 244 126 158 181 341 539 315 168 454 222 481 312 553 122 753 754 219 336 750
409 283 615 571 729 436 67 182 840 242 282 483 700 711 82 472 297 247 221 229 143 127 488 180 562 387 179 567 305 368 838 484 417 265 478 304 798 456 364 175 696 0 472 40 528 79 366 849 400 515 387 334 612 809 715 454 686 525 353 224 596 723 365 196 530 423 736 711 499 864 96 501 766 579 241 757 592 840 473 276 150 412 805 694 597 545 856 297 405 541 476 540 386 728 147 610 298 133 758 557 95
108 286 544 203 327 282 506 321 381 498 421 228 521 537 496 368 498 225 457 277 438 395 112 579 91 407 454 147 461 108 383 473 576 212 485 314 358 38 280 505 227 472 0 467 296 392 271 521 597 164 541 568 153 399 289 102 452 283 371 349 226 311 301 447 106 562 294 532 31 393 516 191 425 336 298 284 151 401 546 207 338 423 360 263 185 86 481 366 97 112 297 118 288 390 333 141 572 527 315 234 533
412 257 645 552 737 408 106 198 840 280 244 460 726 737 48 497 334 246 181 242 178 96 474 218 558 351 139 570 340 360 840 515 455 256 510 274 801 447 336 136 693 40 467 0 501 82 339 865 439 497 424 374 602 817 720 441 708 499 380 193 577 705 335 157 517 460 721 737 495 860 136 511 781 597 259 750 580 844 509 279 164 375 791 698 601 535 869 325 394 543 448 527 357 742 156 601 338 99 744 535 132
378 244 826 141 596 93 587 469 581 668 309 71 816 832 503 643 692 361 381 448 574 404 185 692 335 220 405 433 666 279 590 736 797 311 744 229 593 260 164 455 427 528 296 501 0 463 161 805 806 139 759 759 280 655 547 196 749 13 608 309 147 257 169 388 216 788 308 827 316 545 611 486 710 631 484 427 240 631 793 383 462 218 365 521 469 264 751 582 232 400 56 212 145 678 447 306 746 505 327 93 618
332 220 578 496 655 374 125 119 761 244 253 413 651 662 125 422 291 168 210 160 136 91 411 229 482 347 172 490 287 288 760 450 413 186 446 248 721 376 303 192 617 79 392 82 463 0 303 784 404 440 379 342 533 735 639 376 629 459 310 175 522 647 306 184 451 414 658 662 420 784 147 428 699 516 180 677 513 763 454 199 83 373 728 617 520 465 786 255 326 463 414 462 325 660 74 530 314 173 681 485 156
308 83 733 237 599 70 427 325 631 521 172 129 750 765 343 550 551 229 234 315 421 242 200 533 346 135 251 418 530 197 637 628 663 177 633 71 623 233 8 303 471 366 271 339 161 303 0 789 667 194 626 616 338 670 559 182 695 160 490 149 258 386 29 235 249 657 420 762 301 618 450 433 693 572 353 498 302 665 672 262 313 153 486 533 456 289 753 455 176 383 110 254 26 656 296 352 598 348 442 207 457
491 784 392 679 216 804 843 667 348 711 917 743 249 255 909 401 667 646 933 623 735 834 622 852 471 924 915 375 627 597 331 466 644 671 484 819 275 560 797 957 416 849 521 865 805 784 789 0 685 665 632 710 544 194 271 622 193 792 524 829 689 691 818 915 589 622 626 249 494 443 835 368 96 271 607 475 580 268 554 602 701 942 646 294 337 541 99 573 613 409 816 594 808 132 709 513 745 954 631 724 857
489 595 319 780 674 731 344 341 842 160 656 740 456 458 482 306 116 444 611 357 268 495 679 266 656 744 571 593 140 542 833 219 42 495 201 631 772 608 670 576 753 400 597 439 806 404 667 685 0 727 60 67 747 742 691 648 492 797 229 572 807 908 680 586 698 63 889 462 607 905 316 481 638 447 321 835 748 804 136 424 358 770 952 682 600 683 738 231 594 589 769 710 692 608 376 727 110 531 909 791 332
261 254 707 56 457 163 565 410 453 606 366 84 685 701 513 527 619 299 425 378 525 406 53 658 195 310 436 294 587 184 461 628 712 258 639 261 458 134 202 490 295 515 164 497 139 440 194 665 727 0 675 689 151 517 408 79 615 126 513 328 83 207 218 423 76 701 228 696 180 429 583 356 570 500 408 309 112 498 695 305 414 318 297 382 329 124 612 496 132 262 159 74 196 539 403 172 684 528 251 70 595
433 557 279 728 614 688 337 303 782 146 628 692 409 413 470 247 89 399 589 312 246 469 627 277 598 710 550 533 96 491 773 167 37 451 150 595 712 553 629 560 693 387 541 424 759 379 626 632 60 675 0 84 689 683 631 596 439 750 171 540 754 853 641 563 643 35 832 416 550 845 312 421 582 388 275 775 692 745 99 376 324 736 895 622 540 627 682 179 543 529 725 655 651 551 342 669 128 520 852 741 331
463 541 363 744 678 682 277 291 840 98 595 696 492 497 416 316 70 398 548 313 206 433 643 200 635 686 507 581 109 505 832 248 95 448 232 576 773 575 618 510 740 334 568 374 759 342 616 710 67 689 84 0 721 751 690 611 519 752 217 513 770 877 627 522 665 110 863 500 581 897 249 472 656 458 280 820 719 808 183 384 303 712 928 679 592 655 756 203 556 573 721 678 641 623 321 703 45 464 883 751 265
258 384 659 140 329 315 652 473 302 651 507 235 609 625 626 496 650 370 560 430 590 520 139 730 99 461 565 202 613 245 311 606 724 347 620 400 314 158 346 619 146 612 153 602 280 533 338 544 747 151 689 721 0 379 275 166 529 267 518 455 146 173 364 554 90 709 142 619 140 280 664 300 453 430 451 160 40 351 687 358 487 469 207 251 227 69 479 518 208 182 309 83 344 426 480 32 725 649 162 189 680
409 683 502 519 80 670 820 629 156 726 818 600 381 393 856 436 694 577 848 580 720 766 482 854 326 804 838 257 651 495 139 532 705 588 551 713 81 436 678 886 238 809 399 817 655 735 670 194 742 517 683 751 379 0 110 490 298 642 539 740 525 508 699 834 441 684 441 386 368 250 819 310 138 296 576 286 418 79 627 538 659 819 455 137 221 393 104 575 496 291 675 443 685 147 663 350 777 896 443 567 840
308 574 492 414 56 560 730 537 151 654 709 490 395 410 757 388 628 476 741 488 636 664 372 774 216 694 733 151 586 387 142 494 657 483 512 603 84 326 568 782 145 715 289 720 547 639 559 271 691 408 631 690 275 110 0 379 308 534 473 633 421 419 588 728 332 637 357 403 258 227 732 225 186 260 488 213 313 125 589 440 566 708 384 26 118 284 204 502 386 183 566 334 574 170 568 245 712 794 363 461 752
185 218 633 133 422 182 499 336 450 529 345 126 619 635 461 452 540 225 394 301 452 355 34 588 164 315 398 246 508 106 455 550 633 190 560 237 441 64 191 452 289 454 102 441 196 376 182 622 648 79 596 611 166 490 379 0 553 183 433 289 159 274 211 388 77 621 281 631 127 443 515 290 525 435 330 325 139 483 615 227 342 328 351 353 284 109 577 416 54 212 195 86 195 491 332 174 606 483 304 147 529
386 672 208 643 262 725 673 510 442 526 798 680 86 101 754 219 479 514 801 472 562 692 564 670 435 825 777 329 440 498 427 273 451 550 291 711 360 489 703 814 439 686 452 708 749 629 695 193 492 615 439 519 529 298 308 553 0 736 344 704 660 698 723 780 545 429 645 94 434 530 661 264 165 123 449 518 556 376 361 469 545 847 683 318 302 502 258 397 528 355 746 553 718 151 557 498 555 802 655 682 684
366 242 814 129 583 93 584 462 568 661 312 60 803 819 503 631 684 353 383 440 568 402 172 688 321 226 406 419 657 268 577 725 788 304 733 229 580 247 163 457 414 525 283 499 13 459 160 792 797 126 750 752 267 642 534 183 736 0 598 309 136 249 169 389 202 779 298 814 303 533 607 473 696 618 476 415 227 618 783 374 456 226 357 508 455 251 737 572 221 387 60 199 145 664 441 293 739 506 318 81 614
263 433 268 563 464 547 330 198 623 189 530 539 348 358 428 125 155 263 509 182 219 389 462 327 426 593 477 364 112 332 615 144 205 314 145 473 557 386 495 502 524 353 371 380 608 310 490 524 229 513 171 217 518 539 473 433 344 598 0 435 589 683 510 485 475 191 661 359 379 680 317 254 457 257 145 605 522 593 184 229 231 619 723 461 374 457 555 55 383 359 581 487 516 421 247 498 238 479 680 580 339
338 73 699 378 663 216 289 241 729 415 96 276 744 758 194 523 456 190 108 254 308 97 317 400 437 172 109 482 445 245 732 579 576 157 580 80 707 318 145 163 571 224 349 193 309 175 149 829 572 328 540 513 455 740 633 289 704 309 435 0 401 530 142 99 366 574 556 756 380 731 315 461 736 582 289 614 426 749 603 235 216 198 625 608 519 396 810 388 256 449 256 374 164 698 198 463 488 201 579 354 319
331 328 769 27 474 211 647 493 437 689 428 131 735 752 590 594 700 382 492 460 609 485 127 741 225 356 508 332 667 265 448 698 791 342 710 329 458 203 265 561 290 596 226 577 147 522 258 689 807 83 754 770 146 525 421 159 660 136 589 401 0 128 278 493 120 779 165 746 233 397 666 412 596 552 490 280 109 493 769 387 498 359 228 397 363 158 625 575 214 305 191 110 254 568 486 176 766 603 186 56 677
420 457 833 152 475 334 772 610 389 800 554 257 779 795 719 669 806 500 620 572 727 613 239 862 273 475 636 374 771 377 403 778 888 463 792 457 431 301 393 690 274 723 311 705 257 647 386 691 908 207 853 877 173 508 419 274 698 249 683 530 128 0 405 622 211 874 70 789 306 326 789 474 605 602 599 228 161 459 856 499 617 475 110 399 396 227 613 677 328 356 308 199 380 583 607 203 876 732 80 179 801
336 87 757 259 628 76 427 339 660 531 149 147 776 791 335 573 564 247 216 332 429 238 228 536 375 106 237 447 545 225 665 649 678 196 654 61 652 263 20 288 499 365 301 335 169 306 29 818 680 218 641 627 364 699 588 211 723 169 510 142 278 405 0 220 277 673 441 788 330 645 452 461 722 599 370 525 328 694 690 283 323 124 507 562 486 318 782 472 205 413 114 281 24 685 306 380 608 336 463 225 457
428 170 754 471 756 296 263 286 828 425 92 364 813 826 133 586 475 268 25 313 318 96 416 375 535 204 19 577 472 341 830 628 597 247 626 164 803 417 229 68 670 196 447 157 388 184 235 915 586 423 563 522 554 834 728 388 780 389 485 99 493 622 220 0 464 599 652 824 478 830 293 547 823 660 344 713 524 846 638 313 254 226 719 703 613 495 901 433 355 544 332 472 245 785 237 562 490 119 674 443 289
213 294 649 99 380 233 573 401 384 589 418 159 618 634 539 474 595 294 470 362 519 433 49 657 118 376 475 220 560 169 391 579 679 264 591 310 384 90 258 529 224 530 106 517 216 451 249 589 698 76 643 665 90 441 332 77 545 202 475 366 120 211 277 464 0 666 207 629 113 369 587 292 494 433 388 250 62 424 652 289 412 386 277 306 254 48 535 466 124 190 234 12 257 463 403 103 665 561 230 137 601
454 590 257 753 617 719 372 336 789 182 663 721 393 395 505 250 125 430 624 343 282 505 651 309 616 744 585 546 129 518 779 157 21 482 138 628 716 577 661 596 706 423 562 460 788 414 657 622 63 701 35 110 709 684 637 621 429 779 191 574 779 874 673 599 666 0 852 399 570 855 347 433 577 388 305 789 713 748 74 405 358 770 913 630 551 648 677 206 569 545 756 678 683 548 376 688 156 556 871 767 365
400 483 791 182 413 376 780 608 319 791 591 295 728 744 739 635 792 502 653 567 726 633 247 865 237 521 665 329 755 376 333 746 867 471 760 489 363 292 427 719 212 736 294 721 308 658 420 626 889 228 832 863 142 441 357 281 645 298 661 556 165 70 441 652 207 852 0 737 282 255 795 436 543 557 591 158 147 389 828 494 619 523 69 338 346 208 546 660 332 317 355 196 418 524 611 165 866 757 22 221 809
456 730 148 728 355 797 688 544 534 525 851 757 11 7 784 240 471 566 846 511 577 732 645 670 523 888 819 417 438 566 519 252 420 606 267 770 452 567 769 851 533 711 532 737 827 662 762 249 462 696 416 500 619 386 403 631 94 814 359 756 746 789 788 824 629 399 737 0 516 623 673 340 249 196 483 612 644 465 326 521 579 910 777 412 393 587 332 414 601 441 821 637 785 242 592 588 540 834 749 764 695
118 317 536 212 297 309 531 344 350 514 452 250 505 522 526 365 511 252 489 298 459 425 131 601 62 436 485 119 473 138 352 472 584 242 485 345 327 67 310 536 197 499 31 495 316 420 301 494 607 180 550 581 140 368 258 127 434 303 379 380 233 306 330 478 113 570 282 516 0 364 540 179 398 321 316 258 145 370 550 230 363 452 346 232 157 80 452 378 127 85 321 123 317 364 358 122 587 557 302 247 557
463 661 719 404 268 593 893 702 94 849 788 512 616 630 889 608 831 616 837 653 812 787 419 954 302 740 840 318 790 500 111 717 873 605 735 679 173 416 627 893 168 864 393 860 545 784 618 443 905 429 845 897 280 250 227 443 530 533 680 731 397 326 645 830 369 855 255 623 364 0 900 425 384 486 664 120 317 175 811 591 724 747 239 227 305 335 347 699 476 333 583 364 624 382 721 268 913 918 246 452 918
437 367 563 639 739 521 30 198 866 166 378 560 664 673 171 442 225 294 317 247 100 220 550 84 603 482 275 591 243 419 863 432 338 325 423 392 816 506 449 267 732 96 516 136 611 147 450 835 316 583 312 249 664 819 732 515 661 607 317 315 666 789 452 293 587 347 795 673 540 900 0 509 760 564 243 799 649 857 406 310 178 507 864 713 616 595 855 264 463 569 561 599 472 722 184 657 209 217 818 631 22
125 418 359 391 230 461 510 319 370 429 550 416 329 345 552 199 407 280 565 271 412 469 304 548 201 565 548 113 365 236 364 311 451 303 326 455 310 226 441 592 273 501 191 511 486 428 433 368 481 356 421 472 300 310 225 290 264 473 254 461 412 474 461 547 292 433 436 340 179 425 509 0 276 144 266 356 318 349 398 237 350 586 491 210 120 255 358 278 263 119 482 302 455 237 355 273 490 594 453 425 530
397 689 373 585 130 707 765 584 291 646 823 647 244 256 824 340 606 556 841 538 659 745 526 783 376 828 824 279 565 501 275 421 599 578 439 724 211 463 701 868 331 766 425 781 710 699 693 96 638 570 582 656 453 138 186 525 165 696 457 736 596 605 722 823 494 577 543 249 398 384 760 276 0 200 525 398 487 218 514 513 617 846 569 206 241 446 100 501 516 313 720 499 712 39 624 421 687 868 549 630 782
263 548 238 533 231 604 572 398 410 446 676 561 185 201 642 142 406 393 680 357 463 574 448 583 332 702 658 228 365 375 398 237 409 427 256 587 333 371 580 697 365 579 336 597 631 516 572 271 447 500 388 458 430 296 260 435 123 618 257 582 552 602 599 660 433 388 557 196 321 486 564 144 200 0 337 448 453 361 333 348 433 723 603 259 210 393 299 302 407 249 626 442 595 165 443 400 488 689 570 568 586
202 290 411 463 496 413 244 61 625 200 385 418 472 484 305 243 210 124 367 38 149 249 363 290 375 449 337 349 181 224 621 289 313 176 291 329 573 299 357 368 497 241 298 259 484 180 353 607 321 408 275 280 451 576 488 330 449 476 145 289 490 599 370 344 388 305 591 483 316 664 243 266 525 337 0 570 444 613 320 103 96 474 658 470 373 383 616 102 276 330 450 400 379 486 109 438 277 353 612 471 264
367 543 687 285 268 472 790 602 162 763 668 391 604 619 777 552 751 509 719 555 716 673 299 858 196 619 723 242 711 389 175 664 806 494 680 560 206 303 507 776 84 757 284 750 427 677 498 475 835 309 775 820 160 286 213 325 518 415 605 614 280 228 525 713 250 789 158 612 258 120 799 356 398 448 570 0 196 231 753 488 621 627 171 200 243 218 390 618 360 247 463 244 504 383 617 151 831 804 157 334 816
259 353 677 101 365 276 634 461 342 645 473 196 634 650 601 509 648 355 528 420 578 495 108 717 121 423 535 227 612 229 350 618 727 326 631 367 353 145 311 589 186 592 151 580 240 513 302 580 748 112 692 719 40 418 313 139 556 227 522 426 109 161 328 524 62 713 147 644 145 317 649 318 487 453 444 196 0 391 695 347 472 431 216 288 256 65 517 517 186 204 270 52 307 460 464 68 720 622 169 149 663
431 687 577 491 130 657 856 662 81 776 822 582 460 472 880 498 748 599 858 613 761 785 469 898 318 797 852 274 705 504 64 599 768 603 617 714 42 435 674 902 204 840 401 844 631 763 665 268 804 498 745 808 351 79 125 483 376 618 593 749 493 459 694 846 424 748 389 465 370 175 857 349 218 361 613 231 391 0 694 564 691 809 394 146 243 378 172 624 497 303 657 424 677 224 693 325 831 917 388 540 877
438 610 183 744 564 730 429 362 740 240 696 723 320 322 555 203 181 443 664 358 330 543 643 376 590 768 627 512 168 516 729 95 94 495 76 650 665 565 676 642 669 473 546 509 793 454 672 554 136 695 99 183 687 627 589 615 361 783 184 603 769 856 690 638 652 74 828 326 550 811 406 398 514 333 320 753 695 694 0 412 389 794 886 583 511 629 613 218 566 514 764 664 698 487 406 663 227 606 846 763 425
133 213 475 360 458 318 301 114 563 302 330 316 509 523 317 293 314 45 333 73 231 232 261 372 292 374 312 291 284 122 562 366 414 88 371 253 522 201 267 355 423 276 207 279 383 199 262 602 424 305 376 384 358 538 440 227 469 374 229 235 387 499 283 313 289 405 494 521 230 591 310 237 513 348 103 488 347 564 412 0 133 398 563 418 321 289 595 198 173 264 352 301 288 474 130 348 379 358 516 367 327
263 237 500 471 579 380 168 35 694 208 307 404 568 580 209 339 242 117 278 79 112 158 377 245 425 386 245 419 228 243 692 374 360 156 372 273 649 329 314 272 556 150 338 164 462 83 313 701 358 414 324 303 487 659 566 342 545 456 231 216 498 617 323 254 412 358 619 579 363 724 178 350 617 433 96 621 472 691 389 133 0 412 689 545 448 418 706 179 289 395 420 423 337 578 18 479 285 256 642 468 194
461 186 873 346 750 154 479 434 770 614 133 235 899 914 359 691 654 357 208 437 507 287 340 592 493 26 245 570 640 349 777 761 772 309 764 145 769 385 145 283 610 412 423 375 218 373 153 942 770 318 736 712 469 819 708 328 847 226 619 198 359 475 124 226 386 770 523 910 452 747 507 586 846 723 474 627 431 809 794 398 412 0 583 682 609 431 905 576 329 536 168 388 134 810 394 489 687 342 543 302 507
464 551 840 248 439 439 850 677 317 858 656 359 768 784 809 690 857 571 720 635 794 702 317 934 297 583 733 380 819 445 333 802 928 541 817 556 374 361 493 787 244 805 360 791 365 728 486 646 952 297 895 928 207 455 384 351 683 357 723 625 228 110 507 719 277 913 69 777 346 239 864 491 569 603 658 171 216 394 886 563 689 583 0 368 392 274 560 724 401 372 416 265 483 554 680 225 932 826 47 283 879
285 548 495 388 77 533 711 517 161 640 684 464 404 419 734 381 616 453 716 468 618 640 345 757 190 667 708 128 573 362 153 490 649 459 507 577 104 299 542 758 126 694 263 698 521 617 533 294 682 382 622 679 251 137 26 353 318 508 461 608 397 399 562 703 306 630 338 412 232 227 713 210 206 259 470 200 288 146 583 418 545 682 368 0 97 258 229 488 360 159 539 308 548 186 547 220 699 771 345 436 733
189 463 448 348 144 466 613 420 252 547 599 405 383 399 639 309 527 358 627 371 522 546 284 661 137 592 617 38 485 275 248 421 569 366 437 495 201 224 465 665 158 597 185 601 469 520 456 337 600 329 540 592 227 221 118 284 302 455 374 519 363 396 486 613 254 551 346 393 157 305 616 120 241 210 373 243 256 243 511 321 448 609 392 97 0 207 296 396 280 73 478 260 474 209 450 195 609 676 359 391 636
194 326 614 141 332 279 583 404 342 584 454 206 577 593 560 444 584 301 502 361 521 455 90 661 70 419 505 174 548 177 348 552 662 279 565 346 338 89 298 558 181 545 86 535 264 465 289 541 683 124 627 655 69 393 284 109 502 251 457 396 158 227 318 495 48 648 208 587 80 335 595 255 446 393 383 218 65 378 629 289 418 431 274 258 207 0 487 453 142 146 282 52 300 416 411 67 658 586 229 183 611
472 758 466 618 155 760 859 674 253 745 894 693 330 339 910 440 706 637 917 627 754 827 573 881 418 889 903 335 664 569 236 521 699 654 539 791 185 520 762 949 341 856 481 869 751 786 753 99 738 612 682 756 479 104 204 577 258 737 555 810 625 613 782 901 535 677 546 332 452 347 855 358 100 299 616 390 517 172 613 595 706 905 560 229 296 487 0 599 577 369 767 538 770 134 712 449 787 953 548 665 876
260 392 322 549 498 514 276 148 648 152 482 514 404 414 373 178 134 226 458 140 165 337 448 282 431 551 424 381 95 312 642 195 216 278 193 432 586 376 459 448 539 297 366 325 582 255 455 573 231 496 179 203 518 575 502 416 397 572 55 388 575 677 472 433 466 206 660 414 378 699 264 278 501 302 102 618 517 624 218 198 179 576 724 488 396 453 599 0 364 371 550 478 481 465 195 500 214 423 680 561 286
146 190 593 187 423 197 448 281 473 474 324 161 590 605 418 410 486 171 364 246 398 313 89 534 181 312 364 242 454 51 476 504 580 139 514 217 455 62 185 417 315 405 97 394 232 326 176 613 594 132 543 556 208 496 386 54 528 221 383 256 214 328 205 355 124 569 332 601 127 476 463 263 516 407 276 360 186 497 566 173 289 329 401 360 280 142 577 364 0 207 219 135 195 480 279 209 552 443 354 197 477
132 391 476 287 216 394 564 371 298 517 527 335 431 447 578 318 504 297 558 322 479 482 215 621 83 519 549 34 463 204 297 429 561 300 444 422 260 151 392 599 168 541 112 543 400 463 383 409 589 262 529 573 182 291 183 212 355 387 359 449 305 356 413 544 190 545 317 441 85 333 569 119 313 249 330 247 204 303 514 264 395 536 372 159 73 146 369 371 207 0 407 197 401 279 395 154 585 613 333 327 588
366 194 809 179 612 40 537 429 612 628 252 75 809 825 449 625 654 326 325 413 530 351 194 644 350 167 349 441 631 259 620 713 763 274 720 175 618 259 112 399 454 476 297 448 56 414 110 816 769 159 725 721 309 675 566 195 746 60 581 256 191 308 114 332 234 756 355 821 321 583 561 482 720 626 450 463 270 657 764 352 420 168 416 539 478 282 767 550 219 407 0 233 91 686 404 332 705 449 375 134 568
225 301 659 90 383 234 584 413 381 601 424 158 627 643 548 485 607 306 477 374 531 442 56 669 123 379 483 226 572 181 389 591 691 275 603 316 384 102 262 537 222 540 118 527 212 462 254 594 710 74 655 678 83 443 334 86 553 199 487 374 110 199 281 472 12 678 196 637 123 364 599 302 499 442 400 244 52 424 664 301 423 388 265 308 260 52 538 478 135 197 233 0 261 469 414 100 677 570 219 131 613
331 104 759 235 615 52 447 351 641 546 173 123 774 789 358 575 576 255 240 341 445 260 209 555 359 120 261 435 556 219 647 654 689 203 659 84 636 250 23 313 481 386 288 357 145 325 26 808 692 196 651 641 344 685 574 195 718 145 516 164 254 380 24 245 257 683 418 785 317 624 472 455 712 595 379 504 307 677 698 288 337 134 483 548 474 300 770 481 195 401 91 261 0 676 321 360 623 361 439 201 477
359 651 355 556 117 673 727 545 292 611 785 614 236 249 785 307 572 517 802 499 622 706 493 747 345 792 785 245 530 464 277 393 569 540 412 687 210 429 665 829 312 728 390 742 678 660 656 132 608 539 551 623 426 147 170 491 151 664 421 698 568 583 685 785 463 548 524 242 364 382 722 237 39 165 486 383 460 224 487 474 578 810 554 186 209 416 134 465 480 279 686 469 676 0 585 394 653 829 531 600 744
263 219 516 459 582 364 172 49 694 225 289 390 581 593 199 352 260 109 262 86 126 142 367 255 421 368 229 420 246 235 692 390 378 144 389 255 651 322 298 259 553 147 333 156 447 74 296 709 376 403 342 321 480 663 568 332 557 441 247 198 486 607 306 237 403 376 611 592 358 721 184 355 624 443 109 617 464 693 406 130 18 394 680 547 450 411 712 195 279 395 404 414 321 585 0 474 302 246 633 455 199
240 392 631 169 298 334 646 463 281 637 519 257 578 594 627 470 633 364 568 419 580 522 151 721 72 479 572 171 595 241 288 581 703 345 595 411 287 154 361 625 122 610 141 601 306 530 352 513 727 172 669 703 32 350 245 174 498 293 498 463 176 203 380 562 103 688 165 588 122 268 657 273 421 400 438 151 68 325 663 348 479 489 225 220 195 67 449 500 209 154 332 100 360 394 474 0 709 653 183 217 674
469 521 406 739 702 666 238 277 860 78 567 685 532 537 379 347 83 388 516 306 180 404 640 155 642 661 474 595 125 501 853 288 141 436 273 554 795 576 600 474 753 298 572 338 746 314 598 745 110 684 128 45 725 777 712 606 555 739 238 488 766 876 608 490 665 156 866 540 587 913 209 490 687 488 277 831 720 831 227 379 285 687 932 699 609 658 787 214 552 585 705 677 623 653 302 709 0 426 887 744 224
487 275 744 579 816 412 188 292 906 374 209 477 823 834 51 594 430 318 134 332 276 132 514 290 618 322 100 643 438 419 907 614 550 315 609 277 874 502 343 60 754 133 527 99 505 173 348 954 531 528 520 464 649 896 794 483 802 506 479 201 603 732 336 119 561 556 757 834 557 918 217 594 868 689 353 804 622 917 606 358 256 342 826 771 676 586 953 423 443 613 449 570 361 829 246 653 426 0 779 555 205
420 505 806 204 418 397 803 630 315 813 613 316 739 755 762 651 813 524 675 589 748 656 270 887 255 542 688 344 775 398 329 763 886 494 778 511 364 314 449 741 219 758 315 744 327 681 442 631 909 251 852 883 162 443 363 304 655 318 680 579 186 80 463 674 230 871 22 749 302 246 818 453 549 570 612 157 169 388 846 516 642 543 47 345 359 229 548 680 354 333 375 219 439 531 633 183 887 779 0 242 832
330 282 777 49 512 155 611 468 488 666 374 78 753 769 545 597 682 356 441 438 580 441 123 709 254 300 459 357 651 249 498 697 778 312 708 279 503 204 214 511 336 557 234 535 93 485 207 724 791 70 741 751 189 567 461 147 682 81 580 354 56 179 225 443 137 767 221 764 247 452 631 425 630 568 471 334 149 540 763 367 468 302 283 436 391 183 665 561 197 327 134 131 201 600 455 217 744 555 242 0 641
456 374 584 651 760 527 30 217 886 185 376 570 686 694 163 464 244 309 313 266 122 222 563 86 620 483 271 610 264 434 883 454 356 338 444 397 836 521 455 259 750 95 533 132 618 156 457 857 332 595 331 265 680 840 752 529 684 614 339 319 677 801 457 289 601 365 809 695 557 918 22 530 782 586 264 816 663 877 425 327 194 507 879 733 636 611 876 286 477 588 568 613 477 744 199 674 224 205 832 641 0

2 1.5 0.5
100
5
87 4 64 40 44 77 22 79 16 36 96 57 43 55 30 91 40 67 2 13 18 65 60 60 78 48 39 27 97 88 8 85 89 71 23 33 48 44 13 61 77 9 17 20 61 46 10 98 11 11 12 26 73 69 85 51 17 24 75 15 10 82 97 98 53 18 32 99 61 42 58 36 48 74 56 8 18 65 6 29 73 15 54 46 83 38 94 1 61 69 13 71 52 8 67 3 25 96 99 83
455 719 1035 396 335 1182 447 333 898 1204 992 362 1176 877 361 714 381 1144 793 524 454 1288 1064 547 555 636 476 689 1134 920 456 1174 587 1069 1224 991 848 1004 340 1100 1165 413 625 422 1257 794 583 594 972 622 972 993 1351 635 419 786 816 748 1135 461 935 844 841 683 1166 713 269 1120 863 587 638 453 535 933 1057 621 1051 652 568 586 714 711 692 1045 788 970 865 446 982 703 1022 1178 606 1143 296 1085 1091 763 555 1113
78 2 8 18 10 41 1 43 11 11 1 13 43 6 17 59 15 8 2 10 6 50 9 40 1 16 10 10 25 53 5 59 13 55 19 18 30 4 13 58 61 9 14 9 29 37 8 27 9 8 1 4 55 19 62 42 8 20 54 14 6 64 20 1 27 3 7 90 9 1 53 16 22 5 28 6 5 30 1 21 50 1 17 44 24 37 80 1 34 64 5 71 34 6 34 1 12 60 30 8
2 4.7 2.1 1.1 2 2.4 3.1 4 2.5 4.6 2.7 4 2.1 1.7 1.4 4.1 3.7 4.5 4 4.3 2.5 3 1.2 3.1 3.3 1.6 4.2 3.2 2.8 1.6 2.7 4 1.5 3.9 4.3 2.7 1.4 2.4 1.7 3 1.9 3.4 2.1 3.2 4.3 2.5 2.2 3.2 2.1 1.3 2.4 3.9 3.4 2.8 1.9 1.8 3.5 1.3 4 1.4 2.1 1.7 4.6 2.6 4.8 3.8 4.4 1.3 1.1 1.2 3.3 2.2 3.8 4.5 4.4 3.3 2.1 1.8 1.4 3.5 2.1 3 2.3 4.7 4.9 3.4 1.4 3.5 3.9 4.7 4.1 1 1.5 3.6 2.8 1.4 2.3 2.3 1.7 2.7
699 757 688 752 663
69900 75700 68800 75200 66300
0 279 231 216 333 251 457 81 158 386 459 351 250 432 96 169 395 279 339 449 445 337 410 263 419 271 429 324 220 343 471 303 386 400 426 491 239 391 245 203 361 290 171 205 139 456 122 229 51 484 226 326 202 499 197 209 241 308 257 257 308 229 411 138 391 384 149 177 256 416 424 159 253 89 418 458 272 265 410 84 331 296 305 346 402 426 347 437 379 117 298 291 436 469 367 198 318 284 479 193 240
279 0 79 72 595 213 699 246 433 149 289 535 517 521 360 442 140 543 557 729 499 259 152 529 509 550 708 225 436 335 483 283 207 551 683 763 342 454 280 220 174 263 382 260 318 279 163 413 315 754 271 436 84 258 467 75 431 479 436 215 522 328 539 356 424 608 327 454 382 667 703 166 521 355 329 732 31 219 547 196 444 445 576 161 126 309 575 404 634 390 101 503 574 729 638 470 596 453 749 199 490
231 79 0 26 561 247 676 221 376 227 362 531 454 443 322 400 163 478 542 678 423 195 230 466 432 501 657 164 418 262 524 320 278 557 652 723 351 377 301 141 147 190 363 272 246 353 108 337 258 716 288 357 89 337 428 36 355 477 430 250 447 337 551 333 457 591 314 409 303 640 651 93 483 296 387 689 98 256 556 156 457 367 514 231 197 372 556 452 604 333 167 489 584 697 598 429 540 451 711 214 461
216 72 26 0 543 220 655 199 366 216 343 506 447 459 304 384 180 473 519 666 442 220 223 459 447 488 645 190 395 284 497 294 259 531 633 706 324 395 275 154 173 211 340 246 246 335 95 341 247 699 261 370 62 328 410 10 359 452 405 224 450 310 525 311 430 568 290 394 313 620 639 94 466 287 363 674 84 230 530 137 430 376 507 212 197 350 534 426 585 323 148 466 558 678 581 413 530 426 694 187 441
333 595 561 543 0 468 143 349 246 665 675 217 266 650 239 167 724 284 142 200 689 659 699 271 639 131 192 651 185 642 513 468 628 290 94 173 339 640 408 526 695 606 227 392 411 677 454 432 325 162 399 557 511 764 136 534 430 238 232 472 420 344 332 244 449 137 284 169 503 92 202 493 81 304 583 155 580 477 319 405 331 503 254 604 708 610 115 542 52 274 579 160 327 136 62 140 197 243 157 432 109
251 213 247 220 468 0 540 172 396 207 216 349 491 643 277 354 350 523 389 640 638 440 247 505 630 469 623 411 284 493 276 73 160 350 542 641 148 587 74 346 384 422 241 76 369 216 221 469 302 630 73 541 158 296 367 211 484 292 260 6 558 136 332 230 211 440 186 375 474 520 624 271 410 340 169 620 183 14 341 193 238 527 540 139 276 175 414 210 494 362 137 338 367 589 523 377 536 269 625 58 359
457 699 676 655 143 540 0 456 388 746 729 211 407 793 361 301 834 423 151 271 832 791 784 411 782 272 275 781 263 780 510 522 696 264 71 173 396 783 471 657 816 740 317 466 549 733 572 575 458 158 467 700 615 835 270 646 573 259 281 544 561 405 308 344 463 103 373 307 645 52 291 616 220 441 622 191 679 547 292 520 348 647 389 680 802 655 126 562 91 413 666 202 288 86 164 277 327 277 156 516 217
81 246 221 199 349 172 456 0 226 328 384 315 321 504 119 202 378 352 321 494 512 369 358 334 491 316 475 349 197 392 394 221 315 352 437 518 168 458 164 243 365 331 142 124 214 382 125 308 132 509 145 398 162 438 224 189 321 264 215 178 389 156 355 112 314 370 97 219 329 422 473 179 276 168 337 489 231 186 357 70 268 374 372 280 360 347 335 356 388 190 239 268 384 483 393 229 375 239 504 114 244
158 433 376 366 246 396 388 226 0 545 610 362 95 410 129 103 538 127 318 305 444 427 568 108 398 138 284 426 237 399 570 435 541 430 337 371 337 395 371 300 486 371 218 336 171 608 270 188 118 368 354 313 359 657 129 360 188 340 298 402 206 332 455 200 490 347 240 85 257 338 276 289 169 79 556 331 429 409 449 242 400 262 147 503 558 569 310 556 298 43 456 288 469 373 255 117 164 324 363 340 201
386 149 227 216 665 207 746 328 545 0 155 556 636 670 448 531 213 664 596 822 646 399 43 648 658 645 803 365 486 481 418 248 88 551 744 837 355 602 280 368 294 411 438 280 456 144 291 554 431 827 280 584 190 114 550 215 572 499 467 204 660 343 528 420 379 647 381 548 529 723 801 309 599 473 234 812 132 202 539 304 438 592 692 70 94 203 620 326 696 504 89 544 565 791 715 557 702 476 822 233 555
459 289 362 343 675 216 729 384 610 155 0 522 706 803 493 570 369 737 578 855 785 547 186 719 791 686 838 513 489 623 307 208 83 497 741 847 337 739 266 496 448 552 452 288 559 12 394 660 509 835 277 710 298 141 582 339 677 469 451 211 759 330 464 445 295 625 400 592 649 716 839 428 623 549 120 829 263 204 478 388 388 708 756 131 246 81 606 214 696 574 195 531 499 787 733 593 753 452 830 270 568
351 535 531 506 217 349 211 315 362 556 522 0 427 761 269 259 675 454 76 417 786 682 597 436 749 315 409 664 133 694 304 318 496 74 242 360 201 732 276 552 678 640 180 281 478 527 441 539 375 345 276 658 455 636 238 496 544 57 101 352 568 213 114 213 252 110 218 281 592 212 420 494 227 378 412 358 511 353 101 386 136 615 439 487 623 446 106 350 208 365 483 75 113 283 279 253 394 82 341 339 168
250 517 454 447 266 491 407 321 95 636 706 427 0 391 222 175 612 32 371 256 437 474 657 13 382 135 233 479 314 428 658 530 635 498 345 348 428 394 466 359 550 415 305 431 222 703 354 191 204 348 449 310 447 749 189 442 182 414 377 497 154 425 529 290 580 390 332 150 270 355 221 363 207 163 651 304 516 505 521 331 483 252 60 596 643 665 356 649 316 132 547 352 539 371 252 174 107 402 344 436 259
432 521 443 459 650 643 793 504 410 670 803 761 391 0 494 510 521 385 726 631 63 296 667 391 12 523 610 326 628 203 897 710 719 821 735 736 670 71 663 306 422 263 591 624 292 795 421 222 393 738 645 106 507 775 538 463 221 728 679 648 246 659 838 561 818 757 581 495 175 742 594 377 578 383 807 691 542 656 835 453 763 148 430 672 621 802 720 850 702 397 608 690 859 763 643 527 492 707 734 588 609
96 360 322 304 239 277 361 119 129 448 493 269 222 494 0 83 484 254 247 374 516 432 477 235 482 197 355 420 135 431 442 308 430 326 331 403 208 463 244 298 456 383 98 211 209 492 214 275 106 395 227 389 277 556 107 296 282 233 185 282 326 203 345 73 362 290 111 100 323 321 353 255 161 111 430 372 347 289 341 166 279 350 265 397 478 446 252 427 284 109 359 202 364 375 278 111 260 213 390 225 144
169 442 400 384 167 354 301 202 103 531 570 259 175 510 83 0 564 205 215 291 542 492 561 186 499 115 272 484 139 479 486 377 510 327 261 322 263 490 312 359 529 439 134 283 248 570 292 288 158 315 297 411 360 638 31 376 289 240 201 359 308 261 355 128 409 247 173 25 350 255 271 327 85 140 499 290 431 366 348 247 308 362 204 478 561 518 210 485 216 115 442 184 368 302 197 28 185 227 310 305 98
395 140 163 180 724 350 834 378 538 213 369 675 612 521 484 564 0 634 695 841 484 227 185 622 512 665 820 195 572 319 610 416 298 691 814 887 482 450 419 265 101 262 518 400 394 357 272 473 421 879 411 458 221 281 591 189 491 619 576 350 585 468 679 490 556 745 464 573 421 800 813 248 646 458 439 853 168 353 687 318 584 484 672 262 126 412 712 524 765 495 220 641 714 859 762 593 701 593 874 339 621
279 543 478 473 284 523 423 352 127 664 737 454 32 385 254 205 634 0 396 251 434 488 685 19 376 153 229 495 344 437 690 562 666 527 359 351 460 393 498 377 569 429 336 463 241 734 380 197 233 353 481 309 475 778 218 468 186 444 407 529 141 457 558 322 611 412 364 180 277 371 214 387 231 191 683 306 543 536 549 360 514 251 47 626 669 696 380 681 333 162 576 379 567 382 264 203 107 432 349 467 286
339 557 542 519 142 389 151 321 318 596 578 76 371 726 247 215 695 396 0 341 755 676 635 379 714 250 334 662 123 678 379 370 544 148 170 286 244 703 320 543 686 630 178 316 453 582 444 503 353 272 316 625 474 684 189 509 505 111 129 393 518 254 190 209 322 50 230 233 562 141 345 493 165 348 474 283 535 396 176 389 203 578 376 529 655 505 31 419 133 329 517 53 184 213 203 202 327 126 268 369 117
449 729 678 666 200 640 271 494 305 822 855 417 256 631 374 291 841 251 341 0 682 727 852 250 623 178 22 728 373 684 713 652 799 488 202 123 527 643 589 604 792 669 402 566 470 855 570 447 420 132 577 560 649 929 274 659 436 438 427 646 385 530 531 410 648 323 454 275 526 230 37 594 231 384 771 84 720 652 517 533 530 501 204 769 850 795 311 738 214 348 733 360 523 194 138 265 149 441 131 595 292
445 499 423 442 689 638 832 512 444 646 785 786 437 63 516 542 484 434 755 682 0 257 639 438 64 565 661 290 652 167 901 709 702 842 776 784 680 54 666 294 383 235 611 627 308 777 417 256 412 785 648 131 495 747 571 447 259 749 699 643 298 668 856 580 824 789 595 528 193 781 646 368 614 408 799 740 522 651 854 455 776 186 480 654 591 790 752 848 741 426 591 716 879 807 686 560 541 726 781 586 639
337 259 195 220 659 440 791 369 427 399 547 682 474 296 432 492 227 488 676 727 257 0 387 482 287 565 704 34 555 92 716 514 466 721 753 799 525 224 487 134 126 58 503 454 257 538 245 297 333 795 472 245 282 493 523 229 314 633 583 444 402 512 722 470 646 721 466 491 227 747 693 189 577 356 582 759 287 450 725 298 631 284 533 420 335 566 684 647 708 390 358 627 752 793 680 519 578 608 790 400 576
410 152 230 223 699 247 784 358 568 43 186 597 657 667 477 561 185 685 635 852 639 387 0 670 656 674 833 353 523 472 460 291 129 594 780 871 395 598 321 371 274 405 474 319 468 174 307 565 453 861 320 586 210 107 581 224 583 540 506 245 673 383 571 454 422 686 416 577 533 760 830 318 632 494 275 845 143 244 582 326 481 597 715 113 60 242 658 368 732 527 120 582 607 827 748 588 728 517 856 269 590
263 529 466 459 271 505 411 334 108 648 719 436 13 391 235 186 622 19 379 250 438 482 670 0 382 139 228 487 325 434 670 543 648 508 348 346 441 396 479 368 560 423 317 444 232 716 366 196 217 347 462 312 460 762 199 454 186 425 388 510 150 437 539 303 592 396 345 161 275 359 215 374 214 175 664 302 528 518 531 344 495 254 51 609 655 678 364 662 320 145 560 361 548 373 253 184 103 413 343 449 268
419 509 432 447 639 630 782 491 398 658 791 749 382 12 482 499 512 376 714 623 64 287 656 382 0 513 602 317 616 194 884 697 707 808 725 727 657 63 650 294 413 253 578 611 280 783 409 211 380 729 632 93 495 764 526 451 210 716 667 635 238 646 825 549 806 745 568 483 162 731 586 365 566 371 795 683 530 643 823 440 750 136 421 660 611 789 709 837 691 385 596 678 847 753 633 515 483 694 725 575 597
271 550 501 488 131 469 272 316 138 645 686 315 135 523 197 115 665 153 250 178 565 565 674 139 513 0 158 563 227 535 581 489 626 389 211 233 370 519 425 437 620 509 241 398 309 685 393 312 245 230 411 435 470 753 105 481 306 316 289 475 289 370 425 241 508 261 287 97 387 220 156 420 88 212 611 193 541 481 415 354 398 379 126 594 672 631 230 590 181 176 556 243 429 241 121 93 80 309 225 421 152
429 708 657 645 192 623 275 475 284 803 838 409 233 610 355 272 820 229 334 22 661 704 833 228 602 158 0 706 360 662 703 637 781 482 204 137 512 621 574 582 770 646 387 550 448 838 549 424 399 145 561 538 629 911 256 638 414 428 415 628 364 515 524 393 636 320 438 255 504 231 18 573 216 362 757 95 699 635 510 512 520 480 182 751 830 780 305 725 211 326 714 350 518 201 131 247 127 430 143 577 278
324 225 164 190 651 411 781 349 426 365 513 664 479 326 420 484 195 495 662 728 290 34 353 487 317 563 706 0 539 124 687 484 432 700 745 796 502 255 461 126 96 73 486 428 258 503 223 309 326 791 446 269 253 459 515 199 326 614 564 414 417 488 700 454 618 708 446 485 243 738 696 170 570 352 550 757 254 420 703 278 608 303 538 386 301 533 671 617 700 387 325 611 731 787 676 512 580 588 787 373 564
220 436 418 395 185 284 263 197 237 486 489 133 314 628 135 139 572 344 123 373 652 555 523 325 616 227 360 539 0 563 354 282 444 193 257 358 154 599 222 423 562 510 54 208 344 491 320 408 241 346 214 524 352 581 128 386 413 103 63 289 444 159 218 86 281 173 109 163 458 237 365 370 145 245 399 340 415 293 212 265 172 483 338 423 538 424 139 366 210 234 404 72 233 304 244 143 307 88 341 254 81
343 335 262 284 642 493 780 392 399 481 623 694 428 203 431 479 319 437 678 684 167 92 472 434 194 535 662 124 563 0 765 566 540 741 735 768 558 131 531 151 218 72 514 494 231 614 279 240 325 765 514 161 341 580 510 290 253 650 599 498 333 545 748 481 691 719 485 473 161 733 649 224 561 338 646 726 360 505 749 326 661 208 484 493 423 634 682 704 693 368 430 633 775 772 654 503 535 625 761 446 570
471 483 524 497 513 276 510 394 570 418 307 304 658 897 442 486 610 690 379 713 901 716 460 670 884 581 703 687 354 765 0 203 331 247 547 665 235 848 235 615 657 696 353 274 608 317 487 699 517 650 253 792 434 447 481 488 711 275 292 273 766 243 203 369 80 413 333 511 723 517 711 540 497 543 190 662 452 267 219 446 184 767 690 353 510 228 410 94 512 551 390 353 230 587 576 495 661 274 646 319 431
303 283 320 294 468 73 522 221 435 248 208 318 530 710 308 377 416 562 370 652 709 514 291 543 697 489 637 484 282 566 203 0 179 304 533 639 129 656 64 417 456 495 250 99 430 211 291 528 353 627 81 607 231 318 384 285 542 263 243 70 610 123 279 249 140 419 203 400 539 508 640 342 421 387 122 623 252 64 291 257 191 590 574 178 330 143 398 139 487 405 197 323 316 579 527 396 562 244 622 122 362
386 207 278 259 628 160 696 315 541 88 83 496 635 719 430 510 298 666 544 799 702 466 129 648 707 626 781 432 444 540 331 179 0 483 701 802 300 655 224 413 371 468 402 236 479 75 313 580 435 790 230 627 215 139 525 255 597 441 415 155 680 290 456 389 298 594 346 530 566 678 781 345 570 475 146 780 180 150 468 310 370 626 688 47 183 114 570 239 654 503 111 494 492 748 683 534 690 420 785 204 519
400 551 557 531 290 350 264 352 430 551 497 74 498 821 326 327 691 527 148 488 842 721 594 508 808 389 482 700 193 741 247 304 483 0 306 424 209 788 276 594 704 682 230 291 533 503 476 601 429 409 281 716 475 620 309 521 607 92 142 351 636 223 44 262 209 171 255 350 649 275 493 531 301 438 381 427 524 351 29 422 113 676 513 481 626 417 177 307 277 428 487 147 40 343 351 324 469 115 406 352 240
426 683 652 633 94 542 71 437 337 744 741 242 345 735 331 261 814 359 170 202 776 753 780 348 725 211 204 745 257 735 547 533 701 306 0 118 404 729 477 620 787 700 306 466 504 744 546 521 419 103 470 645 599 839 230 624 517 281 290 546 499 412 350 328 492 135 364 262 594 31 220 586 175 398 641 125 666 550 335 496 374 590 322 681 793 671 139 589 48 367 660 210 336 46 95 234 259 293 99 511 193
491 763 723 706 173 641 173 518 371 837 847 360 348 736 403 322 887 351 286 123 784 799 871 346 727 233 137 796 358 768 665 639 802 424 118 0 510 742 581 670 849 742 400 565 543 849 614 538 474 15 572 658 679 938 296 698 530 395 399 646 491 516 468 417 608 253 457 315 615 148 156 647 242 444 752 44 749 651 453 569 489 600 306 778 878 780 255 704 154 409 751 321 453 87 125 293 243 405 18 605 283
239 342 351 324 339 148 396 168 337 355 337 201 428 670 208 263 482 460 244 527 680 525 395 441 657 370 512 502 154 558 235 129 300 209 404 510 0 626 75 407 497 493 129 82 378 340 281 466 283 498 75 564 267 439 265 314 476 144 115 150 531 14 200 138 154 294 98 288 495 379 516 337 296 308 244 494 315 152 206 231 106 535 466 286 422 270 271 222 358 316 282 195 233 450 398 278 446 121 493 143 235
391 454 377 395 640 587 783 458 395 602 739 732 394 71 463 490 450 393 703 643 54 224 598 396 63 519 621 255 599 131 848 656 655 788 729 742 626 0 613 244 350 193 557 574 255 730 365 207 358 742 594 84 445 706 520 399 212 695 645 592 263 614 802 526 770 738 541 478 141 733 607 317 564 355 749 698 476 599 800 402 722 142 439 607 551 741 701 796 692 375 543 664 825 760 640 510 499 673 738 534 588
245 280 301 275 408 74 471 164 371 280 266 276 466 663 244 312 419 498 320 589 666 487 321 479 650 425 574 461 222 531 235 64 224 276 477 581 75 613 0 380 445 463 187 39 377 268 252 473 295 569 18 559 213 364 320 265 486 219 190 75 551 65 260 184 160 370 138 335 490 453 576 306 357 327 187 562 251 77 268 210 165 537 509 211 350 206 346 192 431 342 211 269 295 524 466 332 497 197 564 88 301
203 220 141 154 526 346 657 243 300 368 496 552 359 306 298 359 265 377 543 604 294 134 371 368 294 437 582 126 423 151 615 417 413 594 620 670 407 244 380 0 191 88 372 343 136 489 128 208 200 665 363 216 201 478 390 157 226 505 454 351 319 394 599 339 540 587 338 359 163 614 573 75 444 226 505 631 237 358 601 176 511 227 419 365 334 497 550 556 575 261 302 494 627 661 549 386 457 480 660 296 442
361 174 147 173 695 384 816 365 486 294 448 678 550 422 456 529 101 569 686 792 383 126 274 560 413 620 770 96 562 218 657 456 371 704 787 849 497 350 445 191 0 167 507 418 327 437 243 394 375 843 433 364 232 377 558 183 411 624 577 386 504 483 698 476 595 734 460 534 333 777 761 202 614 408 502 813 206 391 703 297 603 395 610 329 218 480 699 579 740 444 274 633 731 831 726 558 646 598 838 358 599
290 263 190 211 606 422 740 331 371 411 552 640 415 263 383 439 262 429 630 669 235 58 405 423 253 509 646 73 510 72 696 495 468 682 700 742 493 193 463 88 167 0 460 427 200 543 212 239 282 739 446 197 269 512 470 218 256 593 542 427 345 480 687 427 623 673 426 437 171 695 635 157 524 302 574 702 288 434 689 262 598 230 474 421 358 562 635 632 655 335 358 582 715 739 625 465 519 568 734 377 526
171 382 363 340 227 241 317 142 218 438 452 180 305 591 98 134 518 336 178 402 611 503 474 317 578 241 387 486 54 514 353 250 402 230 306 400 129 557 187 372 507 460 0 165 302 453 266 374 199 389 175 486 298 537 135 331 381 138 88 246 422 129 247 32 275 227 57 159 418 287 389 316 170 210 371 378 362 251 244 211 182 448 338 377 487 393 193 351 257 206 354 126 268 353 281 148 317 115 384 205 117
205 260 272 246 392 76 466 124 336 280 288 281 431 624 211 283 400 463 316 566 627 454 319 444 611 398 550 428 208 494 274 99 236 291 466 565 82 574 39 343 418 427 165 0 337 288 215 433 256 554 21 519 186 373 294 236 446 223 187 80 512 68 280 157 197 366 111 305 450 444 551 270 335 289 220 544 232 86 287 172 185 497 476 215 342 235 339 231 418 305 203 263 314 513 447 304 468 199 549 61 283
139 318 246 246 411 369 549 214 171 456 559 478 222 292 209 248 394 241 453 470 308 257 468 232 280 309 448 258 344 231 608 430 479 533 504 543 378 255 377 136 327 200 302 337 0 553 166 101 103 539 358 186 266 570 279 244 118 440 390 375 204 367 547 271 528 492 288 242 117 502 438 153 330 107 538 502 325 383 545 175 470 160 283 434 443 540 454 568 462 137 374 411 570 542 426 272 322 417 534 311 341
456 279 353 335 677 216 733 382 608 144 12 527 703 795 492 570 357 734 582 855 777 538 174 716 783 685 838 503 491 614 317 211 75 503 744 849 340 730 268 489 437 543 453 288 553 0 388 655 505 837 278 703 291 130 582 331 671 474 454 210 754 333 471 445 303 630 400 591 642 719 840 421 624 545 129 831 254 204 485 383 394 702 754 123 234 90 609 223 698 571 186 534 506 790 734 592 752 456 833 268 569
122 163 108 95 454 221 572 125 270 291 394 441 354 421 214 292 272 380 444 570 417 245 307 366 409 393 549 223 320 279 487 291 313 476 546 614 281 365 252 128 243 212 266 215 166 388 0 267 152 607 235 322 100 405 319 89 284 390 341 226 370 268 477 234 412 491 223 300 256 534 544 55 375 192 386 580 163 234 480 55 386 314 413 268 289 382 455 431 498 227 208 392 507 590 489 320 434 364 602 169 356
229 413 337 341 432 469 575 308 188 554 660 539 191 222 275 288 473 197 503 447 256 297 565 196 211 312 424 309 408 240 699 528 580 601 521 538 466 207 473 208 394 239 374 433 101 655 267 0 182 537 454 124 367 668 316 340 18 509 461 475 111 457 621 346 619 535 371 273 79 525 411 246 357 164 638 494 423 483 617 276 551 75 244 535 535 641 498 665 484 174 475 467 640 553 433 305 298 489 533 411 386
51 315 258 247 325 302 458 132 118 431 509 375 204 393 106 158 421 233 353 420 412 333 453 217 380 245 399 326 241 325 517 353 435 429 419 474 283 358 295 200 375 282 199 256 103 505 152 182 0 468 276 287 242 545 189 241 193 337 287 308 257 274 445 168 437 394 189 159 219 413 392 174 244 41 469 437 311 316 443 127 370 253 262 394 440 477 356 487 374 75 343 309 467 460 351 185 282 314 463 244 244
484 754 716 699 162 630 158 509 368 827 835 345 348 738 395 315 879 353 272 132 785 795 861 347 729 230 145 791 346 765 650 627 790 409 103 15 498 742 569 665 843 739 389 554 539 837 607 537 468 0 560 658 671 927 288 691 530 382 386 635 493 504 454 407 594 238 446 309 614 134 163 641 233 439 739 49 740 639 438 561 475 600 309 767 869 767 241 690 141 404 741 308 438 72 117 286 245 392 5 594 272
226 271 288 261 399 73 467 145 354 280 277 276 449 645 227 297 411 481 316 577 648 472 320 462 632 411 561 446 214 514 253 81 230 281 470 572 75 594 18 363 433 446 175 21 358 278 235 454 276 560 0 540 201 368 306 252 467 219 186 76 532 63 268 170 177 366 124 320 471 448 563 290 346 308 203 553 243 80 276 192 173 519 493 213 347 220 341 210 423 324 207 265 303 517 455 318 482 196 555 74 291
326 436 357 370 557 541 700 398 313 584 710 658 310 106 389 411 458 309 625 560 131 245 586 312 93 435 538 269 524 161 792 607 627 716 645 658 564 84 559 216 364 197 486 519 186 703 322 124 287 658 540 0 412 693 439 372 128 623 574 546 184 553 732 456 713 658 475 397 69 650 524 282 482 279 708 614 454 555 730 350 657 58 356 580 545 704 621 747 609 296 516 587 754 677 556 429 415 602 654 485 509
202 84 89 62 511 158 615 162 359 190 298 455 447 507 277 360 221 475 474 649 495 282 210 460 495 470 629 253 352 341 434 231 215 475 599 679 267 445 213 201 232 269 298 186 266 291 100 367 242 671 201 412 0 305 384 53 384 399 355 161 471 252 466 271 367 524 243 374 350 583 625 130 437 284 305 649 70 167 473 117 371 411 505 168 201 295 491 365 550 317 108 420 500 645 555 388 520 373 666 126 405
499 258 337 328 764 296 835 438 657 114 141 636 749 775 556 638 281 778 684 929 747 493 107 762 764 753 911 459 581 580 447 318 139 620 839 938 439 706 364 478 377 512 537 373 570 130 405 668 545 927 368 693 305 0 655 327 686 580 554 292 775 429 591 522 427 733 480 656 640 816 910 422 703 586 257 915 245 288 604 418 508 703 805 160 158 219 709 353 791 617 201 633 627 886 817 664 813 560 922 334 655
197 467 428 410 136 367 270 224 129 550 582 238 189 538 107 31 591 218 189 274 571 523 581 199 526 105 256 515 128 510 481 384 525 309 230 296 265 520 320 390 558 470 135 294 279 582 319 316 189 288 306 439 384 655 0 402 317 225 191 372 330 265 340 137 405 219 182 43 380 224 257 356 55 171 506 265 454 378 331 273 300 390 210 495 584 527 182 485 185 145 461 163 349 272 171 15 182 215 283 321 72
209 75 36 10 534 211 646 189 360 215 339 496 442 463 296 376 189 468 509 659 447 229 224 454 451 481 638 199 386 290 488 285 255 521 624 698 314 399 265 157 183 218 331 236 244 331 89 340 241 691 252 372 53 327 402 0 358 442 395 215 448 300 515 302 420 559 280 387 314 611 632 94 457 282 356 666 83 221 520 129 420 377 502 208 201 344 525 418 576 317 144 456 548 670 573 405 524 416 686 177 432
241 431 355 359 430 484 573 321 188 572 677 544 182 221 282 289 491 186 505 436 259 314 583 186 210 306 414 326 413 253 711 542 597 607 517 530 476 212 486 226 411 256 381 446 118 671 284 18 193 530 467 128 384 686 317 358 0 515 468 490 93 468 627 354 630 535 381 273 91 522 400 264 356 171 653 486 441 498 623 292 560 74 233 552 553 656 499 678 482 178 492 471 646 548 428 305 289 495 526 425 388
308 479 477 452 238 292 259 264 340 499 469 57 414 728 233 240 619 444 111 438 749 633 540 425 716 316 428 614 103 650 275 263 441 92 281 395 144 695 219 505 624 593 138 223 440 474 390 509 337 382 219 623 399 580 225 442 515 0 50 295 547 156 115 169 212 156 167 264 556 253 437 444 228 345 363 389 454 296 109 335 93 583 434 430 566 395 141 308 241 337 426 78 131 325 301 241 396 26 377 282 163
257 436 430 405 232 260 281 215 298 467 451 101 377 679 185 201 576 407 129 427 699 583 506 388 667 289 415 564 63 599 292 243 415 142 290 399 115 645 190 454 577 542 88 187 390 454 341 461 287 386 186 574 355 554 191 395 468 50 0 263 504 124 159 119 221 180 117 226 506 265 422 394 205 297 352 386 412 266 156 286 109 535 402 400 528 381 155 310 245 291 390 79 180 336 294 206 369 27 381 242 139
257 215 250 224 472 6 544 178 402 204 211 352 497 648 282 359 350 529 393 646 643 444 245 510 635 475 628 414 289 498 273 70 155 351 546 646 150 592 75 351 386 427 246 80 375 210 226 475 308 635 76 546 161 292 372 215 490 295 263 0 564 139 332 235 209 443 191 380 479 524 629 275 415 346 163 625 184 8 342 199 239 533 546 136 275 169 418 206 499 368 136 342 368 593 528 382 542 272 630 64 363
308 522 447 450 420 558 561 389 206 660 759 568 154 246 326 308 585 141 518 385 298 402 673 150 238 289 364 417 444 333 766 610 680 636 499 491 531 263 551 319 504 345 422 512 204 754 370 111 257 493 532 184 471 775 330 448 93 547 504 564 0 524 662 399 686 541 433 287 175 509 348 356 357 224 726 446 530 572 656 371 604 127 184 636 645 732 506 742 470 216 578 492 676 523 404 316 248 530 490 499 402
229 328 337 310 344 136 405 156 332 343 330 213 425 659 203 261 468 457 254 530 668 512 383 437 646 370 515 488 159 545 243 123 290 223 412 516 14 614 65 394 483 480 129 68 367 333 268 457 274 504 63 553 252 429 265 300 468 156 124 139 524 0 214 135 162 304 92 286 484 388 518 324 298 300 241 499 301 142 220 218 120 526 464 275 409 266 280 224 365 309 270 204 247 458 403 278 446 133 499 129 239
411 539 551 525 332 332 308 355 455 528 464 114 529 838 345 355 679 558 190 531 856 722 571 539 825 425 524 700 218 748 203 279 456 44 350 468 200 802 260 599 698 687 247 280 547 471 477 621 445 454 268 732 466 591 340 515 627 115 159 332 662 214 0 276 171 215 262 379 664 320 534 533 337 457 346 470 511 331 16 424 95 695 547 457 607 383 220 268 320 450 469 182 36 388 393 355 505 132 450 341 274
138 356 333 311 244 230 344 112 200 420 445 213 290 561 73 128 490 322 209 410 580 470 454 303 549 241 393 454 86 481 369 249 389 262 328 417 138 526 184 339 476 427 32 157 271 445 234 346 168 407 170 456 271 522 137 302 354 169 119 235 399 135 276 0 290 257 45 152 388 311 394 284 180 182 371 392 338 242 274 179 206 419 329 362 464 390 223 359 279 183 334 158 299 375 295 148 313 146 402 188 136
391 424 457 430 449 211 463 314 490 379 295 252 580 818 362 409 556 611 322 648 824 646 422 592 806 508 636 618 281 691 80 140 298 209 492 608 154 770 160 540 595 623 275 197 528 303 412 619 437 594 177 713 367 427 405 420 630 212 221 209 686 162 171 290 0 362 253 434 644 463 643 466 425 463 175 601 392 204 186 369 118 687 613 310 466 213 353 98 454 470 337 289 205 535 512 420 587 206 590 246 360
384 608 591 568 137 440 103 370 347 647 625 110 390 757 290 247 745 412 50 323 789 721 686 396 745 261 320 708 173 719 413 419 594 171 135 253 294 738 370 587 734 673 227 366 492 630 491 535 394 238 366 658 524 733 219 559 535 156 180 443 541 304 215 257 362 0 280 262 598 104 332 539 183 385 519 257 586 446 200 437 245 609 387 580 706 551 37 460 109 363 568 104 202 174 190 230 332 174 234 420 150
149 327 314 290 284 186 373 97 240 381 400 218 332 581 111 173 464 364 230 454 595 466 416 345 568 287 438 446 109 485 333 203 346 255 364 457 98 541 138 338 460 426 57 111 288 400 223 371 189 446 124 475 243 480 182 280 381 167 117 191 433 92 262 45 253 280 0 197 406 344 439 276 224 211 325 434 306 197 263 168 181 442 373 320 430 344 248 317 315 217 296 176 289 410 337 193 359 141 441 148 174
177 454 409 394 169 375 307 219 85 548 592 281 150 495 100 25 573 180 233 275 528 491 577 161 483 97 255 485 163 473 511 400 530 350 262 315 288 478 335 359 534 437 159 305 242 591 300 273 159 309 320 397 374 656 43 387 273 264 226 380 287 286 379 152 434 262 197 0 338 260 253 332 88 135 522 280 444 387 372 258 334 347 179 497 575 541 225 510 220 105 459 205 391 302 191 31 162 251 304 325 116
256 382 303 313 503 474 645 329 257 529 649 592 270 175 323 350 421 277 562 526 193 227 533 275 162 387 504 243 458 161 723 539 566 649 594 615 495 141 490 163 333 171 418 450 117 642 256 79 219 614 471 69 350 640 380 314 91 556 506 479 175 484 664 388 644 598 406 338 0 595 490 221 425 214 641 572 397 487 662 281 588 64 323 519 497 639 560 678 555 234 456 523 686 627 508 370 377 534 610 418 447
416 667 640 620 92 520 52 422 338 723 716 212 355 742 321 255 800 371 141 230 781 747 760 359 731 220 231 738 237 733 517 508 678 275 31 148 379 733 453 614 777 695 287 444 502 719 534 525 413 134 448 650 583 816 224 611 522 253 265 524 509 388 320 311 463 104 344 260 595 0 246 576 172 395 615 156 649 528 304 483 345 596 337 659 774 645 111 561 40 365 641 185 305 71 113 230 275 266 130 491 178
424 703 651 639 202 624 291 473 276 801 839 420 221 594 353 271 813 214 345 37 646 693 830 215 586 156 18 696 365 649 711 640 781 493 220 156 516 607 576 573 761 635 389 551 438 840 544 411 392 163 563 524 625 910 257 632 400 437 422 629 348 518 534 394 643 332 439 253 490 246 0 565 220 355 760 113 695 636 521 508 527 465 167 750 826 783 316 731 224 318 712 359 529 219 143 247 115 437 161 577 283
159 166 93 94 493 271 616 179 289 309 428 494 363 377 255 327 248 387 493 594 368 189 318 374 365 420 573 170 370 224 540 342 345 531 586 647 337 317 306 75 202 157 316 270 153 421 55 246 174 641 290 282 130 422 356 94 264 444 394 275 356 324 533 284 466 539 276 332 221 576 565 0 412 210 431 611 177 283 536 108 442 283 424 298 290 424 503 481 539 247 235 442 562 629 524 355 453 418 636 222 399
253 521 483 466 81 410 220 276 169 599 623 227 207 578 161 85 646 231 165 231 614 577 632 214 566 88 216 570 145 561 497 421 570 301 175 242 296 564 357 444 614 524 170 335 330 624 375 357 244 233 346 482 437 703 55 457 356 228 205 415 357 298 337 180 425 183 224 88 425 172 220 412 0 223 540 213 507 421 327 328 313 430 212 542 637 564 149 511 132 193 511 154 341 217 117 58 168 223 228 368 66
89 355 296 287 304 340 441 168 79 473 549 378 163 383 111 140 458 191 348 384 408 356 494 175 371 212 362 352 245 338 543 387 475 438 398 444 308 355 327 226 408 302 210 289 107 545 192 164 41 439 308 279 284 586 171 282 171 345 297 346 224 300 457 182 463 385 211 135 214 395 355 210 223 0 505 406 353 354 453 168 388 238 221 435 481 515 347 518 355 36 385 308 476 437 324 165 243 325 434 282 234
418 329 387 363 583 169 622 337 556 234 120 412 651 807 430 499 439 683 474 771 799 582 275 664 795 611 757 550 399 646 190 122 146 381 641 752 244 749 187 505 502 574 371 220 538 129 386 638 469 739 203 708 305 257 506 356 653 363 352 163 726 241 346 371 175 519 325 522 641 615 760 431 540 505 0 738 298 155 360 362 276 696 696 176 328 38 503 96 598 525 228 431 381 686 643 518 684 348 734 227 480
458 732 689 674 155 620 191 489 331 812 829 358 304 691 372 290 853 306 283 84 740 759 845 302 683 193 95 757 340 726 662 623 780 427 125 44 494 698 562 631 813 702 378 544 502 831 580 494 437 49 553 614 649 915 265 666 486 389 386 625 446 499 470 392 601 257 434 280 572 156 113 611 213 406 738 0 719 630 456 537 482 556 262 755 850 765 252 695 150 370 725 312 459 110 97 261 199 396 47 581 261
272 31 98 84 580 183 679 231 429 132 263 511 516 542 347 431 168 543 535 720 522 287 143 528 530 541 699 254 415 360 452 252 180 524 666 749 315 476 251 237 206 288 362 232 325 254 163 423 311 740 243 454 70 245 454 83 441 454 412 184 530 301 511 338 392 586 306 444 397 649 695 177 507 353 298 719 0 188 519 188 416 460 574 133 130 279 555 372 617 386 71 482 546 712 624 458 590 429 735 172 473
265 219 256 230 477 14 547 186 409 202 204 353 505 656 289 366 353 536 396 652 651 450 244 518 643 481 635 420 293 505 267 64 150 351 550 651 152 599 77 358 391 434 251 86 383 204 234 483 316 639 80 555 167 288 378 221 498 296 266 8 572 142 331 242 204 446 197 387 487 528 636 283 421 354 155 630 188 0 341 207 238 541 554 133 275 161 421 198 503 375 138 345 367 597 533 388 549 274 634 72 369
410 547 556 530 319 341 292 357 449 539 478 101 521 835 341 348 687 549 176 517 854 725 582 531 823 415 510 703 212 749 219 291 468 29 335 453 206 800 268 601 703 689 244 287 545 485 480 617 443 438 276 730 473 604 331 520 623 109 156 342 656 220 16 274 186 200 263 372 662 304 521 536 327 453 360 456 519 341 0 427 103 691 537 469 617 397 206 283 306 446 479 172 27 372 379 346 495 128 435 348 264
84 196 156 137 405 193 520 70 242 304 388 386 331 453 166 247 318 360 389 533 455 298 326 344 440 354 512 278 265 326 446 257 310 422 496 569 231 402 210 176 297 262 211 172 175 383 55 276 127 561 192 350 117 418 273 129 292 335 286 199 371 218 424 179 369 437 168 258 281 483 508 108 328 168 362 537 188 207 427 0 335 333 388 268 318 364 402 397 448 200 216 337 454 541 444 276 402 309 556 136 304
331 444 457 430 331 238 348 268 400 438 388 136 483 763 279 308 584 514 203 530 776 631 481 495 750 398 520 608 172 661 184 191 370 113 374 489 106 722 165 511 603 598 182 185 470 394 386 551 370 475 173 657 371 508 300 420 560 93 109 239 604 120 95 206 118 245 181 334 588 345 527 442 313 388 276 482 416 238 103 335 0 623 511 368 514 310 234 215 335 388 375 171 130 417 394 315 479 90 471 246 247
296 445 367 376 503 527 647 374 262 592 708 615 252 148 350 362 484 251 578 501 186 284 597 254 136 379 480 303 483 208 767 590 626 676 590 600 535 142 537 227 395 230 448 497 160 702 314 75 253 600 519 58 411 703 390 377 74 583 535 533 127 526 695 419 687 609 442 347 64 596 465 283 430 238 696 556 460 541 691 333 623 0 297 580 561 695 572 728 556 249 518 543 714 621 500 379 357 563 596 470 461
305 576 514 507 254 540 389 372 147 692 756 439 60 430 265 204 672 47 376 204 480 533 715 51 421 126 182 538 338 484 690 574 688 513 322 306 466 439 509 419 610 474 338 476 283 754 413 244 262 309 493 356 505 805 210 502 233 434 402 546 184 464 547 329 613 387 373 179 323 337 167 424 212 221 696 262 574 554 537 388 511 297 0 650 702 712 357 688 301 188 603 365 553 342 226 195 64 425 305 486 273
346 161 231 212 604 139 680 280 503 70 131 487 596 672 397 478 262 626 529 769 654 420 113 609 660 594 751 386 423 493 353 178 47 481 681 778 286 607 211 365 329 421 377 215 434 123 268 535 394 767 213 580 168 160 495 208 552 430 400 136 636 275 457 362 310 580 320 497 519 659 750 298 542 435 176 755 133 133 469 268 368 580 650 0 157 151 554 263 633 464 63 478 494 728 657 503 655 408 762 174 495
402 126 197 197 708 276 802 360 558 94 246 623 643 621 478 561 126 669 655 850 591 335 60 655 611 672 830 301 538 423 510 330 183 626 793 878 422 551 350 334 218 358 487 342 443 234 289 535 440 869 347 545 201 158 584 201 553 566 528 275 645 409 607 464 466 706 430 575 497 774 826 290 637 481 328 850 130 275 617 318 514 561 702 157 0 298 676 419 744 515 139 602 643 839 754 589 720 541 864 286 600
426 309 372 350 610 175 655 347 569 203 81 446 665 802 446 518 412 696 505 795 790 566 242 678 789 631 780 533 424 634 228 143 114 417 671 780 270 741 206 497 480 562 393 235 540 90 382 641 477 767 220 704 295 219 527 344 656 395 381 169 732 266 383 390 213 551 344 541 639 645 783 424 564 515 38 765 279 161 397 364 310 695 712 151 298 0 534 133 627 536 208 460 418 717 669 538 703 379 763 233 505
347 575 556 534 115 414 126 335 310 620 606 106 356 720 252 210 712 380 31 311 752 684 658 364 709 230 305 671 139 682 410 398 570 177 139 255 271 701 346 550 699 635 193 339 454 609 455 498 356 241 341 621 491 709 182 525 499 141 155 418 506 280 220 223 353 37 248 225 560 111 316 503 149 347 503 252 555 421 206 402 234 572 357 554 676 534 0 450 101 325 540 76 212 183 174 193 305 155 236 390 112
437 404 452 426 542 210 562 356 556 326 214 350 649 850 427 485 524 681 419 738 848 647 368 662 837 590 725 617 366 704 94 139 239 307 589 704 222 796 192 556 579 632 351 231 568 223 431 665 487 690 210 747 365 353 485 418 678 308 310 206 742 224 268 359 98 460 317 510 678 561 731 481 511 518 96 695 372 198 283 397 215 728 688 263 419 133 450 0 549 531 306 383 300 632 604 499 667 299 686 262 447
379 634 604 585 52 494 91 388 298 696 696 208 316 702 284 216 765 333 133 214 741 708 732 320 691 181 211 700 210 693 512 487 654 277 48 154 358 692 431 575 740 655 257 418 462 698 498 484 374 141 423 609 550 791 185 576 482 241 245 499 470 365 320 279 454 109 315 220 555 40 224 539 132 355 598 150 617 503 306 448 335 556 301 633 744 627 101 549 0 325 612 167 310 95 83 190 240 250 136 463 144
117 390 333 323 274 362 413 190 43 504 574 365 132 397 109 115 495 162 329 348 426 390 527 145 385 176 326 387 234 368 551 405 503 428 367 409 316 375 342 261 444 335 206 305 137 571 227 174 75 404 324 296 317 617 145 317 178 337 291 368 216 309 450 183 470 363 217 105 234 365 318 247 193 36 525 370 386 375 446 200 388 249 188 464 515 536 325 531 325 0 415 293 468 405 290 136 207 318 400 305 213
298 101 167 148 579 137 666 239 456 89 195 483 547 608 359 442 220 576 517 733 591 358 120 560 596 556 714 325 404 430 390 197 111 487 660 751 282 543 211 302 274 358 354 203 374 186 208 475 343 741 207 516 108 201 461 144 492 426 390 136 578 270 469 334 337 568 296 459 456 641 712 235 511 385 228 725 71 138 479 216 375 518 603 63 139 208 540 306 612 415 0 464 505 707 628 468 613 402 736 149 470
291 503 489 466 160 338 202 268 288 544 531 75 352 690 202 184 641 379 53 360 716 627 582 361 678 243 350 611 72 633 353 323 494 147 210 321 195 664 269 494 633 582 126 263 411 534 392 467 309 308 265 587 420 633 163 456 471 78 79 342 492 204 182 158 289 104 176 205 523 185 359 442 154 308 431 312 482 345 172 337 171 543 365 478 602 460 76 383 167 293 464 0 187 256 223 178 323 83 304 315 93
436 574 584 558 327 367 288 384 469 565 499 113 539 859 364 368 714 567 184 523 879 752 607 548 847 429 518 731 233 775 230 316 492 40 336 453 233 825 295 627 731 715 268 314 570 506 507 640 467 438 303 754 500 627 349 548 646 131 180 368 676 247 36 299 205 202 289 391 686 305 529 562 341 476 381 459 546 367 27 454 130 714 553 494 643 418 212 300 310 468 505 187 0 370 386 364 508 152 435 375 280
469 729 697 678 136 589 86 483 373 791 787 283 371 763 375 302 859 382 213 194 807 793 827 373 753 241 201 787 304 772 587 579 748 343 46 87 450 760 524 661 831 739 353 513 542 790 590 553 460 72 517 677 645 886 272 670 548 325 336 593 523 458 388 375 535 174 410 302 627 71 219 629 217 437 686 110 712 597 372 541 417 621 342 728 839 717 183 632 95 405 707 256 370 0 120 275 278 338 70 558 239
367 638 598 581 62 523 164 393 255 715 733 279 252 643 278 197 762 264 203 138 686 680 748 253 633 121 131 676 244 654 576 527 683 351 95 125 398 640 466 549 726 625 281 447 426 734 489 433 351 117 455 556 555 817 171 573 428 301 294 528 404 403 393 295 512 190 337 191 508 113 143 524 117 324 643 97 624 533 379 444 394 500 226 657 754 669 174 604 83 290 628 223 386 120 0 169 163 305 112 483 164
198 470 429 413 140 377 277 229 117 557 593 253 174 527 111 28 593 203 202 265 560 519 588 184 515 93 247 512 143 503 495 396 534 324 234 293 278 510 332 386 558 465 148 304 272 592 320 305 185 286 318 429 388 664 15 405 305 241 206 382 316 278 355 148 420 230 193 31 370 230 247 355 58 165 518 261 458 388 346 276 315 379 195 503 589 538 193 499 190 136 468 178 364 275 169 0 168 230 281 330 86
318 596 540 530 197 536 327 375 164 702 753 394 107 492 260 185 701 107 327 149 541 578 728 103 483 80 127 580 307 535 661 562 690 469 259 243 446 499 497 457 646 519 317 468 322 752 434 298 282 245 482 415 520 813 182 524 289 396 369 542 248 446 505 313 587 332 359 162 377 275 115 453 168 243 684 199 590 549 495 402 479 357 64 655 720 703 305 667 240 207 613 323 508 278 163 168 0 390 242 485 233
284 453 451 426 243 269 277 239 324 476 452 82 402 707 213 227 593 432 126 441 726 608 517 413 694 309 430 588 88 625 274 244 420 115 293 405 121 673 197 480 598 568 115 199 417 456 364 489 314 392 196 602 373 560 215 416 495 26 27 272 530 133 132 146 206 174 141 251 534 266 437 418 223 325 348 396 429 274 128 309 90 563 425 408 541 379 155 299 250 318 402 83 152 338 305 230 390 0 387 257 157
479 749 711 694 157 625 156 504 363 822 830 341 344 734 390 310 874 349 268 131 781 790 856 343 725 225 143 787 341 761 646 622 785 406 99 18 493 738 564 660 838 734 384 549 534 833 602 533 463 5 555 654 666 922 283 686 526 377 381 630 490 499 450 402 590 234 441 304 610 130 161 636 228 434 734 47 735 634 435 556 471 596 305 762 864 763 236 686 136 400 736 304 435 70 112 281 242 387 0 589 267
193 199 214 187 432 58 516 114 340 233 270 339 436 588 225 305 339 467 369 595 586 400 269 449 575 421 577 373 254 446 319 122 204 352 511 605 143 534 88 296 358 377 205 61 311 268 169 411 244 594 74 485 126 334 321 177 425 282 242 64 499 129 341 188 246 420 148 325 418 491 577 222 368 282 227 581 172 72 348 136 246 470 486 174 286 233 390 262 463 305 149 315 375 558 483 330 485 257 589 0 322
240 490 461 441 109 359 217 244 201 555 568 168 259 609 144 98 621 286 117 292 639 576 590 268 597 152 278 564 81 570 431 362 519 240 193 283 235 588 301 442 599 526 117 283 341 569 356 386 244 272 291 509 405 655 72 432 388 163 139 363 402 239 274 136 360 150 174 116 447 178 283 399 66 234 480 261 473 369 264 304 247 461 273 495 600 505 112 447 144 213 470 93 280 239 164 86 233 157 267 322 0
