1 2 7 9 11 7 10 15 16 5 10 11 12 9 15 24 24 6 11 15 16 11 26 30 28 
2 3 6 6 7 6 10 16 16 5 9 12 11 9 18 20 24 6 10 14 16 12 22 28 28 
3 3 5 6 7 6 8 16 19 4 8 12 9 9 21 20 20 5 12 13 14 13 19 23 25 
4 3 6 7 7 5 13 12 18 5 8 10 11 10 16 21 21 6 12 13 17 12 19 26 32 
5 4 5 9 7 6 12 14 17 5 8 12 11 8 17 21 24 6 10 15 14 12 20 28 31 
6 3 6 9 10 6 12 15 16 6 9 11 12 10 20 25 28 7 11 13 15 13 22 26 35 
7 3 7 8 10 6 12 16 21 6 11 15 13 14 21 26 24 7 11 13 15 13 23 29 34 
8 3 7 8 9 7 12 14 16 6 8 14 11 11 19 21 27 6 11 16 18 11 22 30 31 
9 3 5 8 6 7 11 14 21 5 9 12 13 8 18 22 23 5 11 14 13 11 22 28 29 
10 3 6 8 9 6 11 15 21 4 8 13 13 8 19 27 24 7 11 13 15 13 21 32 32 
11 4 5 7 9 5 12 15 19 5 9 14 14 9 18 27 29 5 11 13 15 12 21 26 33 
12 3 7 6 10 6 15 20 19 5 8 12 13 10 18 22 28 6 11 14 16 14 23 29 32 
13 4 6 8 9 6 11 15 16 5 9 12 13 11 19 22 24 6 12 16 14 12 22 30 30 
14 5 6 8 11 6 14 18 16 6 9 15 14 12 20 32 26 7 12 18 17 13 26 34 39 
15 3 6 8 7 9 10 17 18 5 9 11 13 11 19 23 31 6 11 15 17 13 21 37 31 
16 3 6 6 8 7 12 13 16 4 8 12 11 8 15 23 25 6 11 13 13 10 18 25 31 
17 3 6 8 8 5 13 15 17 5 8 11 11 8 17 28 22 6 10 14 15 10 21 29 31 
18 4 5 8 10 6 14 18 19 6 9 12 14 10 21 24 26 5 12 17 17 12 21 26 32 
19 5 6 9 10 7 13 14 18 5 12 12 16 11 22 29 31 6 14 16 17 12 25 30 35 
20 2 5 6 8 5 14 17 15 4 10 12 11 9 13 21 23 5 9 13 14 10 17 23 29 
21 2 5 7 5 5 10 14 16 4 8 11 10 7 16 20 32 6 9 12 14 11 18 27 27 
22 4 8 7 7 5 10 14 15 4 8 10 11 9 15 21 22 5 9 12 14 10 19 26 27 
23 3 4 10 10 6 13 16 17 5 9 12 13 9 16 22 32 5 10 14 15 10 21 27 28 
24 4 6 9 7 6 11 15 19 4 9 13 12 10 17 27 30 6 12 17 16 12 20 33 39 
25 3 6 6 10 5 13 12 16 5 7 13 14 8 18 21 25 5 11 13 14 9 19 26 26 
26 4 6 8 8 6 13 16 16 6 10 11 15 12 16 26 26 6 10 16 19 11 23 32 30 
27 4 6 9 7 6 11 15 18 5 11 13 16 9 17 23 25 5 13 15 18 11 22 30 33 
28 4 5 7 8 6 14 16 17 4 8 11 13 12 17 27 23 6 11 14 19 11 24 28 34 
29 4 7 7 8 6 13 18 17 5 8 12 12 11 18 22 32 5 12 14 17 12 25 27 36 
30 2 7 7 7 5 9 17 14 4 10 10 12 10 17 22 19 5 9 12 13 10 18 25 25 
31 3 6 6 8 7 11 16 17 6 9 11 14 10 16 20 24 6 10 13 16 12 19 30 28 
32 3 5 11 7 6 11 15 13 4 7 11 10 8 16 20 25 5 9 10 12 9 19 26 25 
33 3 4 9 7 7 8 16 17 6 8 11 13 7 17 23 22 5 9 13 13 9 19 26 30 
34 3 5 6 9 6 9 11 19 3 7 9 11 8 16 20 20 5 8 12 13 9 18 26 27 
35 3 6 6 8 4 12 19 16 5 9 13 16 9 18 22 25 6 9 14 15 10 22 27 31 
36 3 5 7 8 5 12 12 18 4 8 10 11 9 19 18 27 5 10 11 14 11 19 24 27 
37 3 5 8 6 6 11 12 15 4 7 10 11 8 14 26 20 5 10 13 13 11 21 26 33 
38 2 7 9 8 6 12 19 24 5 10 13 16 9 16 23 29 5 11 16 18 10 20 32 32 
39 2 6 8 6 6 12 18 18 5 9 12 11 9 16 22 24 5 9 14 15 11 21 31 31 
40 3 5 7 8 6 11 15 18 4 10 11 11 9 16 23 28 6 10 14 17 12 23 28 29 
41 3 5 7 9 5 12 15 17 5 9 10 11 8 16 23 29 6 10 12 17 10 20 28 31 
42 3 4 7 7 5 13 11 14 4 7 11 10 9 14 19 20 6 9 14 13 10 17 23 24 
43 4 5 8 9 7 9 15 18 6 9 11 14 12 16 23 24 6 11 14 15 11 21 27 33 
44 3 6 7 7 6 10 16 14 3 9 11 12 8 16 21 29 6 9 12 14 10 20 26 28 
45 3 6 8 9 5 10 14 15 4 8 9 12 9 16 21 21 5 10 13 17 10 20 26 33 
46 3 6 9 8 6 11 20 16 3 10 9 12 7 15 21 25 5 9 15 14 10 20 25 31 
47 4 4 7 9 4 10 14 13 4 8 11 12 9 16 23 26 5 9 12 15 9 21 23 32 
48 3 5 7 6 6 12 13 18 5 7 11 13 8 15 26 24 5 11 11 18 10 22 28 30 
49 3 5 11 9 7 10 16 19 4 9 13 12 10 19 26 26 5 10 13 16 12 21 28 35 
50 3 5 8 7 5 11 14 16 4 8 12 11 7 21 25 27 6 11 16 15 12 19 33 31 
51 3 5 6 9 7 10 15 18 5 7 11 11 8 18 21 21 5 12 14 14 10 19 26 31 
52 3 5 8 8 8 11 17 15 5 8 11 11 9 15 22 23 5 9 13 15 11 18 30 31 
53 3 4 8 8 6 11 14 19 5 8 12 11 8 19 21 26 6 10 13 13 10 19 26 30 
54 3 6 9 11 6 11 14 16 4 10 12 13 10 18 23 26 6 9 15 18 11 22 31 39 
55 3 6 8 7 7 9 14 15 4 7 12 10 11 18 19 23 6 10 11 14 10 23 25 29 
56 3 6 11 10 8 11 20 14 5 10 11 13 8 18 24 28 6 11 15 17 11 21 29 33 
57 3 4 6 8 6 11 15 15 4 8 11 11 8 15 22 26 5 9 11 13 10 19 24 28 
58 4 6 9 10 6 15 14 15 5 8 11 12 9 17 27 26 5 11 15 15 11 19 30 30 
59 4 5 7 10 8 13 16 22 5 8 14 16 9 20 24 27 6 11 15 15 12 23 33 41 
60 3 6 8 7 7 9 14 13 5 7 9 10 9 17 21 28 5 10 12 15 10 18 29 31 
