1 3 7 7 8 6 11 17 19 5 10 13 11 10 23 20 33 6 13 15 14 13 21 25 30 
2 4 6 6 9 5 11 13 16 4 9 11 11 9 15 25 23 5 12 11 16 11 21 28 29 
3 4 4 6 8 5 13 14 16 3 9 9 11 9 15 18 20 6 9 12 14 10 20 24 27 
4 3 5 5 9 5 9 14 18 5 9 11 15 9 16 24 21 6 11 14 16 10 20 27 31 
5 3 6 7 8 7 14 12 19 6 8 11 11 8 14 26 23 5 11 13 14 11 20 30 28 
6 4 5 8 7 7 11 14 20 6 11 12 13 10 18 23 32 8 11 13 14 14 25 29 29 
7 3 7 9 8 8 14 15 18 7 11 10 16 14 18 29 26 7 11 15 15 12 22 29 39 
8 3 6 7 8 7 13 13 18 5 9 12 12 12 17 24 31 7 11 15 16 12 25 28 28 
9 3 6 7 8 6 10 17 15 5 10 11 13 10 18 21 25 7 10 15 18 10 22 29 30 
10 4 7 9 8 6 13 13 16 4 10 11 15 9 18 25 28 6 11 15 17 11 22 28 34 
11 3 6 7 8 10 12 18 17 6 10 14 15 11 17 23 25 6 12 14 18 12 28 34 35 
12 3 6 8 8 5 10 12 15 7 9 12 12 8 18 22 27 6 13 14 15 13 23 32 31 
13 4 5 7 10 8 12 15 14 5 9 10 13 11 18 25 24 7 12 13 15 13 21 32 28 
14 3 8 11 9 7 13 17 27 6 9 16 12 14 19 27 31 7 14 19 22 13 24 32 36 
15 3 7 7 9 6 10 13 14 6 10 11 12 10 18 24 23 7 10 13 18 13 23 26 30 
16 3 6 7 7 8 14 13 16 5 7 11 13 7 18 22 29 6 9 15 16 10 18 27 27 
17 3 6 6 8 5 11 22 16 4 8 10 14 8 16 25 25 6 12 13 13 11 21 26 29 
18 3 7 10 10 6 10 16 21 5 9 14 14 10 18 26 27 5 12 18 20 11 24 30 37 
19 4 8 7 10 8 11 22 21 5 11 11 12 10 20 24 27 6 11 16 16 12 22 31 37 
20 3 5 6 8 5 10 12 16 4 9 9 11 8 15 26 21 5 9 14 14 9 18 25 28 
21 3 5 6 6 4 10 11 13 4 8 13 11 9 13 21 20 5 9 12 15 9 18 25 25 
22 3 4 6 7 7 9 16 15 5 8 11 10 10 15 18 21 5 9 12 13 10 21 27 27 
23 4 6 6 9 5 11 14 16 4 9 10 11 9 17 23 22 5 11 16 14 12 22 25 28 
24 4 7 9 8 6 10 15 19 4 12 13 13 10 18 31 31 6 11 16 17 13 22 30 43 
25 4 4 7 8 8 10 14 17 3 8 11 11 7 18 19 22 5 10 14 17 10 19 25 30 
26 3 5 7 7 7 14 16 19 5 11 12 13 9 17 23 23 6 12 14 17 12 23 32 31 
27 4 7 10 9 6 16 13 20 5 10 13 15 9 18 29 30 6 11 14 15 12 21 27 30 
28 3 6 8 8 8 14 15 15 4 8 10 13 9 16 22 25 6 11 16 16 12 21 26 30 
29 4 8 8 10 5 12 16 17 5 9 13 17 9 18 23 24 6 11 14 15 11 21 29 33 
30 2 6 7 9 5 8 14 14 4 7 10 11 8 16 19 24 6 11 14 15 10 19 27 37 
31 3 5 6 10 6 14 16 19 5 7 11 13 8 15 21 27 5 10 15 14 12 21 27 30 
32 2 5 9 7 6 12 16 15 4 8 10 10 8 14 21 21 6 9 14 14 9 17 26 24 
33 3 5 7 9 4 10 16 16 5 9 11 13 7 19 19 24 5 10 13 14 9 19 28 30 
34 3 5 6 6 5 9 13 13 5 7 9 10 8 14 20 22 4 10 12 13 11 16 22 26 
35 3 7 10 8 7 10 17 15 5 8 10 15 9 15 22 23 6 11 13 16 12 20 25 32 
36 3 5 8 6 6 10 15 15 4 7 11 11 7 18 21 23 5 11 13 13 10 18 24 28 
37 3 5 6 8 6 10 15 13 4 8 10 11 9 16 21 21 5 9 12 13 10 18 24 29 
38 4 5 9 11 7 13 19 22 4 8 14 15 9 19 25 30 5 10 16 17 9 21 31 31 
39 3 6 6 8 8 19 18 15 5 10 10 12 7 16 21 23 5 11 12 14 9 20 26 29 
40 3 5 9 8 5 11 14 20 4 8 11 12 9 16 20 24 6 9 15 15 9 20 28 30 
41 2 6 8 7 6 11 15 14 4 8 12 14 9 18 24 23 6 13 13 15 11 21 29 32 
42 3 7 7 9 5 11 13 14 4 8 10 10 8 15 18 22 4 10 13 13 9 20 25 31 
43 3 7 7 8 7 11 18 26 5 8 12 13 9 20 26 24 6 10 16 14 10 19 32 36 
44 3 5 6 8 5 10 16 17 4 8 9 15 9 17 22 24 6 10 14 15 13 20 25 31 
45 2 5 7 7 5 9 16 15 5 7 11 13 10 15 24 29 5 11 12 15 10 21 26 30 
46 3 5 8 8 7 12 17 16 5 8 9 14 9 16 22 27 5 10 13 15 10 22 27 29 
47 4 6 6 9 6 10 18 16 5 8 10 12 8 18 22 28 6 11 12 15 9 23 27 30 
48 3 5 8 8 6 9 15 13 5 7 10 11 9 19 20 24 6 10 14 16 11 20 30 30 
49 3 5 8 8 6 14 15 15 4 10 11 12 9 19 23 31 6 12 14 16 10 22 26 30 
50 3 6 8 11 6 9 14 15 4 10 11 13 10 18 26 31 5 10 16 19 13 22 30 33 
51 3 6 7 9 7 11 18 20 4 9 12 13 8 16 25 25 5 8 14 13 10 20 28 30 
52 4 5 7 7 5 10 14 21 5 9 11 15 8 16 19 24 6 9 13 16 10 21 26 27 
53 3 5 7 9 5 13 14 13 5 9 10 12 8 15 21 26 6 10 13 14 10 20 25 35 
54 3 6 8 7 6 13 20 18 4 8 11 15 8 17 25 24 7 10 14 17 11 21 28 36 
55 3 5 7 8 5 12 12 15 5 8 10 12 8 17 21 22 5 9 13 15 10 18 28 30 
56 3 6 6 7 6 14 15 18 5 7 11 12 8 16 24 24 5 12 15 17 10 20 29 34 
57 2 5 7 6 6 10 14 13 5 7 10 10 8 16 18 23 5 9 13 13 10 20 30 28 
58 3 6 7 9 7 11 16 15 5 8 11 15 10 17 23 24 6 10 14 14 11 25 27 30 
59 3 6 7 9 6 15 19 24 5 9 12 16 10 17 23 28 6 11 16 16 11 24 32 37 
60 3 5 8 8 6 9 14 13 6 6 10 11 9 15 18 25 4 11 13 17 10 22 27 30 
