1 4 5 7 8 6 10 14 14 7 8 12 12 9 18 24 27 6 10 12 16 10 22 31 29 
2 4 7 7 8 6 9 16 21 5 8 10 14 10 15 25 24 6 9 13 14 10 19 27 31 
3 3 5 7 10 5 9 13 15 5 7 11 13 8 17 20 26 5 11 11 14 10 20 23 31 
4 3 6 8 7 8 11 17 14 6 8 11 12 9 18 22 21 5 12 13 16 11 19 23 30 
5 3 5 9 8 6 10 18 14 5 8 12 12 8 18 22 29 6 13 17 15 12 20 29 31 
6 3 8 7 8 6 13 14 17 6 9 10 12 10 17 24 29 7 12 17 17 12 23 29 36 
7 3 6 11 14 8 13 18 20 5 7 15 11 12 20 27 25 6 12 14 20 13 24 30 34 
8 3 7 10 9 6 13 16 16 6 9 11 12 10 18 26 28 6 12 14 15 12 22 33 30 
9 2 6 7 8 6 11 12 19 5 8 12 11 8 18 21 24 6 12 13 13 11 18 26 31 
10 3 6 9 9 6 15 15 15 5 9 12 12 10 18 25 23 6 11 15 16 11 23 30 31 
11 3 6 8 8 6 13 15 18 5 10 12 14 11 17 27 28 6 11 13 15 12 22 32 34 
12 4 6 7 7 5 11 12 15 5 10 10 13 9 17 25 27 6 10 14 14 10 19 27 30 
13 4 5 10 8 7 11 17 21 5 9 12 14 10 18 26 26 7 11 16 15 13 26 27 30 
14 4 8 7 11 8 15 17 29 7 12 18 16 10 20 24 28 7 12 21 19 14 33 34 40 
15 3 6 8 9 8 11 12 21 5 8 11 12 10 18 24 27 6 12 15 19 14 23 32 33 
16 2 6 8 7 4 9 13 14 5 9 11 13 9 16 23 21 5 12 11 15 10 23 27 30 
17 5 6 7 8 6 15 16 14 4 7 12 14 8 17 25 27 6 9 14 17 10 20 31 28 
18 3 7 8 9 7 12 16 16 5 10 14 15 11 19 24 26 6 13 15 15 10 22 29 32 
19 5 8 10 15 6 13 18 20 5 10 13 15 10 18 29 32 6 13 17 19 12 22 33 38 
20 3 5 6 11 4 9 11 14 5 8 10 11 7 20 17 24 5 9 12 14 12 18 25 27 
21 2 6 8 7 5 9 11 16 4 7 11 11 8 14 21 21 5 10 12 13 12 21 25 29 
22 3 4 6 7 6 10 12 15 5 6 10 11 8 16 20 23 6 10 13 13 10 20 28 24 
23 4 5 7 9 6 12 15 16 5 8 11 11 8 19 25 24 6 11 15 15 12 18 26 28 
24 4 6 8 12 7 10 18 16 6 11 14 17 11 19 24 32 6 10 16 15 11 24 29 34 
25 4 6 6 8 6 12 15 17 4 8 12 11 9 16 26 21 5 11 12 15 10 21 25 29 
26 3 7 9 8 8 11 18 18 6 9 12 13 11 20 26 25 5 12 13 15 13 22 29 31 
27 3 8 9 14 6 10 17 17 6 7 12 13 9 17 23 25 7 10 15 16 12 25 30 30 
28 4 5 6 10 6 14 12 16 4 9 11 13 9 17 24 27 6 13 14 15 11 22 29 35 
29 4 6 9 9 7 11 23 17 6 10 12 13 9 19 23 30 6 11 14 17 10 24 28 32 
30 3 5 7 8 5 11 13 17 4 8 13 10 8 17 18 23 5 9 13 15 11 18 24 27 
31 2 6 10 8 5 14 13 16 5 8 12 10 7 15 26 26 5 8 11 16 10 19 30 31 
32 3 4 6 5 8 9 16 14 4 7 10 13 8 13 20 22 5 10 12 13 12 17 26 27 
33 2 6 8 7 6 9 17 16 4 8 13 14 7 17 20 26 5 10 12 14 10 18 29 32 
34 2 6 7 6 5 9 12 18 4 8 9 11 8 16 21 22 5 9 12 13 9 18 23 34 
35 4 7 8 8 5 10 13 15 5 7 11 13 10 16 26 25 5 10 14 13 12 20 28 32 
36 3 6 7 8 5 13 13 15 4 8 10 12 9 16 20 27 6 10 13 14 10 20 24 28 
37 3 5 7 6 5 9 15 15 5 7 11 10 10 14 21 25 5 10 12 13 10 17 23 27 
38 3 6 9 10 7 11 16 19 5 10 13 14 9 16 30 27 7 11 17 19 13 21 30 40 
39 2 6 8 10 7 11 18 19 6 8 10 16 9 19 26 28 4 11 15 16 12 22 27 31 
40 3 5 8 8 5 12 16 14 4 8 12 13 8 19 23 24 5 10 14 15 11 18 29 31 
41 2 5 8 11 5 15 13 16 5 8 14 11 9 16 24 28 6 10 13 14 11 20 25 28 
42 3 4 7 8 5 11 13 15 4 7 9 11 9 14 18 23 6 9 12 15 11 17 25 26 
43 4 6 7 8 6 10 15 23 5 8 11 15 9 16 23 26 7 11 15 16 10 23 25 36 
44 3 6 7 8 7 11 13 16 4 8 11 12 10 15 24 27 6 11 15 14 12 25 29 27 
45 3 5 7 7 5 10 16 16 4 8 11 12 11 17 19 23 6 10 13 14 11 20 28 30 
46 2 6 7 8 5 9 14 15 4 9 10 11 9 16 23 26 5 11 11 16 9 19 24 30 
47 3 5 6 7 6 10 11 21 4 10 10 12 9 14 21 22 6 9 15 14 11 17 25 28 
48 3 5 7 8 6 11 14 15 4 9 11 14 9 16 21 26 5 9 14 15 10 19 31 31 
49 3 5 7 10 5 11 14 22 4 10 13 12 10 17 29 27 6 11 16 15 10 21 30 29 
50 3 6 7 10 7 12 13 18 5 8 12 11 9 16 24 24 6 10 15 15 10 23 27 37 
51 3 6 7 9 5 12 16 18 5 9 11 10 9 17 25 27 5 9 13 14 10 19 25 38 
52 3 5 6 8 5 10 15 24 6 9 13 13 8 16 24 24 5 11 12 15 11 21 23 30 
53 3 4 7 9 6 10 17 19 4 10 11 14 8 19 22 23 5 9 13 14 11 22 30 30 
54 4 5 8 8 7 15 17 18 5 9 12 14 10 19 26 27 6 10 14 16 10 21 28 31 
55 3 5 7 8 5 13 14 19 5 8 14 13 9 17 21 25 5 10 15 13 10 20 29 29 
56 4 7 5 12 6 10 14 18 5 8 12 11 9 21 24 24 6 9 14 16 12 21 29 34 
57 3 4 6 7 6 9 13 13 5 8 9 13 8 16 18 22 5 9 12 14 9 19 24 31 
58 3 5 10 8 8 11 14 20 5 10 10 12 9 18 21 30 5 11 14 16 12 23 29 31 
59 3 5 9 11 6 12 14 17 5 11 14 14 10 17 22 28 7 12 15 15 15 22 32 37 
60 2 5 7 6 5 11 13 16 4 9 11 12 11 19 26 26 6 9 12 16 9 21 34 32 
