1 3 5 9 7 8 11 15 14 5 8 10 12 9 16 23 26 8 10 14 14 11 24 28 27 
2 3 6 8 7 7 11 15 18 5 8 12 14 8 18 24 25 5 10 15 15 11 21 30 29 
3 3 5 8 8 5 9 14 20 4 8 12 10 10 18 24 22 5 14 12 13 10 20 24 30 
4 3 5 6 7 6 12 19 15 6 9 10 12 9 17 25 23 6 9 14 14 13 19 27 27 
5 3 6 7 7 6 12 14 15 6 8 12 17 8 18 21 24 6 11 17 14 12 20 26 30 
6 3 6 7 10 6 12 15 16 5 11 14 13 11 17 24 26 6 12 15 16 11 22 30 35 
7 4 7 8 8 10 16 17 22 5 11 14 14 11 18 25 30 6 12 13 15 13 21 31 29 
8 3 6 9 7 7 12 15 20 5 9 11 13 9 22 27 28 6 12 14 18 12 22 27 29 
9 3 5 9 9 5 10 13 13 5 8 12 12 8 17 23 23 6 10 13 16 11 21 29 32 
10 5 7 8 13 5 14 16 20 6 10 10 16 9 18 23 23 6 12 14 16 12 22 31 33 
11 3 5 6 10 6 12 17 17 5 10 12 11 9 18 24 28 6 12 15 15 11 23 27 30 
12 2 5 10 8 6 11 15 19 5 9 11 11 9 18 22 25 6 10 14 16 10 23 24 27 
13 3 7 7 9 7 12 16 18 5 9 12 12 11 20 21 26 8 12 14 15 13 21 29 29 
14 4 9 8 10 7 14 20 16 8 11 13 13 14 21 29 32 6 13 16 21 13 25 46 37 
15 3 5 8 7 9 13 17 14 5 9 11 12 9 22 23 24 6 11 14 18 11 21 27 32 
16 3 4 9 7 6 8 14 15 4 10 10 11 8 19 23 21 6 9 13 12 8 21 32 30 
17 3 5 6 8 5 13 12 18 4 8 13 11 11 18 21 25 6 10 15 15 10 18 25 30 
18 4 5 9 9 5 11 19 21 4 9 12 13 11 18 22 30 6 10 14 15 12 23 33 41 
19 2 7 9 9 6 12 13 18 7 10 14 15 10 17 28 29 6 10 16 17 14 25 31 41 
20 2 5 8 8 4 12 11 16 4 7 11 12 8 15 22 23 5 9 15 13 10 22 24 29 
21 3 5 8 6 6 9 11 15 4 7 11 11 8 15 21 24 5 9 12 16 10 17 26 30 
22 3 4 6 7 5 11 16 17 6 8 8 10 8 15 19 25 6 8 13 13 11 19 25 26 
23 2 7 7 7 7 13 13 15 4 8 10 12 10 17 23 25 6 10 12 15 11 23 25 29 
24 3 6 7 8 7 13 13 20 5 9 12 15 9 16 23 26 6 10 16 15 11 23 28 34 
25 4 5 7 9 5 10 12 13 4 10 10 10 8 16 19 21 5 9 13 17 10 19 26 27 
26 3 5 8 7 7 14 12 18 5 9 12 12 10 19 22 26 6 13 17 18 11 23 28 31 
27 3 7 7 11 7 14 23 18 5 10 14 13 8 20 26 24 6 11 18 18 11 23 31 32 
28 3 5 7 10 6 10 16 17 5 8 10 11 10 17 23 24 5 11 15 16 10 22 29 35 
29 3 6 9 10 6 12 18 16 5 9 12 13 9 21 22 27 7 11 15 15 11 25 31 32 
30 3 4 6 7 6 10 12 22 4 7 11 9 8 16 26 24 5 10 12 14 10 18 24 29 
31 3 5 8 8 6 12 14 14 4 9 11 11 8 15 22 27 6 11 11 18 10 22 26 27 
32 3 5 6 7 5 10 15 18 4 8 10 12 8 14 19 23 5 8 10 12 9 17 24 25 
33 2 6 6 8 5 15 18 16 4 8 10 10 10 16 22 26 6 9 12 15 10 20 27 27 
34 3 5 7 8 4 12 13 13 3 9 9 10 8 15 20 22 6 10 11 12 10 18 22 30 
35 3 6 9 8 6 9 16 14 4 10 12 13 8 17 25 27 5 10 16 18 10 21 32 32 
36 3 4 6 8 5 12 15 16 5 8 11 11 9 18 26 28 6 11 13 17 10 18 27 27 
37 3 5 6 9 5 8 14 15 4 8 10 13 9 15 24 26 6 9 12 13 11 18 26 30 
38 3 5 8 11 5 12 15 19 4 9 12 12 10 16 23 30 5 10 15 17 13 20 31 33 
39 2 6 7 8 6 9 19 20 4 7 13 13 8 21 19 27 6 10 12 14 11 25 29 33 
40 3 6 7 9 7 10 16 18 4 8 10 14 8 18 22 23 6 11 15 15 12 19 26 29 
41 3 5 8 8 7 13 14 17 5 8 12 16 11 17 27 24 7 11 15 13 11 22 31 33 
42 3 6 6 7 5 10 10 14 5 6 10 12 10 16 22 22 5 10 13 14 10 18 25 27 
43 3 6 8 7 6 14 13 16 6 9 12 11 10 17 26 25 5 12 13 15 10 22 28 37 
44 2 6 6 8 6 14 15 18 5 9 13 11 9 17 24 23 5 11 12 14 11 18 28 30 
45 3 6 7 8 5 10 16 15 5 7 12 11 9 18 21 24 5 10 13 17 10 21 27 33 
46 3 4 9 9 6 11 14 17 4 9 10 11 11 16 22 23 6 10 15 14 10 18 25 32 
47 3 7 6 7 6 14 15 20 5 7 13 13 9 17 22 26 5 11 12 14 11 19 30 32 
48 3 5 6 7 6 12 21 13 5 7 11 12 9 19 26 24 5 13 13 14 10 23 24 28 
49 3 6 6 8 7 10 18 18 5 10 14 11 10 17 24 24 6 11 14 18 10 21 26 30 
50 3 6 7 9 5 14 17 19 4 10 11 15 11 18 33 27 6 10 14 16 11 22 27 35 
51 2 6 7 7 4 13 14 20 4 8 10 11 7 15 22 26 5 9 13 14 12 20 29 31 
52 3 7 5 10 5 12 13 16 4 7 10 15 10 19 24 27 5 10 15 14 10 20 25 28 
53 3 5 9 7 6 12 15 18 5 8 12 14 8 16 23 26 5 10 14 15 11 21 25 32 
54 3 7 8 8 5 12 14 15 4 7 11 14 10 18 27 27 5 11 14 17 12 23 26 36 
55 3 5 8 9 6 12 18 21 4 9 10 13 8 16 22 25 6 10 14 17 11 20 28 31 
56 3 6 6 8 6 9 15 21 4 7 14 13 9 19 24 23 7 10 13 17 13 23 27 29 
57 3 6 5 6 5 10 12 12 4 8 11 11 8 14 18 24 5 9 10 13 10 18 24 24 
58 4 5 8 9 6 13 19 24 5 11 12 16 9 20 27 25 6 11 13 14 11 23 28 31 
59 3 6 7 8 6 10 19 21 5 9 13 14 9 21 27 35 6 12 15 19 11 23 27 36 
60 3 5 8 7 7 10 13 19 3 8 9 11 7 16 26 25 5 10 12 13 10 20 29 28 
