1 4 7 7 8 7 12 15 14 5 10 12 13 10 16 22 27 6 12 14 14 11 20 31 30 
2 3 5 6 7 8 10 17 15 6 7 11 11 8 17 19 22 5 10 13 13 10 20 32 32 
3 3 5 7 8 5 13 14 16 5 7 10 11 9 15 19 23 6 8 13 12 10 20 22 26 
4 3 6 7 9 6 10 16 17 5 8 12 11 9 16 22 24 6 10 15 15 10 22 30 33 
5 2 7 7 9 5 11 16 15 5 10 10 12 8 17 25 22 5 11 13 14 11 23 27 28 
6 4 6 8 9 6 15 18 20 5 9 11 12 12 22 25 26 6 12 15 16 12 22 29 34 
7 3 7 6 7 7 12 14 21 5 9 14 11 10 20 23 27 7 12 16 15 12 21 25 32 
8 3 6 7 10 7 11 14 17 5 10 12 11 10 20 22 27 7 11 13 17 12 23 29 34 
9 3 6 6 8 7 10 16 15 5 9 13 12 9 17 20 23 6 11 12 15 10 23 31 32 
10 3 7 7 9 7 10 15 18 5 9 12 15 11 19 22 26 5 12 14 17 11 21 28 30 
11 3 8 7 8 7 13 17 17 5 11 12 14 9 18 23 26 6 11 13 16 12 24 28 32 
12 3 6 9 8 7 19 16 17 4 9 12 14 11 19 20 22 6 14 15 14 10 22 27 32 
13 4 6 9 8 6 14 17 20 6 11 12 15 12 21 25 27 8 12 16 18 14 24 30 32 
14 4 9 10 11 7 17 25 25 5 11 13 18 11 21 28 29 7 14 15 18 14 25 42 36 
15 4 5 7 9 6 13 19 13 5 10 10 16 11 20 24 28 7 11 13 18 14 24 27 30 
16 3 6 5 6 5 10 13 13 5 11 11 12 7 17 19 25 5 10 12 16 9 17 29 29 
17 4 5 9 11 5 9 14 16 4 7 10 12 10 17 26 26 6 12 13 13 13 21 29 34 
18 3 7 9 7 6 12 15 19 4 8 13 15 10 20 26 27 6 11 14 19 10 26 33 32 
19 3 6 8 10 8 12 19 17 4 8 14 12 11 19 23 31 6 11 16 16 12 22 30 31 
20 2 6 8 7 7 9 14 19 5 7 9 11 9 16 23 23 5 11 14 14 11 18 24 27 
21 3 4 7 8 5 9 12 17 5 8 10 11 8 15 22 28 6 10 14 13 11 20 26 29 
22 3 4 10 6 6 9 16 13 5 6 10 10 9 17 21 26 5 9 12 15 10 20 26 27 
23 3 5 8 6 6 14 17 21 4 9 11 13 8 18 22 21 5 11 14 14 11 22 33 37 
24 4 8 10 9 7 13 16 18 4 11 12 12 10 20 23 27 7 12 16 17 12 23 34 37 
25 3 5 7 7 6 12 17 14 4 10 9 12 7 15 21 28 5 10 12 15 12 18 24 30 
26 4 7 9 10 7 12 16 19 5 11 10 12 11 17 22 28 7 10 16 15 12 22 28 31 
27 4 6 8 8 6 14 15 17 6 10 16 15 9 18 28 29 6 12 14 18 13 24 32 34 
28 4 5 11 7 7 10 13 14 5 8 12 12 9 15 21 25 6 11 13 15 10 21 26 30 
29 3 6 8 8 5 12 17 20 5 9 14 12 10 23 26 31 6 12 14 15 11 20 28 33 
30 4 4 6 7 5 10 13 13 5 8 12 11 8 14 23 25 5 10 12 15 10 20 34 28 
31 4 7 6 8 5 13 13 17 6 10 12 11 8 17 28 27 7 14 16 19 14 24 34 34 
32 3 5 10 7 6 11 14 18 4 10 13 13 13 17 21 27 6 11 15 14 12 20 27 28 
33 3 7 6 9 5 10 12 16 4 7 13 12 9 15 19 33 5 11 14 16 12 19 28 29 
34 2 5 6 8 6 11 12 18 4 7 11 11 8 14 19 23 5 9 12 12 10 16 26 23 
35 3 6 7 9 7 10 15 15 5 8 11 11 9 19 23 27 6 10 14 15 11 25 33 27 
36 3 5 7 8 6 11 12 18 5 7 11 12 8 17 21 26 5 10 15 14 11 20 27 28 
37 3 5 6 10 5 11 16 18 5 8 11 12 8 15 20 22 6 10 12 16 10 18 28 29 
38 3 7 8 10 6 11 17 18 4 8 12 14 9 19 26 32 6 12 14 17 12 25 31 32 
39 3 4 7 8 6 11 16 24 4 9 10 11 9 16 22 27 5 11 13 17 10 21 31 32 
40 4 5 11 8 7 11 13 19 4 9 13 11 9 18 21 26 6 11 14 16 11 20 31 36 
41 3 8 9 10 6 11 20 17 4 9 11 12 9 17 24 25 6 10 17 15 11 21 29 31 
42 3 4 6 6 6 8 14 16 4 7 9 11 9 15 19 22 6 9 13 12 9 20 25 27 
43 4 7 8 10 6 11 17 16 5 8 15 12 9 19 26 31 7 12 14 16 12 20 27 34 
44 3 5 8 8 6 12 16 17 4 9 11 12 8 17 21 27 7 9 16 14 11 23 29 33 
45 3 5 8 9 7 9 14 15 4 8 11 11 8 17 24 23 6 10 13 15 11 22 25 34 
46 2 6 7 10 6 10 15 19 5 9 14 12 8 17 21 23 5 11 12 13 11 20 26 29 
47 3 6 8 10 5 9 13 15 4 8 12 10 8 16 20 37 4 11 13 15 9 22 29 32 
48 3 5 7 8 5 11 18 17 4 10 10 12 8 14 23 23 5 11 13 14 10 18 27 29 
49 4 4 7 8 6 11 18 18 4 9 12 13 8 18 23 27 5 10 12 15 12 22 26 30 
50 4 5 7 9 5 12 16 18 5 9 12 14 9 21 26 28 6 10 13 15 10 21 27 31 
51 3 5 7 6 6 12 16 13 3 8 12 12 8 18 24 26 6 9 13 19 10 21 24 29 
52 3 5 8 8 7 10 17 16 4 9 9 11 9 18 20 22 6 10 12 15 11 22 28 29 
53 3 5 7 9 6 10 15 15 5 9 10 12 8 16 21 23 6 9 13 15 11 25 28 27 
54 2 6 8 9 5 12 21 15 5 8 10 13 8 17 26 25 7 10 13 17 10 22 31 30 
55 3 5 6 6 7 12 13 18 4 7 13 12 9 18 21 25 5 9 13 14 9 21 26 31 
56 3 5 9 8 8 13 15 20 4 8 11 13 8 17 25 25 6 9 13 16 10 23 27 32 
57 2 5 7 7 5 13 11 16 4 7 12 11 8 14 21 22 4 11 12 15 11 19 26 26 
58 3 6 9 8 7 10 14 21 5 8 11 14 9 16 23 28 6 10 14 17 11 22 27 26 
59 3 8 10 8 5 11 18 22 6 10 14 12 10 18 26 32 6 11 17 16 12 20 33 42 
60 3 5 6 7 6 10 15 17 5 8 12 10 7 16 20 21 6 11 11 15 10 20 28 28 
