1 3 7 8 8 6 12 16 14 4 10 15 11 12 17 28 26 6 10 13 18 11 25 29 28 
2 3 5 8 11 7 10 16 17 6 9 13 13 9 15 23 26 5 10 17 16 13 24 32 31 
3 2 6 5 7 5 12 12 13 6 8 10 14 9 15 24 27 5 10 11 12 11 20 25 24 
4 4 5 7 7 6 12 14 15 4 10 10 13 9 16 19 25 6 10 14 16 10 21 25 28 
5 3 6 9 8 7 12 15 16 5 9 11 13 8 16 27 24 7 11 13 15 11 19 28 28 
6 3 6 9 9 6 11 19 14 6 12 12 13 9 21 22 28 7 11 14 15 15 23 28 33 
7 3 5 9 9 8 12 18 15 6 9 11 13 11 18 29 38 7 10 15 14 12 20 31 32 
8 3 6 8 8 8 11 15 22 5 8 14 15 11 17 23 26 7 10 13 15 11 25 27 33 
9 3 6 8 8 5 11 14 16 6 8 10 13 9 17 22 21 7 9 13 16 10 20 25 30 
10 4 5 8 8 6 15 20 15 5 9 12 13 12 20 21 28 6 13 15 14 12 22 30 31 
11 3 8 9 8 7 12 20 17 6 10 11 14 11 25 25 27 6 13 16 14 12 29 33 35 
12 3 5 8 9 6 10 17 15 5 11 11 12 10 19 22 25 7 10 12 16 11 19 25 32 
13 4 5 10 9 6 13 19 15 5 9 12 11 11 19 22 27 6 13 16 18 11 22 29 29 
14 3 8 9 8 8 15 16 20 6 10 14 15 12 18 29 32 7 14 16 20 16 25 30 40 
15 3 6 8 7 6 15 15 14 5 11 12 12 10 17 24 25 6 11 15 20 12 24 34 30 
16 3 6 6 10 6 10 15 13 5 9 9 13 8 17 26 24 6 8 12 13 9 17 21 37 
17 4 4 8 7 7 11 23 18 5 9 11 12 8 19 21 24 6 9 13 14 10 20 26 28 
18 3 6 8 9 6 12 19 18 5 9 13 17 8 21 24 28 6 11 15 16 13 21 29 39 
19 3 6 8 9 6 11 14 18 6 8 11 13 10 19 22 23 6 11 14 17 12 22 31 37 
20 3 4 6 9 5 13 14 11 5 9 11 14 8 15 18 25 5 9 12 15 11 17 28 27 
21 3 5 6 8 5 9 13 12 4 7 11 12 8 16 20 26 4 10 12 13 9 20 26 26 
22 4 4 7 7 5 11 12 13 3 8 9 11 8 16 19 23 5 9 12 12 11 19 22 28 
23 2 6 8 7 7 9 15 20 6 9 9 13 8 19 20 22 5 11 11 15 11 22 32 28 
24 4 5 11 8 8 11 15 18 6 9 11 16 10 17 26 32 7 11 16 18 11 22 39 36 
25 2 6 6 8 5 11 13 16 3 8 12 14 9 18 21 22 6 11 11 13 11 22 26 26 
26 3 6 9 11 6 11 17 16 6 8 11 14 8 16 21 26 5 13 16 16 14 22 32 34 
27 4 6 9 10 7 14 16 15 6 9 13 14 9 18 24 28 7 11 17 17 10 25 29 36 
28 3 5 6 8 6 11 13 16 5 9 11 12 8 18 21 25 5 11 16 13 10 21 27 29 
29 4 6 8 8 7 14 18 21 5 9 11 12 9 19 23 26 6 10 15 15 10 22 31 32 
30 2 5 7 10 6 10 14 13 4 9 12 9 8 16 18 28 5 10 13 14 10 19 28 30 
31 3 7 9 6 6 10 14 17 4 9 10 11 8 16 23 26 6 9 14 14 10 19 28 34 
32 3 4 9 7 6 11 13 16 6 9 9 10 8 16 18 23 5 9 12 14 10 18 27 24 
33 3 6 9 6 6 11 14 16 5 8 12 12 8 17 20 25 5 9 14 14 9 20 23 29 
34 3 6 6 10 4 11 13 16 3 8 9 12 7 14 17 21 5 10 10 15 9 18 23 26 
35 3 5 7 8 6 13 15 13 5 10 12 11 9 19 24 25 5 12 12 14 13 22 26 35 
36 3 5 8 7 6 10 14 20 4 7 10 12 10 17 22 23 6 9 13 16 9 21 25 26 
37 3 5 7 7 5 11 16 15 4 8 11 11 8 15 18 23 6 10 12 12 11 18 29 30 
38 3 6 9 10 5 12 21 17 5 9 13 12 10 18 26 27 5 10 17 18 9 23 33 34 
39 3 7 7 7 5 15 16 17 4 8 12 17 9 15 22 25 5 10 13 16 12 24 28 33 
40 3 5 7 7 5 12 13 17 5 7 14 12 8 17 23 23 5 10 14 17 10 22 28 28 
41 3 5 8 8 6 12 14 19 4 9 13 13 8 16 24 29 5 12 15 14 11 21 26 35 
42 3 5 7 6 6 10 14 13 4 7 10 10 8 14 23 20 6 10 12 12 11 20 30 25 
43 3 6 8 7 6 11 14 24 6 9 10 13 10 19 21 30 5 12 14 17 11 20 30 28 
44 4 5 6 8 5 13 13 18 4 9 10 14 8 17 22 28 6 10 13 13 11 21 24 27 
45 3 5 7 10 5 11 17 14 5 8 10 11 9 17 19 25 5 10 13 15 10 21 27 29 
46 3 4 8 8 5 10 13 16 4 8 10 12 8 15 24 26 5 9 12 14 10 17 26 29 
47 3 4 8 8 6 13 12 21 5 7 13 13 8 16 23 30 5 11 12 16 9 22 25 31 
48 2 6 9 9 5 10 15 17 4 9 12 12 9 15 22 24 6 10 13 15 12 20 27 29 
49 3 6 7 10 6 11 14 19 5 10 11 13 8 15 22 28 5 10 14 15 10 20 28 33 
50 3 7 7 9 5 9 15 19 5 7 12 14 10 16 24 23 6 12 13 16 10 22 28 34 
51 3 5 10 7 6 11 11 18 5 7 12 10 8 14 28 25 5 10 14 16 9 18 25 29 
52 3 6 7 9 5 13 12 17 4 8 11 13 8 18 22 23 5 11 13 15 10 19 28 25 
53 3 7 8 7 6 9 15 14 4 9 10 11 10 15 20 26 6 10 14 18 9 20 32 30 
54 4 5 7 10 5 13 20 18 4 11 11 12 10 17 23 26 6 10 15 16 11 20 25 36 
55 3 5 8 7 6 11 16 13 4 8 9 12 7 19 23 27 6 10 13 17 12 19 26 29 
56 3 8 6 9 8 13 14 18 4 10 12 11 11 19 24 31 6 11 14 17 9 19 28 30 
57 2 6 6 7 6 12 13 12 4 8 9 10 8 15 18 21 5 10 11 14 11 18 25 27 
58 5 5 9 8 5 13 15 20 5 10 13 12 9 20 25 29 6 12 16 16 12 20 35 28 
59 4 6 10 8 7 12 15 17 5 9 13 13 9 20 24 27 6 11 14 17 11 23 31 36 
60 3 5 9 7 6 10 12 15 5 8 13 10 9 20 23 24 5 10 12 13 11 18 22 30 
