1 0 
2 0 
3 0 
4 1 
5 0 
6 0 
7 0 
8 0 
9 0 
10 0 
11 0 
12 1 
13 0 
14 0 
15 0 
16 0 
17 0 
18 1 
19 0 
20 0 
21 0 
22 0 
23 0 
24 0 
25 0 
26 1 
27 0 
28 0 
29 0 
30 0 
31 0 
32 0 
33 1 
34 0 
35 0 
36 0 
37 0 
38 0 
39 1 
40 0 
41 0 
42 0 
43 0 
44 0 
45 1 
46 0 
47 0 
48 0 
49 0 
50 0 
51 1 
52 0 
53 0 
54 0 
55 0 
56 0 
57 1 
58 0 
59 0 
60 0 
61 0 
62 0 
63 1 
64 0 
65 0 
66 0 
67 0 
68 0 
69 1 
70 0 
71 0 
72 0 
73 0 
74 0 
75 1 
76 0 
77 0 
78 0 
79 1 
80 0 
81 0 
82 0 
83 1 
84 0 
85 0 
86 0 
87 1 
88 0 
89 0 
90 0 
91 0 
92 1 
93 0 
94 0 
95 0 
96 1 
97 0 
98 0 
99 0 
100 1 
101 0 
102 0 
103 0 
104 1 
105 0 
106 0 
107 0 
108 1 
109 0 
110 0 
111 0 
112 1 
113 0 
114 0 
115 0 
116 1 
117 0 
118 0 
119 0 
120 1 
121 0 
122 0 
123 0 
124 1 
125 0 
126 0 
127 0 
128 1 
129 0 
130 0 
131 1 
132 0 
133 0 
134 0 
135 1 
136 0 
137 0 
138 0 
139 1 
140 0 
141 0 
142 0 
143 1 
144 0 
145 0 
146 0 
147 1 
148 0 
149 0 
150 0 
151 1 
152 0 
153 1 
154 0 
155 1 
156 0 
157 0 
158 1 
159 0 
160 0 
161 1 
162 0 
163 0 
164 1 
165 0 
166 0 
167 1 
168 0 
169 0 
170 1 
171 0 
172 0 
173 1 
174 0 
175 1 
176 0 
177 0 
178 1 
179 0 
180 0 
181 1 
182 0 
183 0 
184 1 
185 0 
186 0 
187 1 
188 0 
189 0 
190 1 
191 0 
192 1 
193 0 
194 0 
195 1 
196 0 
197 0 
198 1 
199 0 
200 0 
201 1 
202 0 
203 1 
204 0 
205 0 
206 1 
207 0 
208 1 
209 0 
210 0 
211 1 
212 0 
213 0 
214 1 
215 0 
216 0 
217 1 
218 0 
219 0 
220 1 
221 0 
222 1 
223 0 
224 0 
225 1 
226 0 
227 1 
228 0 
229 0 
230 1 
231 0 
232 1 
233 0 
234 1 
235 0 
236 1 
237 0 
238 1 
239 0 
240 0 
241 1 
242 0 
243 1 
244 0 
245 1 
246 0 
247 0 
248 1 
249 0 
250 1 
251 0 
252 1 
253 0 
254 1 
255 0 
256 1 
257 0 
258 0 
259 1 
260 0 
261 1 
262 0 
263 0 
264 1 
265 1 
266 0 
267 0 
268 1 
269 0 
270 1 
271 0 
272 1 
273 0 
274 1 
275 0 
276 1 
277 0 
278 1 
279 0 
280 1 
281 0 
282 0 
283 1 
284 0 
285 1 
286 0 
287 1 
288 0 
289 1 
290 0 
291 1 
292 0 
293 1 
294 0 
295 1 
296 0 
297 0 
298 1 
299 0 
300 1 
