1 1.2197e+06 1.23784e+06 1.22068e+06 1.20606e+06 1.22226e+06 1.22208e+06 1.20778e+06 1.20588e+06 1.19544e+06 
2 1.01618e+06 1.0137e+06 998494 1.00849e+06 979044 1.01027e+06 998170 988855 993314 
3 1.18743e+06 1.20577e+06 1.18506e+06 1.15757e+06 1.18967e+06 1.16499e+06 1.15896e+06 1.16851e+06 1.17817e+06 
4 953837 964103 968819 964992 963827 966831 952268 963733 953578 
5 1.07971e+06 1.09235e+06 1.06718e+06 1.07627e+06 1.06129e+06 1.05371e+06 1.06976e+06 1.07734e+06 1.06726e+06 
6 1.16199e+06 1.16167e+06 1.15373e+06 1.14251e+06 1.15617e+06 1.15723e+06 1.13691e+06 1.1454e+06 1.1369e+06 
7 1.14422e+06 1.13682e+06 1.14428e+06 1.14617e+06 1.13027e+06 1.12962e+06 1.13612e+06 1.12787e+06 1.13974e+06 
8 1.24773e+06 1.25245e+06 1.2358e+06 1.24081e+06 1.24718e+06 1.24639e+06 1.22586e+06 1.21054e+06 1.2538e+06 
9 1.2617e+06 1.23954e+06 1.25306e+06 1.25499e+06 1.24882e+06 1.23791e+06 1.23979e+06 1.23244e+06 1.24196e+06 
10 1.13817e+06 1.20964e+06 1.21665e+06 1.1416e+06 1.14947e+06 1.20647e+06 1.11533e+06 1.11037e+06 1.15634e+06 
11 1.0099e+06 1.0217e+06 1.04153e+06 1.03565e+06 1.02318e+06 1.03816e+06 1.02506e+06 1.0127e+06 1.02664e+06 
12 1.12722e+06 1.10866e+06 1.10903e+06 1.13284e+06 1.11551e+06 1.1276e+06 1.10615e+06 1.09366e+06 1.11391e+06 
13 1.24382e+06 1.24083e+06 1.2459e+06 1.18071e+06 1.23452e+06 1.21697e+06 1.21168e+06 1.20672e+06 1.22284e+06 
14 1.10417e+06 1.09458e+06 1.08417e+06 1.08763e+06 1.09696e+06 1.09575e+06 1.09055e+06 1.10433e+06 1.08138e+06 
15 976325 981234 961824 973388 971896 947988 975272 953050 973121 
16 999386 1.01254e+06 1.00156e+06 996357 986227 982125 985006 978843 987780 
17 1.10486e+06 1.08791e+06 1.08932e+06 1.07053e+06 1.07492e+06 1.0938e+06 1.07934e+06 1.07541e+06 1.06686e+06 
18 913377 904616 896982 906531 902115 898503 884679 900926 887312 
19 1.11582e+06 1.11809e+06 1.12458e+06 1.10574e+06 1.12158e+06 1.12949e+06 1.09477e+06 1.09222e+06 1.11281e+06 
20 1.15652e+06 1.16791e+06 1.15489e+06 1.15178e+06 1.15015e+06 1.14778e+06 1.15488e+06 1.16172e+06 1.1515e+06 
21 865273 865711 863048 876060 840600 851995 856139 849376 845978 
22 1.07949e+06 1.05942e+06 1.06882e+06 1.05104e+06 1.04265e+06 1.04196e+06 1.05273e+06 1.04834e+06 1.0498e+06 
23 1.01579e+06 1.00632e+06 980329 1.01554e+06 998151 991103 977276 1.01439e+06 1.00364e+06 
24 905656 940683 929727 915676 935930 917830 914331 916890 920470 
25 1.07204e+06 1.02905e+06 1.03568e+06 1.02961e+06 1.02147e+06 1.02544e+06 1.01268e+06 1.01912e+06 1.01711e+06 
26 1.1009e+06 1.06882e+06 1.1164e+06 1.07051e+06 1.09059e+06 1.10054e+06 1.06306e+06 1.09796e+06 1.06856e+06 
27 1.00481e+06 1.0011e+06 975465 988796 971217 973558 973016 972829 986524 
28 1.17121e+06 1.16739e+06 1.19574e+06 1.14308e+06 1.14474e+06 1.17949e+06 1.13017e+06 1.16978e+06 1.12689e+06 
29 994665 996310 971744 968061 979084 962664 988831 974131 982785 
30 1.07846e+06 1.09736e+06 1.05965e+06 1.06566e+06 1.1077e+06 1.0515e+06 1.11091e+06 1.06289e+06 1.07444e+06 
31 863037 855869 862339 844298 863568 861609 866979 847400 852690 
32 928658 937447 925989 926452 920253 915403 898406 910310 923038 
33 978333 949411 973270 971590 957772 950087 958177 950391 958123 
34 950634 969530 966252 951706 956756 940602 953969 938514 961902 
35 1.05284e+06 1.06036e+06 1.07086e+06 1.07169e+06 1.05977e+06 1.06236e+06 1.05936e+06 1.0611e+06 1.05509e+06 
36 976734 998305 980178 994087 984468 992001 998212 995813 981340 
37 1.07345e+06 1.07199e+06 1.05259e+06 1.04124e+06 1.04279e+06 1.05967e+06 1.0502e+06 1.06149e+06 1.04452e+06 
38 1.1665e+06 1.16585e+06 1.16681e+06 1.16116e+06 1.15997e+06 1.15566e+06 1.1424e+06 1.14283e+06 1.13999e+06 
39 994424 1.00138e+06 1.00483e+06 992650 976688 1.00129e+06 969445 971524 973444 
40 902982 893163 883077 890530 883095 898652 889889 875989 873565 
41 1.03764e+06 1.05036e+06 1.00885e+06 1.02681e+06 1.03192e+06 1.00881e+06 1.00404e+06 1.0091e+06 1.00193e+06 
42 1.05443e+06 1.06271e+06 1.0427e+06 1.05232e+06 1.03202e+06 1.04321e+06 1.03265e+06 1.04239e+06 1.02567e+06 
43 1.06812e+06 1.06495e+06 1.04502e+06 1.04473e+06 1.05146e+06 1.06647e+06 1.05266e+06 1.0509e+06 1.06541e+06 
44 979062 986993 977085 979420 971432 996191 988899 986509 992725 
45 1.0979e+06 1.09323e+06 1.09218e+06 1.07699e+06 1.04357e+06 1.08302e+06 1.08108e+06 1.0665e+06 1.07686e+06 
46 956144 945949 947240 953190 949628 955367 958262 944992 944980 
47 855394 841452 857493 845509 844727 843614 842905 846921 850629 
48 1.03585e+06 1.04922e+06 1.04223e+06 1.04035e+06 1.03479e+06 1.04611e+06 1.03697e+06 1.03096e+06 1.03972e+06 
49 922830 915637 916131 918698 923024 917649 921280 907824 914220 
50 898735 919960 917539 911655 914933 897748 909301 905291 901392 
51 946321 954883 938895 939388 945137 932338 935422 932376 949999 
52 934743 929571 945999 929445 918496 926930 944476 934687 930668 
53 1.00122e+06 981194 1.00854e+06 992979 987661 979589 980172 986760 993020 
54 971689 959043 957083 934153 949378 953743 958357 945017 951187 
55 994390 970318 990429 965677 966112 1.00393e+06 979088 979920 991459 
56 933939 907015 893782 919511 911226 895844 910426 921292 945351 
57 835730 826886 812546 809788 809613 798622 815355 795110 819546 
58 967493 990131 964125 972395 929460 941897 962548 962804 933435 
59 976950 944405 958303 953856 951846 951689 957412 941154 948106 
60 984955 1.02476e+06 1.00936e+06 978130 994645 1.00373e+06 981288 997207 982044 
