1 22445.4 
2 24839.3 
3 28494.4 
4 25612.1 
5 25904.4 
6 31266.9 
7 21937.1 
8 29441.8 
9 30181.5 
10 27114.4 
11 28093.1 
12 22240 
13 28635 
14 35729.3 
15 32273.3 
16 21854.7 
17 22864.5 
18 29384.4 
19 20229.9 
20 26771.5 
21 26333.7 
22 31988.7 
23 24802.2 
24 29719 
25 27412.4 
26 24576.4 
27 23392 
28 35707.8 
29 35058.1 
30 27979.4 
31 30561.2 
32 29545.7 
33 22394.4 
34 23455.5 
35 25643.2 
36 26349.8 
37 28698.3 
38 33630.5 
39 21493.6 
40 34105.3 
41 27430.4 
42 22971.3 
43 26409.6 
44 19416.7 
45 22676.3 
46 29409.8 
47 22801 
48 27448.2 
49 22246.7 
50 24981 
51 19140.4 
52 28433.3 
53 25166.5 
54 28464 
55 25976.3 
56 40490 
57 26304.5 
58 30148.3 
59 24226.2 
60 29065.2 
61 30245.7 
62 20646.7 
63 33511.3 
64 22214.2 
65 29255.6 
66 28328.6 
67 31048.7 
68 22315.2 
69 18542.2 
70 21902.8 
71 19718.6 
72 21655.9 
73 27232.3 
74 23251.1 
75 31959.4 
76 30507.8 
77 34652.1 
78 19554.9 
79 29136.2 
80 29784.8 
81 26260.8 
82 26334.1 
83 28358.8 
84 20645.7 
85 23741 
86 28701.1 
87 27605.6 
88 24609.9 
89 21886.8 
90 22550.3 
91 24662.6 
92 26147.9 
93 28662.4 
94 30066.6 
95 23753.6 
96 31546.4 
97 23556.1 
98 23346.6 
99 22637.1 
100 27336.2 
101 28748.6 
102 37729.5 
103 26788.2 
104 34794.4 
105 32249 
106 24527.3 
107 22327.7 
108 28190.4 
109 30625.4 
110 26140.6 
111 29013.4 
112 25231.6 
113 28941.9 
114 28103.2 
115 21592.9 
116 22654.5 
117 28881.7 
118 22490.8 
119 30579 
120 27364.7 
121 28147.1 
122 32256.4 
123 28066.4 
124 26991 
125 25010.2 
126 25300 
127 26904.5 
128 31468.7 
129 31340.3 
130 29520.4 
131 30680.8 
132 23859.4 
133 34685.6 
134 34286.3 
135 30775.4 
136 21825.2 
137 27585.7 
138 28899.2 
139 27624.7 
140 25895.2 
141 22432.4 
142 26836.5 
143 21616.8 
144 29760.7 
145 34322.4 
146 33130.6 
147 21480.6 
148 24266.3 
149 27817.1 
150 23361.4 
151 29768.9 
152 25836.4 
153 27555.6 
154 27689.2 
155 20627 
156 26021.5 
157 36177.1 
158 31218.1 
159 28747.9 
160 30444 
161 22621.3 
162 23805 
163 27101.4 
164 32313 
165 25829.4 
166 29462.2 
167 24536.7 
168 23242.7 
169 26247 
170 30192.2 
171 25034.5 
172 23125 
173 27943 
174 21836.9 
175 22341 
176 24701.5 
177 35017.5 
178 31112.7 
179 26000.8 
180 33129.1 
181 24581.9 
182 26697.1 
183 30076.6 
184 19902.2 
185 26985.8 
186 26539.7 
187 24714.9 
188 31322.4 
189 24227.6 
190 26358.5 
191 23061.3 
192 22432.4 
193 23731.8 
194 28242.5 
195 23112.6 
196 18555.3 
197 26930.6 
198 28824.6 
199 18586.6 
200 32849.7 
201 32249.9 
202 22395.2 
203 27590.1 
204 25621.2 
205 34155.4 
206 25941.2 
207 23964.7 
208 21236.7 
209 29722.5 
210 29800.6 
211 38504.1 
212 24113.8 
213 35923.7 
214 29100.3 
215 25430.8 
216 30655.8 
217 30163 
218 25286.9 
219 23592.4 
220 25106.1 
221 25110.5 
222 22856.8 
223 27304.7 
224 20889 
225 31683 
226 35005 
227 28747.8 
228 34256.4 
229 30142.5 
230 24004.5 
231 35170.4 
232 30677.7 
233 33513.2 
234 26659.5 
235 31377.4 
236 23824 
237 32311.1 
238 21371.1 
239 25507.2 
240 20962.8 
241 22728.4 
242 24825.7 
243 26731.4 
244 26194 
245 26919.2 
246 23661.4 
247 29998.8 
248 27430.8 
249 14586.5 
250 16252.9 
251 25438.8 
252 22620.9 
253 27208.4 
254 28974.2 
255 28885.3 
256 26305 
257 22735.8 
258 28450.5 
259 28355.4 
260 29108.3 
261 24410.9 
262 32515.5 
263 27524 
264 26430.2 
265 23727.4 
266 26222.9 
267 20445.8 
268 24372.6 
269 21199.3 
270 32508.4 
271 27466.9 
272 24556.9 
273 25702.5 
274 32050.8 
275 35204.8 
276 30521.8 
277 28892 
278 33807.1 
279 31020.8 
280 26481.5 
281 29534.1 
282 34742.4 
283 34061.4 
284 35955.2 
285 29809.8 
286 28318.6 
287 34620 
288 31624.7 
289 25786.7 
290 24372.7 
291 36372.5 
292 31587.9 
293 32104.6 
294 25633.4 
295 30995.3 
296 28365.8 
297 24943.6 
298 30945 
299 19204.1 
300 35899.6 
