1 22305.7 
2 23622.5 
3 28084.1 
4 25575.4 
5 26757.3 
6 31744.4 
7 21628.3 
8 29296.9 
9 29918.7 
10 26839 
11 27849.9 
12 22240 
13 28594 
14 36114.1 
15 31473.1 
16 22113.2 
17 22416.3 
18 29042.6 
19 20246.9 
20 27311.5 
21 26540.5 
22 31988.7 
23 25089.4 
24 28562.1 
25 26666.2 
26 24433.1 
27 23356.3 
28 35707.8 
29 34446.4 
30 27101.3 
31 30923.3 
32 29299.9 
33 22350.5 
34 23451.1 
35 25572.9 
36 26420.7 
37 27727.7 
38 33779.8 
39 22042.3 
40 33958.9 
41 27330.6 
42 23312.9 
43 26415.2 
44 19382.6 
45 22046.1 
46 30235.5 
47 22954.3 
48 26311.4 
49 22314.5 
50 24748.1 
51 19050.1 
52 28071.5 
53 25509.7 
54 28656.8 
55 25539.7 
56 40289.9 
57 26114.8 
58 30148.3 
59 24009.7 
60 29065.2 
61 30844.9 
62 20881.2 
63 33571.1 
64 22169.6 
65 29914.3 
66 28328.6 
67 31108.4 
68 22380.2 
69 18785.9 
70 21753.8 
71 20085.1 
72 21737.9 
73 27733.7 
74 23683.2 
75 32091.6 
76 30252.5 
77 34119.3 
78 19916.6 
79 29588.7 
80 29582.5 
81 26260.8 
82 26334.1 
83 28358.8 
84 20593.4 
85 23741 
86 28920.7 
87 26802.1 
88 24609.9 
89 22580.5 
90 22550.3 
91 24662.6 
92 26365.8 
93 28501.8 
94 29893.4 
95 23782.6 
96 31234.9 
97 23556.1 
98 22664.1 
99 22721 
100 27311.1 
101 28748.6 
102 37233.2 
103 27348.3 
104 34708.8 
105 32249 
106 24527.3 
107 22121.1 
108 28271.2 
109 30294.5 
110 26140.6 
111 28957.4 
112 25231.6 
113 28824.8 
114 28176.4 
115 21258.8 
116 22654.5 
117 29072.1 
118 22490.8 
119 31352.6 
120 27020.9 
121 27882.9 
122 32204.5 
123 28054 
124 26991 
125 24988.6 
126 25586.3 
127 26853 
128 31441.1 
129 31340.3 
130 29789.1 
131 30283.4 
132 23859.4 
133 34685.6 
134 34073.9 
135 30775.4 
136 21825.2 
137 27585.7 
138 28899.2 
139 27624.7 
140 25895.2 
141 22432.4 
142 26719.7 
143 21616.8 
144 30160.2 
145 34322.4 
146 31565.6 
147 21480.6 
148 24297.5 
149 28290.2 
150 23361.4 
151 29496 
152 25860.9 
153 27555.6 
154 27689.2 
155 20627 
156 26021.5 
157 36177.1 
158 31261.7 
159 28644.2 
160 30868.2 
161 22621.3 
162 23849.9 
163 27101.4 
164 32313 
165 25829.4 
166 29623.5 
167 24598.7 
168 23242.7 
169 26410.9 
170 29978.4 
171 25034.5 
172 23125 
173 27943 
174 21836.9 
175 22341 
176 24701.5 
177 34565.4 
178 30572.7 
179 26000.8 
180 33269.6 
181 24416.9 
182 26732.1 
183 31520.9 
184 19902.2 
185 26985.8 
186 26539.7 
187 24714.9 
188 31322.4 
189 24227.6 
190 26358.5 
191 23289.5 
192 22861.9 
193 24481.4 
194 28242.5 
195 23112.6 
196 18555.3 
197 26814.4 
198 28824.6 
199 18704.1 
200 32625.5 
201 32099.9 
202 22038.7 
203 27710.6 
204 25518.7 
205 34155.4 
206 25941.2 
207 24222 
208 21236.7 
209 29513.2 
210 29864.7 
211 38552.1 
212 24238.9 
213 35510.1 
214 29100.3 
215 25430.8 
216 30655.8 
217 30223 
218 24778.7 
219 23548.7 
220 25106.1 
221 25110.5 
222 22723.4 
223 27075.4 
224 21929.6 
225 31998.5 
226 35005 
227 28560.3 
228 34256.4 
229 29899.5 
230 24004.5 
231 35170.4 
232 30353.7 
233 33513.2 
234 26664 
235 31377.4 
236 23926.8 
237 32311.1 
238 21371.1 
239 25507.2 
240 20857.8 
241 22728.4 
242 24840.9 
243 26731.4 
244 26194 
245 26889.2 
246 23661.4 
247 29998.8 
248 27888.9 
249 14586.5 
250 16252.9 
251 25438.8 
252 22620.9 
253 26923.4 
254 28974.2 
255 28822 
256 26305 
257 22825.8 
258 28800.3 
259 28355.4 
260 29108.3 
261 24302.8 
262 32629.5 
263 27667.8 
264 26430.2 
265 23635 
266 26550 
267 20385.8 
268 24581.7 
269 21064.3 
270 32508.4 
271 27891.9 
272 24556.9 
273 25702.5 
274 32000.9 
275 35204.8 
276 30521.8 
277 28892 
278 33510 
279 31020.8 
280 26481.5 
281 29415.1 
282 34742.4 
283 34061.4 
284 35925.2 
285 30005.4 
286 28318.6 
287 34620 
288 31658.7 
289 25983.1 
290 24058.2 
291 36372.5 
292 31448.9 
293 32012.1 
294 26002.2 
295 30551.2 
296 28664.8 
297 24943.6 
298 30691.4 
299 19264.1 
300 35899.6 
