1 160 286 295 301 398 520 432 657 768 
2 164 247 346 267 401 578 382 584 751 
3 172 220 332 301 411 575 432 634 735 
4 157 248 271 261 415 498 394 474 735 
5 158 222 330 294 395 465 385 588 674 
6 212 288 371 327 478 621 474 646 761 
7 169 297 383 358 500 536 430 686 866 
8 212 315 370 347 462 631 450 718 956 
9 219 300 402 331 539 624 453 805 826 
10 213 352 433 359 556 673 491 779 972 
11 208 269 342 339 472 535 411 690 846 
12 188 326 269 306 453 555 394 635 764 
13 244 360 409 362 590 691 507 810 1068 
14 218 328 360 325 498 697 502 788 930 
15 189 307 373 310 474 605 428 686 760 
16 150 259 319 199 363 478 325 515 726 
17 134 230 205 266 343 378 337 521 575 
18 128 198 235 246 361 431 327 607 614 
19 144 230 258 262 332 463 353 635 747 
20 153 298 334 292 483 515 414 675 626 
21 192 248 288 278 510 511 381 607 789 
22 175 241 293 252 484 512 362 469 759 
23 184 285 355 260 475 432 395 578 621 
24 157 269 290 269 331 567 374 584 798 
25 172 238 314 328 429 479 436 646 775 
26 186 229 332 285 451 477 375 544 777 
27 182 271 328 306 356 484 434 704 678 
28 147 254 287 313 506 622 436 541 719 
29 140 287 247 311 470 621 454 589 869 
30 152 246 338 250 335 491 393 727 665 
31 162 217 302 245 392 512 303 490 553 
32 121 196 281 229 310 488 318 600 555 
33 141 265 194 190 347 482 376 528 586 
34 132 209 290 234 388 458 330 487 656 
35 147 243 310 220 395 494 422 535 685 
36 153 232 289 288 398 479 361 699 817 
37 169 218 266 263 516 546 349 517 772 
38 155 227 304 251 419 494 367 519 852 
39 155 278 323 292 389 468 335 653 674 
40 136 256 362 243 430 503 414 521 780 
41 163 219 307 258 447 606 347 580 756 
42 152 211 335 219 404 550 368 482 664 
43 158 218 257 240 457 558 382 587 706 
44 181 283 281 251 358 461 327 557 625 
45 142 246 321 276 439 426 306 555 695 
46 151 219 261 238 347 474 354 489 698 
47 141 229 293 207 345 475 334 521 648 
48 152 196 247 194 357 427 326 497 543 
49 147 217 290 251 311 474 317 639 605 
50 161 244 246 199 309 496 325 493 511 
51 169 215 234 238 354 514 343 502 521 
52 122 200 269 232 443 511 328 487 732 
53 124 243 258 263 309 398 343 537 669 
54 115 187 272 206 339 502 314 533 661 
55 149 232 295 254 374 428 328 508 604 
56 152 226 342 221 410 489 349 530 596 
57 126 225 274 260 352 497 366 568 575 
58 172 222 318 246 393 544 363 563 718 
59 179 233 329 278 358 518 325 564 715 
60 190 257 270 326 467 469 324 597 807 
