1 35 
2 37 
3 37 
4 34 
5 29 
6 37 
7 36 
8 34 
9 33 
10 39 
11 35 
12 35 
13 36 
14 34 
15 35 
16 35 
17 35 
18 35 
19 36 
20 34 
21 33 
22 38 
23 31 
24 32 
25 38 
26 31 
27 37 
28 32 
29 34 
30 34 
31 40 
32 34 
33 39 
34 39 
35 37 
36 36 
37 38 
38 35 
39 37 
40 31 
41 33 
42 39 
43 23 
44 36 
45 38 
46 28 
47 39 
48 36 
49 35 
50 39 
51 32 
52 35 
53 31 
54 40 
55 33 
56 33 
57 37 
58 37 
59 39 
60 45 
61 33 
62 34 
63 33 
64 42 
65 44 
66 35 
67 39 
68 38 
69 42 
70 39 
71 35 
72 24 
73 28 
74 41 
75 38 
76 41 
77 36 
78 37 
79 42 
80 41 
81 43 
82 34 
83 42 
84 35 
85 35 
86 39 
87 38 
88 42 
89 38 
90 37 
91 35 
92 37 
93 36 
94 36 
95 34 
96 32 
97 33 
98 36 
99 41 
100 41 
101 34 
102 36 
103 34 
104 36 
105 33 
106 37 
107 31 
108 38 
109 30 
110 34 
111 40 
112 34 
113 32 
114 35 
115 39 
116 41 
117 37 
118 39 
119 33 
120 32 
121 35 
122 39 
123 44 
124 35 
125 33 
126 40 
127 34 
128 37 
129 40 
130 38 
131 41 
132 42 
133 38 
134 44 
135 35 
136 40 
137 42 
138 36 
139 37 
140 38 
141 41 
142 35 
143 40 
144 37 
145 40 
146 38 
147 37 
148 32 
149 39 
150 32 
151 36 
152 37 
153 37 
154 37 
155 36 
156 37 
157 35 
158 33 
159 44 
160 37 
161 39 
162 41 
163 38 
164 41 
165 40 
166 46 
167 40 
168 38 
169 44 
170 40 
171 38 
172 41 
173 35 
174 43 
175 36 
176 38 
177 38 
178 42 
179 42 
180 38 
