1 38 
2 35 
3 36 
4 33 
5 31 
6 35 
7 31 
8 29 
9 29 
10 37 
11 39 
12 29 
13 37 
14 39 
15 36 
16 34 
17 32 
18 34 
19 37 
20 33 
21 32 
22 40 
23 35 
24 28 
25 38 
26 35 
27 37 
28 37 
29 40 
30 37 
31 40 
32 33 
33 36 
34 35 
35 39 
36 39 
37 38 
38 37 
39 39 
40 30 
41 35 
42 39 
43 34 
44 42 
45 34 
46 29 
47 33 
48 32 
49 35 
50 38 
51 33 
52 34 
53 38 
54 40 
55 33 
56 34 
57 32 
58 35 
59 30 
60 40 
61 32 
62 33 
63 36 
64 33 
65 35 
66 27 
67 33 
68 38 
69 41 
70 40 
71 35 
72 32 
73 35 
74 41 
75 36 
76 42 
77 36 
78 38 
79 41 
80 38 
81 43 
82 35 
83 41 
84 38 
85 36 
86 36 
87 38 
88 44 
89 37 
90 38 
91 33 
92 35 
93 40 
94 39 
95 39 
96 32 
97 33 
98 39 
99 41 
100 42 
101 38 
102 37 
103 38 
104 34 
105 35 
106 33 
107 40 
108 37 
109 33 
110 25 
111 29 
112 31 
113 32 
114 36 
115 37 
116 35 
117 32 
118 42 
119 31 
120 30 
121 37 
122 33 
123 37 
124 36 
125 39 
126 35 
127 37 
128 33 
129 38 
130 44 
131 43 
132 41 
133 36 
134 35 
135 38 
136 42 
137 40 
138 38 
139 34 
140 28 
141 39 
142 38 
143 41 
144 38 
145 32 
146 41 
147 40 
148 41 
149 38 
150 44 
151 32 
152 33 
153 40 
154 39 
155 34 
156 38 
157 37 
158 32 
159 42 
160 43 
161 38 
162 45 
163 38 
164 41 
165 37 
166 44 
167 33 
168 38 
169 36 
170 43 
171 40 
172 45 
173 33 
174 39 
175 40 
176 38 
177 38 
178 39 
179 45 
180 43 
