1 39 
2 34 
3 37 
4 36 
5 31 
6 37 
7 31 
8 30 
9 37 
10 38 
11 30 
12 37 
13 35 
14 40 
15 32 
16 33 
17 29 
18 37 
19 30 
20 34 
21 33 
22 33 
23 36 
24 33 
25 38 
26 33 
27 35 
28 36 
29 32 
30 38 
31 39 
32 39 
33 40 
34 36 
35 40 
36 36 
37 39 
38 37 
39 39 
40 32 
41 39 
42 39 
43 29 
44 43 
45 37 
46 33 
47 36 
48 30 
49 38 
50 43 
51 32 
52 39 
53 34 
54 39 
55 28 
56 33 
57 31 
58 32 
59 33 
60 43 
61 36 
62 32 
63 33 
64 31 
65 38 
66 36 
67 38 
68 33 
69 39 
70 34 
71 29 
72 25 
73 41 
74 35 
75 29 
76 43 
77 37 
78 40 
79 40 
80 38 
81 35 
82 37 
83 36 
84 39 
85 41 
86 41 
87 40 
88 44 
89 41 
90 40 
91 33 
92 32 
93 40 
94 37 
95 36 
96 35 
97 36 
98 40 
99 37 
100 31 
101 29 
102 38 
103 33 
104 40 
105 36 
106 37 
107 35 
108 46 
109 33 
110 37 
111 35 
112 35 
113 36 
114 39 
115 37 
116 33 
117 33 
118 38 
119 37 
120 32 
121 41 
122 40 
123 38 
124 32 
125 37 
126 40 
127 42 
128 42 
129 40 
130 40 
131 38 
132 36 
133 38 
134 39 
135 33 
136 46 
137 38 
138 34 
139 39 
140 30 
141 40 
142 35 
143 37 
144 37 
145 40 
146 38 
147 40 
148 39 
149 35 
150 39 
151 40 
152 42 
153 41 
154 38 
155 39 
156 34 
157 37 
158 42 
159 44 
160 42 
161 39 
162 43 
163 36 
164 37 
165 34 
166 45 
167 37 
168 35 
169 40 
170 45 
171 43 
172 39 
173 39 
174 45 
175 39 
176 43 
177 37 
178 38 
179 47 
180 41 
