1 38 
2 38 
3 39 
4 27 
5 33 
6 32 
7 31 
8 27 
9 38 
10 32 
11 34 
12 31 
13 37 
14 39 
15 39 
16 33 
17 34 
18 39 
19 36 
20 40 
21 37 
22 31 
23 32 
24 32 
25 35 
26 36 
27 39 
28 28 
29 34 
30 36 
31 41 
32 39 
33 39 
34 39 
35 38 
36 39 
37 35 
38 36 
39 39 
40 36 
41 36 
42 39 
43 34 
44 39 
45 39 
46 37 
47 39 
48 34 
49 37 
50 43 
51 33 
52 33 
53 32 
54 41 
55 39 
56 36 
57 38 
58 37 
59 37 
60 40 
61 36 
62 35 
63 37 
64 38 
65 40 
66 39 
67 39 
68 32 
69 43 
70 44 
71 39 
72 39 
73 36 
74 39 
75 33 
76 41 
77 38 
78 35 
79 42 
80 31 
81 38 
82 33 
83 31 
84 41 
85 43 
86 35 
87 41 
88 39 
89 31 
90 42 
91 33 
92 35 
93 39 
94 36 
95 39 
96 33 
97 33 
98 38 
99 37 
100 36 
101 33 
102 34 
103 34 
104 37 
105 33 
106 41 
107 39 
108 39 
109 37 
110 38 
111 35 
112 34 
113 33 
114 37 
115 40 
116 41 
117 36 
118 41 
119 34 
120 32 
121 41 
122 39 
123 38 
124 37 
125 33 
126 37 
127 34 
128 31 
129 42 
130 43 
131 43 
132 38 
133 34 
134 34 
135 39 
136 45 
137 38 
138 39 
139 38 
140 40 
141 39 
142 37 
143 30 
144 42 
145 34 
146 35 
147 34 
148 36 
149 43 
150 42 
151 37 
152 38 
153 40 
154 40 
155 37 
156 36 
157 36 
158 40 
159 48 
160 40 
161 43 
162 36 
163 42 
164 43 
165 33 
166 38 
167 33 
168 41 
169 41 
170 30 
171 41 
172 39 
173 35 
174 45 
175 45 
176 39 
177 42 
178 44 
179 42 
180 45 
