1 34 
2 40 
3 39 
4 27 
5 30 
6 34 
7 29 
8 28 
9 30 
10 39 
11 36 
12 39 
13 36 
14 39 
15 39 
16 33 
17 34 
18 37 
19 36 
20 33 
21 38 
22 36 
23 37 
24 31 
25 39 
26 30 
27 34 
28 39 
29 36 
30 37 
31 40 
32 33 
33 34 
34 38 
35 36 
36 37 
37 34 
38 38 
39 38 
40 31 
41 36 
42 40 
43 37 
44 40 
45 34 
46 37 
47 39 
48 36 
49 36 
50 39 
51 34 
52 38 
53 35 
54 40 
55 34 
56 32 
57 36 
58 35 
59 35 
60 37 
61 40 
62 32 
63 32 
64 33 
65 43 
66 35 
67 38 
68 36 
69 37 
70 37 
71 35 
72 34 
73 34 
74 35 
75 36 
76 37 
77 37 
78 41 
79 39 
80 36 
81 39 
82 37 
83 28 
84 35 
85 35 
86 36 
87 40 
88 39 
89 36 
90 40 
91 35 
92 36 
93 41 
94 35 
95 41 
96 37 
97 30 
98 36 
99 39 
100 36 
101 34 
102 40 
103 41 
104 32 
105 34 
106 44 
107 38 
108 37 
109 35 
110 27 
111 41 
112 34 
113 28 
114 34 
115 39 
116 38 
117 30 
118 40 
119 33 
120 36 
121 38 
122 33 
123 40 
124 43 
125 36 
126 36 
127 40 
128 40 
129 42 
130 35 
131 41 
132 42 
133 40 
134 38 
135 36 
136 43 
137 40 
138 30 
139 32 
140 32 
141 43 
142 37 
143 39 
144 40 
145 36 
146 34 
147 36 
148 39 
149 38 
150 40 
151 35 
152 34 
153 40 
154 43 
155 41 
156 37 
157 36 
158 35 
159 40 
160 40 
161 41 
162 42 
163 41 
164 41 
165 37 
166 40 
167 44 
168 34 
169 41 
170 39 
171 39 
172 44 
173 42 
174 46 
175 38 
176 36 
177 39 
178 38 
179 44 
180 42 
