1 54503.9 
2 54698.7 
3 48348.5 
4 44233.8 
5 56296.1 
6 50069.5 
7 40652.8 
8 50588.3 
9 52060.6 
10 50337.8 
11 56712.1 
12 52256.3 
13 46138.7 
14 45807 
15 35907 
16 49636.7 
17 47527.4 
18 46224.4 
19 29588.9 
20 50584.4 
21 46795.4 
22 44953.8 
23 49756.6 
24 35934.4 
25 45588.5 
26 45949.7 
27 54554.2 
28 52272 
29 71551.4 
30 50513.6 
31 45550.2 
32 50187.1 
33 51136.1 
34 61693.7 
35 56917.8 
36 45562.8 
37 48296 
38 43145.1 
39 43835.7 
40 43583.8 
41 54350 
42 48255.4 
43 49150.5 
44 36494.3 
45 65700.1 
46 47707.7 
47 47339.1 
48 46438.4 
49 51437.4 
50 57400.4 
51 49285.7 
52 53675.2 
53 50277.4 
54 55430.3 
55 36880 
56 55889.3 
57 47495.1 
58 57243.1 
59 63764 
60 52414.1 
61 52211.4 
62 50483.4 
63 39282.4 
64 63837.8 
65 58261.3 
66 46985.9 
67 62322.2 
68 43076.3 
69 53791 
70 36162.8 
71 46695.6 
72 51393.2 
73 57030.6 
74 45211.9 
75 54662.4 
76 42358.4 
77 42434.6 
78 40709.2 
79 53333.5 
80 46390.1 
81 57729.3 
82 50503.5 
83 50321 
84 41575.1 
85 41759.9 
86 47142.8 
87 51303.5 
88 48320.3 
89 37137.6 
90 44982.6 
91 47812.4 
92 44863.1 
93 54139.1 
94 43368.2 
95 52263 
96 52672.1 
97 48390.8 
98 43255.9 
99 41654.6 
100 43558.8 
101 42432.5 
102 45450.1 
103 38625.7 
104 55450.3 
105 40099.5 
106 48406.8 
107 35738.1 
108 40302.3 
109 64841.6 
110 48266.6 
111 46829 
112 43700.9 
113 49002.5 
114 60460 
115 56719.8 
116 46942.5 
117 45792.1 
118 36219.8 
119 67810.9 
120 46429.4 
121 56930.9 
122 48340.6 
123 38895.1 
124 55603.3 
125 55569.4 
126 48277.3 
127 47039 
128 64331.1 
129 43212.3 
130 53902.2 
131 47736.7 
132 49605.6 
133 53405.7 
134 46724.4 
135 47420.5 
136 48374.9 
137 51030.5 
138 48933.6 
139 64871.3 
140 52777.8 
141 57066.1 
142 47696.7 
143 51743.3 
144 43580.1 
145 48469.5 
146 42239.2 
147 45483.9 
148 40832.9 
149 40133.1 
150 41592.8 
151 48108.2 
152 41481.1 
153 45793.9 
154 39610.8 
155 52950.8 
156 45725.7 
157 42200.8 
158 44475.7 
159 34763.2 
160 47385.3 
161 40308.3 
162 42325.6 
163 39225.6 
164 49752 
165 41562.2 
166 41743 
167 34946.3 
168 41905.6 
169 41049.5 
170 37614.1 
171 44733.4 
172 27704.4 
173 43878 
174 44236.3 
175 38938.4 
176 49516.3 
177 61246.6 
178 41707.8 
179 54919.9 
180 45721.8 
181 41746.7 
182 39391.3 
183 37811 
184 43603.2 
185 41557.2 
186 46151.4 
187 37286.7 
188 44656.1 
189 34226 
190 47316.2 
191 42649.1 
192 43682.9 
193 44512.3 
194 39037.2 
195 41048.7 
196 38562.7 
197 44109.1 
198 40281.8 
199 53573 
200 41473.4 
201 43535.2 
202 54000.5 
203 56895.8 
204 50349.2 
205 59448.5 
206 49763.3 
207 39160.9 
208 42535.9 
209 37760.8 
210 48964.9 
211 61107.5 
212 44302.2 
213 57873.2 
214 52443.9 
215 47263.1 
216 51723 
217 42226.9 
218 39486.5 
219 52813.2 
220 39074.8 
221 41430.7 
222 46393.6 
223 38024.8 
224 52545.2 
225 40858.6 
226 46424.9 
227 43055.9 
228 47588.3 
229 40834.2 
230 42385.1 
231 42796.6 
232 43271.5 
233 49685.8 
234 46957.2 
235 42614.2 
236 44913.5 
237 48609.4 
238 47662.8 
239 41197.5 
240 47740.3 
241 44895.2 
242 45270.1 
243 36673.3 
244 41925.6 
245 45097.8 
246 45345.3 
247 52015.4 
248 37989.5 
249 43553.4 
250 39793.9 
251 43220.2 
252 41083.9 
253 48748.5 
254 49448.7 
255 59115.6 
256 36175.8 
257 54370.3 
258 48820.2 
259 42378.7 
260 50184.4 
261 52086 
262 46264.5 
263 51676.7 
264 57331.3 
265 44195.3 
266 31526 
267 43481.3 
268 51922.9 
269 46716.8 
270 45627.7 
271 45435.9 
272 48622.7 
273 36580.8 
274 48057 
275 41267.9 
276 49677.3 
277 58825 
278 48411.1 
279 44538.6 
280 51723.9 
281 41110.7 
282 37904.5 
283 48775.5 
284 49167.4 
285 36539.8 
286 40621.8 
287 44412.5 
288 51728.3 
289 50793.4 
290 43084.8 
291 54269.1 
292 57007.3 
293 48357.6 
294 47833.8 
295 56873.6 
296 47213.6 
297 44791.9 
298 47313.3 
299 41972.2 
300 37120.2 
