1 1.19964e+06 1.19029e+06 1.19333e+06 1.20377e+06 1.19405e+06 1.18886e+06 1.18876e+06 1.19185e+06 1.20125e+06 1.19606e+06 1.1942e+06 1.19893e+06 1.20786e+06 1.18909e+06 1.18938e+06 1.20103e+06 1.19341e+06 1.19725e+06 1.19924e+06 1.1876e+06 1.18843e+06 1.1889e+06 1.19048e+06 1.19515e+06 
2 1.00058e+06 980377 984038 977218 979665 968079 988726 980867 982115 985379 989341 982061 980600 981459 983917 975292 991327 989178 982730 991523 977727 981204 976649 982401 
3 1.1546e+06 1.15093e+06 1.1493e+06 1.15226e+06 1.14317e+06 1.15206e+06 1.14543e+06 1.14528e+06 1.1448e+06 1.15644e+06 1.14305e+06 1.1552e+06 1.14255e+06 1.14334e+06 1.14681e+06 1.14904e+06 1.15018e+06 1.13658e+06 1.15611e+06 1.15193e+06 1.14272e+06 1.14824e+06 1.14546e+06 1.14809e+06 
4 927512 936977 951188 941518 948119 941004 944581 931129 958943 938454 942069 942375 934324 927334 938620 947290 929622 931211 948258 937136 932039 931533 938305 939420 
5 1.04774e+06 1.05136e+06 1.06471e+06 1.05896e+06 1.05014e+06 1.04982e+06 1.06095e+06 1.05571e+06 1.04584e+06 1.0488e+06 1.05327e+06 1.0489e+06 1.0426e+06 1.05196e+06 1.04648e+06 1.05727e+06 1.03971e+06 1.05435e+06 1.06242e+06 1.06696e+06 1.05e+06 1.05218e+06 1.05527e+06 1.05903e+06 
6 1.13454e+06 1.14285e+06 1.13132e+06 1.13898e+06 1.12851e+06 1.13008e+06 1.12965e+06 1.1314e+06 1.12766e+06 1.14124e+06 1.12441e+06 1.13485e+06 1.13993e+06 1.12809e+06 1.12516e+06 1.12724e+06 1.12971e+06 1.13687e+06 1.14043e+06 1.13503e+06 1.13844e+06 1.13389e+06 1.13254e+06 1.13452e+06 
7 1.12866e+06 1.13528e+06 1.12657e+06 1.1155e+06 1.13256e+06 1.12135e+06 1.12095e+06 1.1207e+06 1.13127e+06 1.11942e+06 1.13061e+06 1.11558e+06 1.12506e+06 1.1192e+06 1.12059e+06 1.12429e+06 1.11764e+06 1.12591e+06 1.11104e+06 1.12553e+06 1.12123e+06 1.11777e+06 1.1228e+06 1.11676e+06 
8 1.21367e+06 1.22124e+06 1.21733e+06 1.21638e+06 1.20964e+06 1.20887e+06 1.21122e+06 1.22308e+06 1.21119e+06 1.21031e+06 1.21301e+06 1.21947e+06 1.20467e+06 1.2071e+06 1.2174e+06 1.21418e+06 1.21228e+06 1.209e+06 1.21336e+06 1.20665e+06 1.22424e+06 1.20788e+06 1.20905e+06 1.21446e+06 
9 1.22059e+06 1.21003e+06 1.21279e+06 1.21425e+06 1.21256e+06 1.2028e+06 1.20453e+06 1.21987e+06 1.2079e+06 1.21901e+06 1.21751e+06 1.21243e+06 1.21018e+06 1.21324e+06 1.21542e+06 1.21548e+06 1.20219e+06 1.21643e+06 1.21613e+06 1.21162e+06 1.20896e+06 1.20792e+06 1.21001e+06 1.21333e+06 
10 1.18795e+06 1.17204e+06 1.19209e+06 1.20345e+06 1.18274e+06 1.18573e+06 1.18559e+06 1.1899e+06 1.18946e+06 1.18964e+06 1.18737e+06 1.18111e+06 1.18807e+06 1.18062e+06 1.17977e+06 1.17868e+06 1.19469e+06 1.18856e+06 1.13193e+06 1.20197e+06 1.18354e+06 1.17041e+06 1.12147e+06 1.18319e+06 
11 1.00412e+06 1.00752e+06 1.00682e+06 1.00297e+06 1.00088e+06 1.00149e+06 1.00617e+06 999818 999640 1.00176e+06 1.00556e+06 1.00448e+06 1.00533e+06 998523 1.00344e+06 1.00234e+06 1.0022e+06 1.00397e+06 999425 1.0143e+06 1.00391e+06 1.00101e+06 1.00351e+06 1.00437e+06 
12 1.07608e+06 1.0894e+06 1.08734e+06 1.08783e+06 1.08001e+06 1.0895e+06 1.09151e+06 1.07908e+06 1.08998e+06 1.09154e+06 1.09401e+06 1.08048e+06 1.07278e+06 1.08623e+06 1.09264e+06 1.09324e+06 1.08804e+06 1.08683e+06 1.08263e+06 1.08845e+06 1.08121e+06 1.08337e+06 1.08327e+06 1.08887e+06 
13 1.21871e+06 1.21562e+06 1.20426e+06 1.2079e+06 1.21979e+06 1.19947e+06 1.20351e+06 1.20318e+06 1.20638e+06 1.19926e+06 1.20936e+06 1.19248e+06 1.19225e+06 1.20563e+06 1.20698e+06 1.19806e+06 1.21398e+06 1.21989e+06 1.19545e+06 1.2024e+06 1.19651e+06 1.20307e+06 1.19948e+06 1.21169e+06 
14 1.08331e+06 1.07187e+06 1.0746e+06 1.07505e+06 1.10057e+06 1.07957e+06 1.06864e+06 1.0683e+06 1.07289e+06 1.06781e+06 1.06888e+06 1.07744e+06 1.06232e+06 1.07357e+06 1.07186e+06 1.07992e+06 1.08215e+06 1.08653e+06 1.0689e+06 1.07534e+06 1.07994e+06 1.0751e+06 1.0707e+06 1.06975e+06 
15 967739 933052 942841 950042 949864 944067 940548 942592 954643 933691 944226 954850 941643 943271 941842 939249 959988 936531 943852 939428 951941 944625 945497 948910 
16 979272 964448 971501 966501 963584 960181 963145 969683 960919 963122 960571 972027 975317 961929 959418 965035 965419 970442 970483 975186 970120 963530 969093 962675 
17 1.06427e+06 1.05838e+06 1.08006e+06 1.07266e+06 1.05916e+06 1.03919e+06 1.06636e+06 1.06974e+06 1.05634e+06 1.06536e+06 1.06445e+06 1.06862e+06 1.05288e+06 1.05557e+06 1.06766e+06 1.05756e+06 1.04898e+06 1.05959e+06 1.06023e+06 1.04496e+06 1.05087e+06 1.05654e+06 1.06476e+06 1.05903e+06 
18 882085 887063 882900 884054 870432 878356 869064 885180 887331 878002 891388 887796 878157 862956 872796 877883 876375 882170 878268 878898 869357 876452 887184 879468 
19 1.10005e+06 1.08131e+06 1.07986e+06 1.08709e+06 1.07737e+06 1.07646e+06 1.08158e+06 1.08307e+06 1.07555e+06 1.07553e+06 1.07838e+06 1.07556e+06 1.07793e+06 1.08133e+06 1.0778e+06 1.07992e+06 1.08198e+06 1.07767e+06 1.0799e+06 1.08139e+06 1.07646e+06 1.0805e+06 1.07863e+06 1.06962e+06 
20 1.14635e+06 1.13098e+06 1.14062e+06 1.13662e+06 1.13353e+06 1.13142e+06 1.13502e+06 1.13642e+06 1.15565e+06 1.13409e+06 1.14121e+06 1.14155e+06 1.13469e+06 1.13245e+06 1.13529e+06 1.13718e+06 1.14857e+06 1.13345e+06 1.13801e+06 1.1361e+06 1.13157e+06 1.13428e+06 1.13727e+06 1.13769e+06 
21 831174 833625 839733 836812 833404 833052 835707 840436 840240 837017 834136 834838 827985 834081 836915 834570 840274 832218 833744 834283 824018 830798 831720 839114 
22 1.0308e+06 1.02305e+06 1.00728e+06 1.01773e+06 1.006e+06 1.01003e+06 1.01485e+06 1.02129e+06 1.01759e+06 1.02584e+06 1.01307e+06 1.01905e+06 1.02247e+06 1.02202e+06 1.00462e+06 1.02283e+06 1.00831e+06 1.00549e+06 1.01699e+06 1.02287e+06 1.01343e+06 1.00511e+06 1.01122e+06 1.01396e+06 
23 971063 974930 972033 976875 973162 971737 970737 964660 969654 970107 974072 971358 963275 977749 972207 973913 972885 969174 974320 967943 962697 965769 971136 975283 
24 892991 894869 896758 897859 887050 892341 896913 903103 899397 894703 893668 895277 892315 895034 898807 893956 895248 894049 904627 893844 897580 889468 893270 895719 
25 992572 996329 998586 1.00248e+06 989171 991554 995598 993750 993715 995748 994869 995886 993961 990554 994176 993656 997858 991208 997345 995146 997474 990829 995292 995404 
26 1.04357e+06 1.04714e+06 1.04746e+06 1.05961e+06 1.04338e+06 1.05101e+06 1.05526e+06 1.04909e+06 1.062e+06 1.05308e+06 1.04835e+06 1.05352e+06 1.04544e+06 1.04442e+06 1.05163e+06 1.05553e+06 1.06931e+06 1.04841e+06 1.05761e+06 1.06275e+06 1.04536e+06 1.04247e+06 1.04638e+06 1.05288e+06 
27 961239 940502 956899 941782 941652 946504 956645 956454 954830 949532 946669 942723 943400 944328 943822 929504 951053 946220 960392 945934 923735 939394 944376 944308 
28 1.11528e+06 1.12709e+06 1.11589e+06 1.11139e+06 1.10503e+06 1.10901e+06 1.10655e+06 1.10836e+06 1.11827e+06 1.10707e+06 1.1074e+06 1.1186e+06 1.11071e+06 1.11061e+06 1.10833e+06 1.11215e+06 1.14287e+06 1.11518e+06 1.111e+06 1.11451e+06 1.11966e+06 1.10852e+06 1.11735e+06 1.11159e+06 
29 947953 936862 957179 958469 949512 937037 955517 960744 941580 948544 943621 944402 941044 954784 939884 963839 963651 962020 971231 950555 949344 948119 963278 941873 
30 1.04505e+06 1.03415e+06 1.02745e+06 1.03317e+06 1.04237e+06 1.03835e+06 1.03496e+06 1.03726e+06 1.04098e+06 1.04509e+06 1.04288e+06 1.04677e+06 1.04096e+06 1.03069e+06 1.03095e+06 1.03573e+06 1.03547e+06 1.03956e+06 1.03404e+06 1.0362e+06 1.03314e+06 1.03335e+06 1.03301e+06 1.03435e+06 
31 841231 833001 836206 841857 829666 831059 836850 837515 846252 841125 832101 837681 844469 833114 836846 838928 828610 840178 828955 837132 835401 830446 836906 832676 
32 906289 896777 903726 912050 910560 887334 902165 905238 907158 906269 905074 903869 891280 888021 895923 895926 895903 895095 898953 912189 896351 891770 890366 889117 
33 949599 927733 939492 930258 946401 939407 938228 932295 926498 934377 942401 932553 937171 931916 932716 933337 927630 927867 944823 933611 936662 928876 934686 945426 
34 920113 931585 928056 929198 914721 933623 923399 918460 931741 920727 936932 926507 921871 910775 911910 914252 913906 927948 918346 932040 926063 928368 930628 929998 
35 1.04016e+06 1.03539e+06 1.03771e+06 1.03722e+06 1.03826e+06 1.04106e+06 1.03723e+06 1.04183e+06 1.03615e+06 1.03551e+06 1.03616e+06 1.04116e+06 1.03591e+06 1.03281e+06 1.03334e+06 1.03949e+06 1.03337e+06 1.03592e+06 1.03424e+06 1.03409e+06 1.03766e+06 1.03386e+06 1.03417e+06 1.04159e+06 
36 965088 957494 964313 957227 962489 960338 963177 960041 957358 957113 958309 967392 959493 957054 958227 959956 955970 960822 957350 961854 959255 960237 957676 958741 
37 1.03395e+06 1.03265e+06 1.02421e+06 1.04148e+06 1.03164e+06 1.04661e+06 1.0384e+06 1.03559e+06 1.03685e+06 1.04078e+06 1.04618e+06 1.04867e+06 1.04114e+06 1.03196e+06 1.02975e+06 1.03988e+06 1.04181e+06 1.03754e+06 1.02925e+06 1.01945e+06 1.03151e+06 1.02723e+06 1.04398e+06 1.04382e+06 
38 1.1299e+06 1.12318e+06 1.12603e+06 1.12567e+06 1.12992e+06 1.12517e+06 1.12369e+06 1.12954e+06 1.1329e+06 1.12226e+06 1.12904e+06 1.12826e+06 1.12486e+06 1.12761e+06 1.12557e+06 1.13156e+06 1.13554e+06 1.13218e+06 1.13061e+06 1.13618e+06 1.12418e+06 1.12487e+06 1.12111e+06 1.12891e+06 
39 969804 965035 969117 966560 959702 961888 966425 959535 970776 954586 965032 967112 956240 950024 952909 962577 961035 972230 971333 957959 955195 952842 963203 961346 
40 880439 868311 866503 864400 875292 862813 859526 873267 871843 866050 872505 860716 869592 864276 866999 862198 863787 856887 870525 862473 873296 867565 850992 854903 
41 981408 969296 980840 975246 968091 972330 969506 978139 975432 974216 974170 976430 974892 978572 977219 977973 978589 980238 979109 973456 978142 973984 973004 971415 
42 993497 1.00674e+06 1.00857e+06 1.00732e+06 992734 998882 1.00831e+06 1.01575e+06 1.00495e+06 1.00926e+06 998309 1.00331e+06 999020 1.00187e+06 1.00965e+06 1.01153e+06 1.00074e+06 1.012e+06 1.00778e+06 1.01234e+06 1.00816e+06 995203 1.01266e+06 1.0047e+06 
43 1.01892e+06 1.02271e+06 1.02271e+06 1.02963e+06 1.02618e+06 1.01933e+06 1.02141e+06 1.0298e+06 1.01858e+06 1.0207e+06 1.02423e+06 1.02858e+06 1.02238e+06 1.02098e+06 1.02423e+06 1.02548e+06 1.02273e+06 1.02431e+06 1.02578e+06 1.03125e+06 1.02001e+06 1.02182e+06 1.01927e+06 1.02294e+06 
44 952301 935423 941994 939655 934927 934780 936827 937668 936162 932230 934788 940316 942951 938289 939746 936190 929685 938233 935248 948975 931025 940488 934237 941389 
45 1.03161e+06 1.02558e+06 1.03128e+06 1.02968e+06 1.02274e+06 1.03437e+06 1.02737e+06 1.02991e+06 1.03328e+06 1.02913e+06 1.03214e+06 1.0251e+06 1.03176e+06 1.02486e+06 1.03002e+06 1.0249e+06 1.03247e+06 1.02505e+06 1.02893e+06 1.02498e+06 1.03663e+06 1.02407e+06 1.02314e+06 1.03379e+06 
46 935290 931733 931684 932508 930063 931019 930012 933485 929655 926219 928000 934837 929065 926705 929661 925540 941069 932165 930642 935229 926505 925742 932207 930170 
47 822101 828281 824430 832535 828125 825713 832223 828586 833826 826416 824968 827315 830896 824869 826230 827847 822359 825081 826939 828376 825043 820837 826990 826993 
48 1.01851e+06 1.0204e+06 1.01692e+06 1.02527e+06 1.01852e+06 1.01556e+06 1.01849e+06 1.02219e+06 1.01682e+06 1.02211e+06 1.0225e+06 1.0171e+06 1.013e+06 1.01845e+06 1.01822e+06 1.02172e+06 1.01481e+06 1.02137e+06 1.01939e+06 1.01983e+06 1.00946e+06 1.01791e+06 1.01786e+06 1.01581e+06 
49 896595 899378 902582 900384 891562 900458 893048 889189 900638 904775 888741 901688 905113 894111 900905 901910 901279 897384 900875 895354 897623 893899 891986 891366 
50 871205 881013 871166 873726 866796 886762 867104 872378 862431 866629 872573 867173 867539 863308 870087 869846 899058 871266 876678 874838 865731 866846 871723 874290 
51 912023 912347 909538 921728 919587 918430 921532 907108 912968 910490 913749 918830 908061 915138 906694 916960 912586 909146 912924 920295 905288 913658 911038 913884 
52 894803 884418 891779 888857 884780 887223 889041 891342 890799 885558 890555 887989 886877 887770 890126 892137 884170 889345 889394 892178 886473 886729 891106 892103 
53 976017 960102 963016 967140 964421 969984 961176 965932 971942 961157 965410 972372 956405 966085 963682 967248 966131 960071 971240 973715 961250 960075 966828 959771 
54 928042 925563 924270 931389 922219 925456 926136 928388 928654 927063 933981 926465 926756 929113 928243 929672 932458 927354 927910 932044 923107 929313 924342 932273 
55 942087 944890 949342 947156 941008 944080 948112 944015 945301 949379 945386 947294 942459 940239 947631 949504 948593 950719 947749 946534 949862 947188 948265 947365 
56 879041 874450 880658 882508 876531 882905 875038 880451 885800 872175 879317 880928 877843 881348 884598 876352 881065 873662 878489 878242 876463 875617 879195 874286 
57 785058 774661 774004 782224 774167 774173 779254 778262 780586 775342 778157 778812 776464 774923 777448 777536 787959 782932 778752 777050 774761 775534 777577 775131 
58 925126 917848 916292 919611 913174 910436 913902 917421 912824 922256 918696 911793 913895 911318 912856 919288 912902 910996 911290 912095 912109 909574 910501 912585 
59 918120 915179 913456 914466 915874 922683 918150 914268 921160 910783 909292 933862 910310 908008 921206 913241 924455 919055 917200 911369 915617 909060 910278 911606 
60 940819 942142 943831 944746 947867 941139 942375 942689 946742 945066 943176 942030 956801 940284 942518 942583 941340 942093 937829 940438 945993 941344 939302 939604 
