1 255224 251662 249856 251378 259401 248546 249697 252342 260665 
2 262770 264153 263207 258471 259215 259968 260698 258365 260370 
3 276286 282706 272099 273454 273426 265590 274267 264897 267805 
4 294780 287604 292656 290332 293668 291315 285854 291108 289406 
5 259741 258855 251548 261269 258707 258414 249400 250383 258085 
6 300985 303572 313715 306826 305738 305671 299951 304527 300956 
7 307223 302002 336315 314215 302740 304037 302630 303325 303317 
8 253485 253956 251709 254579 257368 252356 250275 246813 253499 
9 295461 293967 294541 286512 285907 288862 288796 287828 285971 
10 280848 280917 285814 284189 285353 287055 280694 280917 284185 
11 328569 325626 319850 314467 314467 315548 321680 316322 319907 
12 286835 288894 287171 287722 282730 291261 290736 286208 286543 
13 279504 266649 271930 269737 275838 278734 267933 270364 266696 
14 312213 331550 311473 311924 306927 307796 305513 310870 308122 
15 320100 327133 312157 316003 311778 311646 315515 308611 304064 
16 282868 284590 286043 283773 285316 284815 280612 282528 283718 
17 219079 214752 215531 215253 214750 212967 213773 216501 214986 
18 259142 254813 251722 248214 249103 250241 250777 248147 250178 
19 244339 252923 250645 244608 253864 242963 242954 247452 245575 
20 313564 311982 317470 315679 314911 315727 315159 312123 313114 
21 266340 265913 271051 271044 264532 268972 268973 266386 263098 
22 258519 265642 256352 254773 249126 254682 255180 254940 258772 
23 307513 306212 304377 298428 294027 303561 296986 295921 296532 
24 300794 297644 301436 291121 298242 288832 290585 289975 293870 
25 273614 282967 290458 273432 273803 286232 286358 279662 272258 
26 268700 268684 280667 269984 268832 269033 264601 267479 269327 
27 261423 264868 270872 259332 268513 259903 258965 265934 262711 
28 263756 257284 260128 258051 253678 253143 258042 256126 253849 
29 287129 287194 279688 278526 279344 286071 289537 279728 278929 
30 268350 266985 264195 265181 266948 264306 266115 263333 260796 
31 269560 272212 264472 266763 272896 265151 261097 266259 263354 
32 267995 269730 271026 268140 272634 268401 269846 271092 266104 
33 254452 253514 254307 255836 255316 251320 255975 256234 253596 
34 272062 277202 277733 276067 273964 274586 273062 274594 273638 
35 210479 217185 216120 210839 208002 208051 207980 209357 206299 
36 296715 291599 285213 286561 288359 285243 291490 292983 288919 
37 310634 309286 306534 307898 302178 312822 307938 307426 305871 
38 214555 218545 218556 213502 218078 213394 213056 218580 217059 
39 236698 243848 238269 237764 236665 235205 235074 236351 235681 
40 240458 238110 240590 237215 231964 231444 236268 233217 232860 
41 303647 303619 297596 294986 296311 296342 298697 295012 296444 
42 293868 288231 298203 298277 292942 290796 288532 298533 296276 
43 284429 269478 284190 275643 267476 278338 274270 267319 278216 
44 251413 255902 256007 250321 249595 253904 251565 254925 251456 
45 242250 244818 242943 246313 246941 239956 245254 241817 234905 
46 226406 226846 227113 229078 227329 226990 224950 225674 225261 
47 249858 256441 254280 253033 253024 254208 255148 252084 254449 
48 265900 269114 268138 267710 268331 267490 268203 268355 264900 
49 234975 236044 235094 235608 231706 235860 234222 233685 234971 
50 271086 270874 269319 269196 270767 267051 266796 267914 267188 
51 281368 277579 281770 282327 279424 281215 280656 276404 281097 
52 248526 244283 249757 247394 246130 246012 246688 246361 244070 
53 230343 224704 233125 227611 225394 227036 226554 228580 227451 
54 235475 235866 239036 236565 235717 235094 232503 238110 236441 
55 237252 234368 235887 236679 233746 236019 235192 236675 238841 
56 286311 290076 280250 281126 285160 281175 285048 282642 274410 
57 303760 309135 314102 304475 300471 302479 300056 296583 298626 
58 266203 265662 261951 267991 262516 259774 263289 261911 258859 
59 211389 212081 216343 209704 209973 207073 213279 211959 215843 
60 253301 250587 246184 249583 249109 249408 246988 250236 246217 
