1 253125 251196 262923 247676 261767 254759 258008 255431 249278 
2 261303 258860 261304 258388 266138 267982 261951 257401 257515 
3 273377 267789 279308 275345 272390 266035 265635 275593 267805 
4 285331 284597 292119 283969 285411 285857 289631 287733 289547 
5 258954 259499 262028 251459 261039 260455 260177 258401 251159 
6 303740 309692 310730 308929 301494 307518 303661 300485 303732 
7 316730 304934 338743 303243 306800 337774 300921 303317 302084 
8 253334 258240 257753 259631 256363 256120 251438 253002 254212 
9 290990 288950 288319 285532 293595 283044 287994 282960 290871 
10 289308 288487 281994 284224 287749 282945 280917 283830 281035 
11 319864 317549 321130 318602 313380 314667 314412 319155 317274 
12 288337 281847 289785 283455 287158 292943 284919 282242 287233 
13 275442 273040 270353 269023 268288 267611 271916 262032 268136 
14 321436 311223 316752 313399 307736 311648 308398 312465 311924 
15 327471 315513 328476 306953 305675 311823 310455 303547 313274 
16 286537 281549 288667 288722 284122 281897 279259 287045 286642 
17 217363 219339 221392 217021 213262 214041 216982 214800 216524 
18 246451 258640 252290 250329 251049 252204 246888 247935 247443 
19 245283 251326 248770 248794 246403 244847 242441 248469 245770 
20 317063 319282 313715 316655 313452 313683 312636 313173 314661 
21 267103 267420 273590 266036 270106 266068 261008 265607 266034 
22 264212 256518 255681 256758 252404 256543 249322 258023 253979 
23 296553 298671 303384 292439 301914 299844 295035 293954 293550 
24 301890 300308 299788 288006 288727 289772 296506 292220 295276 
25 277571 272785 270618 273019 277992 277562 277818 272562 277043 
26 274018 262127 279865 262627 263436 262684 270441 263950 262127 
27 260930 264232 257456 258233 258943 267668 260576 270872 257535 
28 258691 267965 259436 258100 257807 254255 255757 255275 257486 
29 285317 287024 285468 280644 280394 282677 285358 281545 283279 
30 266592 269494 264708 263982 264944 265149 263245 263656 259583 
31 268586 264797 265999 264697 265729 265093 262884 267600 268650 
32 269528 268594 270536 271106 271124 272071 270711 269908 270522 
33 257506 258389 256548 252722 255263 253897 251708 251410 255485 
34 273994 276390 276514 273163 274085 273810 272082 275761 274914 
35 210114 213584 220201 208302 214549 208847 209012 213473 209418 
36 292620 290370 293595 285184 289399 286509 288606 286390 287474 
37 312273 312827 311555 308792 311428 307695 314769 305164 311206 
38 213372 213000 217016 215474 214475 218761 212179 220119 214708 
39 233932 234632 240003 235558 235504 236977 240341 234018 234132 
40 242272 239803 238277 243751 240937 242042 233464 236996 235196 
41 298256 301824 306083 295454 296333 294657 292806 297734 295984 
42 296819 293725 304922 294898 287283 292301 295098 286190 294438 
43 274913 275020 284038 271352 273438 271445 277032 273854 267275 
44 251083 253916 251490 252366 249095 245378 247248 251540 249540 
45 241835 254124 250894 246068 247524 243796 247246 241458 237653 
46 229788 224428 225522 226671 228837 225458 227658 225998 223537 
47 255616 251421 254343 252781 254651 252677 254497 250977 256936 
48 270309 267767 267999 270054 267199 265872 266057 265294 265188 
49 237463 234891 235024 234215 234224 235406 233874 233860 234350 
50 265428 267124 268826 267294 269534 266887 269218 267456 268955 
51 283174 288548 281079 277839 278118 276669 281722 279411 274914 
52 247743 249196 248837 245287 246717 247993 244147 246730 246105 
53 225219 231782 230059 229541 224665 224621 227586 226094 226780 
54 239258 239198 235658 235704 233849 234261 233990 239645 239545 
55 236944 236260 232324 234579 236173 238684 234866 237269 236117 
56 281718 288472 285870 278180 275777 278394 282021 275332 280846 
57 308036 305452 304336 298129 301347 299172 301223 302964 302345 
58 271006 267331 271787 267128 264798 264459 258168 261799 258064 
59 212892 212861 211232 212947 215907 214102 212998 214629 207826 
60 244601 251360 249470 249227 245795 245068 241438 242963 246166 
