1 54889.5 
2 55364.7 
3 47456 
4 43363.2 
5 56173.2 
6 49124.5 
7 40256.3 
8 51766.6 
9 50014.3 
10 48703 
11 55296.2 
12 51308.7 
13 46036.2 
14 45680.7 
15 35509.8 
16 52159.2 
17 48233.7 
18 45250.1 
19 29065.6 
20 52423.4 
21 48315 
22 45028.8 
23 50701.9 
24 36068.3 
25 45629.9 
26 46693.4 
27 55408.3 
28 51888.1 
29 71790.6 
30 49905.6 
31 45980.1 
32 49749.5 
33 51857 
34 60244.8 
35 55996.6 
36 43279.6 
37 48511.3 
38 43627.4 
39 44930 
40 44998.4 
41 53933.2 
42 47327.5 
43 50096.6 
44 36570.1 
45 66612 
46 46542.5 
47 48104.3 
48 45549.8 
49 49656.2 
50 57070.6 
51 49852 
52 53616.3 
53 49769 
54 55905.5 
55 37848.6 
56 54676.5 
57 46849.2 
58 54589.6 
59 63647.6 
60 52971 
61 49846.1 
62 49213.9 
63 39646.7 
64 62047.5 
65 56043.8 
66 45966.5 
67 61477.5 
68 44196.9 
69 53867.2 
70 36645.3 
71 47500.5 
72 52070.6 
73 56768.5 
74 46485.7 
75 53731.4 
76 42774.6 
77 41347.7 
78 41698 
79 53889.2 
80 45708.6 
81 57114.7 
82 49444.6 
83 49810.8 
84 40575.8 
85 41686.1 
86 47506.2 
87 50937.8 
88 47747.5 
89 37504.5 
90 43983.8 
91 45405.3 
92 43990.2 
93 53945.7 
94 44463.3 
95 52263 
96 51782.9 
97 48907.9 
98 43737.8 
99 42700.6 
100 42664 
101 42037.5 
102 45580.4 
103 38952 
104 53989.7 
105 40851.9 
106 49086.9 
107 35817.9 
108 42512.5 
109 64630.7 
110 47333.1 
111 45813.3 
112 41659 
113 49332.6 
114 61809.4 
115 57564.3 
116 47687.3 
117 47170.6 
118 35913.9 
119 66956.9 
120 46362.5 
121 57067.4 
122 48859.5 
123 37721.9 
124 54876.8 
125 55409.3 
126 48600.1 
127 45236.4 
128 64444.2 
129 41914 
130 54436.8 
131 47775.7 
132 50625 
133 53810.5 
134 47552.2 
135 48904.5 
136 48593.9 
137 51203.6 
138 47948.9 
139 65430.7 
140 52880.9 
141 55825.9 
142 47918.2 
143 50661 
144 44887.7 
145 49156.3 
146 43291.6 
147 43581.4 
148 39965.8 
149 38297.4 
150 41997.7 
151 48300.2 
152 42620.8 
153 46344.7 
154 38802.5 
155 53097.4 
156 46074.9 
157 42242 
158 43522.9 
159 34124.3 
160 44994.6 
161 40383.7 
162 41997.6 
163 39036.9 
164 49752 
165 41176.4 
166 41572.1 
167 35189.1 
168 40917.9 
169 41125.6 
170 37822.7 
171 44632.8 
172 27704.4 
173 44786.5 
174 44916.3 
175 39822.7 
176 50524.7 
177 61944.2 
178 41921 
179 53920.6 
180 46244.7 
181 41746.7 
182 39402.7 
183 37708.9 
184 44707.8 
185 41819.4 
186 45660.1 
187 37188 
188 44414.5 
189 33868.3 
190 47861.1 
191 43187 
192 43384.4 
193 43941.5 
194 39117.1 
195 40988.5 
196 38894.4 
197 43441.4 
198 39860 
199 53960.5 
200 41080.7 
201 43456.2 
202 53176.8 
203 57103.2 
204 51372.6 
205 59490.2 
206 49763.3 
207 40580.8 
208 42312.4 
209 38019.1 
210 48895.1 
211 61218.6 
212 43672.4 
213 57945.9 
214 52750 
215 47089.1 
216 50889.8 
217 42178.3 
218 39773.6 
219 53437.8 
220 40030.9 
221 40589.6 
222 45895.3 
223 38108.7 
224 52239.2 
225 40503.5 
226 46436.1 
227 42511 
228 47522.9 
229 40277.3 
230 42385.1 
231 42796.6 
232 42844.7 
233 48306.5 
234 46647.1 
235 42581.4 
236 44872.9 
237 49955.3 
238 47113.8 
239 41429.3 
240 48050.9 
241 45816.8 
242 45035.1 
243 37890.9 
244 42210.3 
245 44566.9 
246 45764.9 
247 51865.5 
248 38181.3 
249 43338.8 
250 40030.9 
251 43220.2 
252 41175.9 
253 48442.5 
254 49688.2 
255 58987.4 
256 36136.2 
257 54681.9 
258 48175 
259 42378.7 
260 50143.4 
261 52676.5 
262 45790.2 
263 51842.1 
264 57331.3 
265 44136.3 
266 31619.1 
267 43481.8 
268 51922.9 
269 46403.8 
270 45578.7 
271 45349.4 
272 48622.7 
273 36523.8 
274 48057 
275 41266.2 
276 49677.3 
277 58961.8 
278 48734.2 
279 45008 
280 51723.9 
281 41110.7 
282 38190.2 
283 47665.9 
284 49186.7 
285 38515.3 
286 40621.8 
287 43985.2 
288 53055.3 
289 50459.2 
290 43133.4 
291 53931 
292 56866.9 
293 49146.2 
294 47584.6 
295 57822.9 
296 47267.5 
297 44264.6 
298 46457.6 
299 41455.7 
300 36950.6 
