1 11 25 29 23 36 53 33 56 70 
2 14 21 27 25 40 54 38 63 63 
3 15 21 24 24 43 45 39 55 69 
4 12 26 22 22 41 43 35 58 70 
5 15 25 25 27 37 47 39 57 63 
6 15 22 32 25 41 49 38 60 59 
7 13 24 30 27 42 51 36 61 70 
8 15 23 33 28 35 51 36 54 64 
9 14 23 26 21 38 49 33 43 59 
10 16 22 27 26 43 53 39 61 65 
11 16 23 32 28 44 43 39 51 75 
12 14 22 28 23 34 44 31 54 71 
13 14 24 32 26 39 48 35 59 69 
14 17 27 33 29 44 55 39 62 77 
15 17 27 33 28 44 55 39 62 75 
16 14 23 25 24 40 48 33 56 74 
17 15 21 28 24 39 49 32 51 64 
18 16 25 33 28 42 54 40 53 70 
19 19 26 31 27 48 56 44 58 79 
20 14 18 29 21 39 48 33 54 57 
21 16 24 30 28 44 54 38 54 57 
22 15 25 30 26 41 46 33 51 72 
23 17 26 31 21 41 47 37 57 66 
24 17 24 32 27 37 55 39 63 69 
25 15 27 30 25 43 55 39 48 79 
26 18 30 37 31 48 60 42 70 85 
27 16 29 35 23 45 56 39 62 74 
28 15 24 33 25 41 52 35 65 52 
29 16 25 33 32 44 59 38 61 68 
30 10 23 28 21 40 45 30 52 58 
31 16 25 27 31 50 51 44 64 76 
32 13 21 30 26 31 38 27 53 61 
33 16 22 32 28 41 51 36 48 71 
34 14 21 27 20 36 41 35 53 58 
35 18 22 35 29 40 47 37 55 72 
36 16 22 29 28 42 52 36 53 73 
37 18 24 32 27 38 60 43 58 78 
38 18 27 27 30 40 49 44 61 77 
39 16 27 29 23 34 38 40 50 76 
40 15 24 28 28 42 51 35 62 67 
41 16 25 33 31 43 52 44 61 76 
42 14 24 29 26 44 46 40 58 73 
43 12 23 31 27 41 50 42 57 80 
44 18 22 33 30 41 48 39 52 84 
45 14 25 27 25 36 59 33 56 78 
46 16 25 26 25 37 44 35 53 70 
47 17 25 29 27 47 56 37 51 82 
48 16 23 30 29 43 50 37 52 68 
49 15 28 33 27 50 55 37 62 76 
50 19 26 32 25 45 56 37 57 61 
51 14 26 29 26 33 54 34 66 78 
52 15 21 34 25 43 48 37 55 68 
53 18 26 32 28 42 54 44 65 85 
54 18 29 32 30 46 54 45 72 84 
55 15 23 32 29 43 54 35 64 78 
56 17 25 35 27 48 60 37 51 59 
57 17 26 32 32 49 52 38 54 84 
58 17 28 31 31 30 45 31 59 83 
59 17 33 36 32 52 68 43 72 77 
60 18 23 33 26 38 59 46 46 70 
