10287.8
9061.3
10429.9
10466.4
6221.1
6140.1
9516.6
10069.8
8778
7566.2
5139.1
8667.4
9284.2
8034.7
9512.6
7658.5
6953.5
6020.5
6059.4
5209.7
7729.6
8669.7
7855.9
10747.4
8396.2
6473.8
9846.8
6623.3
7481.8
8200.1
8319.2
8135
7006.1
10561.9
9474.1
7959.6
10153.4
7619.4
6803.9
5664.4
7883
9167.3
9153.9
6621.9
8437.4
7511.4
7311.3
5998.2
8900.1
6880.5
9104.2
9402
6714
10518.3
7294.2
9894.5
9970.6
11444.9
9652.5
11162.4
8656.4
11586.4
10438.3
8618.2
11593.9
8802.6
8702.7
9415.6
11598.3
5675.3
10304.8
8654.5
5178
10164.9
5846.6
10227.9
5977
7535.7
7873.9
9912.4
8995.8
6755.5
10393.4
8202.1
9719.9
6114.7
8813.4
6881.7
8778.8
8357.5
6673.1
8135.6
7579
6478.4
12507.5
8095.2
8321.4
7912.7
6939.9
8241.4
8311.5
8522.9
9816.1
7588.1
9396.3
11373
10072.4
13008.2
7948.1
9123.4
9392
9158.5
12247.7
10108.4
7533.4
8713
7044.9
11355.3
9015
10714.5
7578.5
8475
7024.2
10573.5
6433.4
8801.4
10531.9
11293.1
11269.5
8862.6
9600.4
9829
9169
9728.1
11811.1
7746.2
7790.5
9610.5
4736.3
8006.3
10001.6
8486.9
8310.6
7341.1
8867
8489.3
6652.9
7128.9
8161.8
9432.4
8772.1
8623.2
7695.7
10629
8481.8
12836.5
9760.2
8555.3
9418.9
10591.4
7565
10328.9
8162.2
8633.2
8045.1
8942.5
7423.5
11829.6
8350.9
10967.6
12241.5
7323.5
9113.2
9051.3
8163.8
9568.9
8962.7
9158.3
10685.8
8136.5
8536.6
12145.7
10617.2
9902.3
9943
10147
10525.5
8955.4
9343.6
7888.1
7569.2
10574
9654.1
8294.7
9053.5
7137.9
7295.7
10302.9
8223.4
8323.7
11843.3
14263
11548.1
11050.8
8585.4
12330.7
9687.2
7961.6
9988.1
11211
9036.7
10458.8
11239.2
6985.9
8224.4
10708.6
12698.7
12126.5
10176.3
9379.4
10702.7
9123.5
8246.6
6205.3
7533.3
11543.3
11236
11045.3
9866.5
11324.6
10523.6
12558
10714.4
11576
8549.7
11560.6
7395.3
9411.4
9005.7
11708.7
9657.3
8081.2
10012.6
8266.6
8762
8505.6
10642.8
9382.5
11786.4
8187.1
13342.6
10342.1
9554.6
9687.2
12251.9
7775.7
11227.5
7248.8
6165.7
11433.1
12234
6810.4
9097.5
10422.9
7318.2
10612.6
8396
12457.7
9224.6
10546.4
7338.9
8004.8
10245.4
11681.3
9966.8
12286.2
9256.1
9930.1
13608.9
10491.7
11379.7
8650.5
8563.1
10423.2
7788.3
8345.5
10923.4
10812
9428.1
9894.7
12211.8
9434
10331
9330.7
7778.9
10014.4
11141.2
9031.8
9801.8
8727.5
