1 5 15 18 19 11 23 48 46 11 17 21 26 24 35 63 66 13 22 29 36 26 40 66 64 
2 5 12 19 16 12 23 30 50 10 16 21 26 20 36 47 47 12 24 29 34 24 46 67 81 
3 6 12 15 16 12 23 28 40 10 18 27 26 21 33 67 54 11 23 34 37 27 49 64 64 
4 7 10 15 21 15 21 37 32 9 18 22 25 20 40 39 52 15 24 34 33 28 56 61 87 
5 5 10 18 20 13 27 34 47 9 20 26 27 16 39 43 59 13 20 29 39 27 55 58 78 
6 7 11 14 19 14 20 34 35 10 19 25 31 18 41 57 61 11 21 30 34 27 41 59 71 
7 6 14 17 28 12 22 36 45 11 21 29 31 19 37 47 61 12 23 31 38 25 48 67 71 
8 5 9 11 19 11 29 26 38 11 18 20 25 19 33 40 54 11 20 32 35 21 45 53 69 
9 6 11 20 16 12 29 35 45 13 16 22 35 17 37 52 57 13 23 31 44 23 44 59 75 
10 6 15 22 23 14 31 34 48 10 18 26 32 20 46 60 63 14 27 37 35 25 51 70 78 
11 6 10 14 19 12 22 35 29 10 21 26 30 19 36 46 54 13 24 30 36 21 42 59 68 
12 7 12 17 20 12 22 38 39 9 16 28 23 18 32 52 50 13 23 31 41 24 40 73 65 
13 6 11 17 16 11 20 28 52 12 19 21 23 21 34 44 57 13 20 30 36 25 43 57 62 
14 6 14 15 20 15 21 33 57 9 19 25 27 18 35 44 60 13 25 29 38 22 46 54 67 
15 6 14 18 19 14 26 40 33 9 19 26 26 19 34 44 60 12 24 39 40 24 40 63 64 
16 7 10 17 16 16 25 28 43 12 22 23 25 23 36 51 60 17 20 27 32 32 47 58 64 
17 7 9 11 15 15 20 22 33 11 15 23 27 18 34 47 40 14 27 28 31 29 44 55 52 
18 6 9 13 16 12 24 25 31 11 15 23 26 20 38 43 43 15 25 28 29 25 49 52 55 
19 6 9 17 16 13 23 31 29 10 19 22 27 23 35 42 53 15 22 31 26 25 47 55 70 
20 8 15 16 13 13 20 28 43 11 20 29 24 25 36 63 49 14 25 26 30 26 45 56 66 
21 9 12 16 15 17 25 29 39 11 18 25 23 25 36 44 52 15 21 30 29 28 47 54 68 
22 7 17 13 19 14 20 26 37 12 19 33 25 24 48 50 46 16 23 28 32 31 44 59 62 
23 8 12 16 15 12 25 24 35 13 19 21 28 27 33 48 56 15 25 30 34 25 48 57 82 
24 7 10 15 21 12 30 26 39 12 20 24 30 24 38 54 50 16 26 29 36 29 40 58 71 
25 7 12 12 13 16 24 27 28 12 17 21 25 26 38 44 45 14 23 25 28 32 42 59 57 
26 6 12 12 17 15 20 27 29 11 21 21 23 23 38 46 54 14 23 30 32 24 45 65 71 
27 8 11 18 13 13 20 31 34 10 19 21 33 21 35 48 53 14 24 25 30 24 48 54 55 
28 8 10 13 16 13 23 33 37 12 17 19 23 23 34 41 48 14 23 28 32 25 47 50 57 
29 5 8 11 14 11 19 23 35 8 15 20 24 18 28 42 42 13 20 24 26 24 40 49 51 
30 7 10 13 14 15 30 30 32 11 19 20 23 32 33 44 49 16 24 31 28 26 50 51 62 
31 8 9 12 14 11 18 22 29 11 16 26 19 20 40 38 40 16 26 29 26 29 43 50 51 
32 6 11 12 13 13 28 22 27 12 16 24 21 26 32 44 48 18 24 24 31 34 45 54 79 
33 5 10 11 11 14 17 26 25 12 14 19 20 22 30 40 40 15 20 24 27 29 41 46 49 
34 7 10 12 14 15 27 34 31 13 20 24 30 24 36 52 55 17 23 30 29 29 43 57 61 
35 8 12 14 16 14 26 32 47 14 20 24 23 27 34 55 55 16 26 28 32 29 51 52 67 
36 8 12 17 13 14 22 24 29 12 21 26 23 28 33 41 42 17 24 30 28 31 44 52 58 
37 8 9 13 14 15 21 28 39 14 17 21 28 23 40 51 76 14 21 25 30 28 41 61 60 
38 6 11 17 15 14 21 40 31 13 20 23 25 23 35 44 46 15 21 26 33 31 45 56 54 
39 8 12 19 14 19 28 33 33 13 23 24 26 23 43 53 61 15 21 31 29 34 52 59 64 
40 6 10 16 13 15 20 30 26 11 17 21 24 23 35 50 51 15 23 26 31 31 49 61 54 
41 8 13 15 16 17 20 34 34 12 21 29 25 23 33 45 53 17 24 30 36 29 49 58 72 
42 6 13 11 13 12 19 24 26 11 17 21 24 23 33 41 45 15 21 24 30 26 40 49 54 
43 8 11 14 18 11 23 25 25 12 15 21 22 21 38 40 47 15 22 26 29 27 44 49 56 
44 9 11 12 22 15 24 30 30 11 20 24 23 23 42 44 51 17 25 26 29 30 42 52 58 
45 8 10 13 15 13 22 28 31 12 17 25 23 23 32 49 54 16 22 25 30 29 45 52 61 
46 8 12 16 16 21 27 27 32 14 23 23 23 30 47 53 59 22 26 34 32 34 55 57 63 
47 8 17 21 22 18 32 43 32 17 23 21 30 34 43 56 61 19 27 33 33 41 53 60 84 
48 8 12 16 14 15 29 32 31 12 20 23 26 22 46 49 72 18 26 35 35 34 45 62 62 
49 8 18 17 18 20 28 32 32 16 22 31 32 31 46 52 57 19 25 29 35 43 62 64 77 
50 9 14 14 16 15 26 30 41 15 21 23 31 30 42 58 63 19 27 27 31 33 48 61 64 
51 11 15 14 18 15 28 42 32 14 21 30 28 26 42 51 51 17 30 32 39 32 52 62 66 
52 10 13 14 13 17 21 24 28 13 20 22 24 31 35 41 46 17 22 27 28 35 50 57 59 
53 8 10 12 13 16 22 28 24 15 18 20 25 27 45 39 53 18 27 28 28 34 44 53 57 
54 7 13 14 13 14 23 29 25 12 20 20 23 26 33 42 44 15 22 31 28 34 55 55 67 
55 10 14 14 16 17 20 24 31 14 18 21 29 29 38 48 47 15 26 31 30 33 44 62 57 
56 8 14 16 14 15 23 26 27 15 19 21 23 25 36 48 47 16 23 28 29 34 46 53 61 
57 7 12 18 19 18 25 30 33 13 21 22 24 30 38 47 46 18 23 31 38 33 52 63 62 
58 7 11 14 17 17 26 30 29 14 20 22 25 24 41 50 57 16 31 28 35 32 55 61 58 
59 9 18 13 14 17 21 27 31 12 18 23 25 30 39 46 45 17 24 27 30 31 44 60 66 
60 9 13 17 19 18 27 31 35 16 22 25 26 24 40 48 56 17 27 30 40 37 59 68 72 
