1 7 12 12 16 13 25 39 29 11 17 24 23 21 41 45 53 12 24 28 34 21 48 64 77 
2 5 13 16 18 11 20 32 31 10 18 27 26 17 37 47 54 11 23 33 41 23 43 65 73 
3 6 13 18 20 14 26 28 34 10 18 18 23 19 32 44 56 12 19 32 34 21 38 52 67 
4 7 9 15 15 11 20 31 39 9 18 20 30 18 35 47 61 15 23 30 31 23 44 56 68 
5 7 11 15 17 12 19 44 38 10 18 29 32 19 41 55 61 13 23 27 38 26 50 59 71 
6 6 15 17 17 13 20 27 33 10 17 20 26 21 31 46 48 13 23 30 35 23 39 56 64 
7 7 12 15 20 14 22 33 38 10 20 27 31 19 40 56 56 14 22 32 42 24 48 65 67 
8 5 10 13 16 14 18 24 29 10 16 24 26 19 37 45 53 13 19 31 34 20 49 58 69 
9 8 12 16 21 12 22 37 40 8 17 28 28 22 33 52 58 14 24 29 37 27 44 62 72 
10 6 13 19 21 19 19 44 50 11 19 23 32 24 30 52 64 13 28 28 34 23 53 62 73 
11 7 10 15 16 13 22 25 31 9 16 22 24 16 39 41 59 13 23 32 35 22 35 58 75 
12 6 9 13 18 11 20 38 43 9 19 26 29 21 35 57 52 12 23 40 32 23 43 53 75 
13 6 9 20 19 13 19 37 29 13 17 26 26 20 33 41 59 13 24 30 39 22 42 62 70 
14 7 17 21 22 10 24 27 31 9 17 28 31 19 36 47 52 14 22 33 41 23 40 58 71 
15 7 11 14 16 11 19 29 32 10 20 23 30 18 33 59 66 13 25 29 39 24 44 72 68 
16 6 14 13 16 15 27 35 37 13 18 24 22 22 38 42 58 15 21 26 35 28 57 56 66 
17 6 9 15 17 15 20 27 23 12 16 19 21 20 37 40 51 19 21 26 29 29 45 52 56 
18 7 10 21 14 20 21 30 27 10 18 23 28 20 36 41 49 16 20 23 28 25 43 54 59 
19 5 11 14 14 12 23 33 28 11 16 23 23 27 35 47 49 14 22 27 33 24 47 57 60 
20 8 16 15 13 14 29 31 37 14 24 22 24 22 39 57 57 15 24 32 30 30 47 57 68 
21 7 13 19 19 14 27 36 46 15 20 28 26 24 39 47 55 14 21 29 30 29 53 51 62 
22 6 10 15 24 14 24 25 38 11 20 25 31 20 36 52 46 16 23 26 35 29 53 69 68 
23 7 11 16 16 13 22 28 28 10 20 23 26 25 41 51 45 15 27 27 33 26 43 52 65 
24 6 12 18 17 15 25 33 45 12 18 24 36 24 49 51 62 13 27 32 31 33 47 54 69 
25 7 11 13 18 14 25 30 27 11 19 21 22 23 33 41 52 14 21 26 27 26 49 55 65 
26 6 11 15 23 14 22 29 44 11 17 23 20 23 37 52 56 15 22 28 33 30 44 68 56 
27 5 10 15 13 15 24 37 27 11 15 25 26 20 33 46 46 17 23 26 32 30 40 57 55 
28 7 10 14 15 13 21 37 47 11 18 21 26 22 45 49 44 14 23 28 29 28 41 57 58 
29 6 8 13 13 8 16 22 28 9 16 20 21 17 31 37 40 12 22 25 25 22 39 58 53 
30 11 13 13 15 16 21 32 33 12 17 22 23 21 36 46 44 13 22 28 33 28 46 52 64 
31 8 8 13 12 15 18 32 25 10 15 29 25 24 35 49 39 14 20 24 31 26 40 52 58 
32 6 10 13 14 16 19 29 37 12 24 22 22 24 34 53 49 14 22 25 25 31 52 50 63 
33 6 10 12 11 15 17 24 23 11 15 18 20 25 31 45 40 17 20 23 26 34 39 51 51 
34 7 12 15 15 16 18 26 36 11 17 26 25 21 37 45 41 16 20 27 27 29 52 60 76 
35 8 13 15 16 15 25 34 28 13 20 25 25 25 38 47 52 17 24 28 36 30 49 57 66 
36 7 9 13 14 13 21 26 26 12 20 25 25 24 34 45 42 15 21 35 28 32 45 50 57 
37 7 11 12 16 17 24 23 37 11 20 20 28 26 50 39 42 17 23 26 39 31 42 54 53 
38 8 12 12 15 14 20 26 29 13 18 23 24 24 38 49 47 15 20 32 31 30 44 59 77 
39 7 12 15 18 15 22 29 31 14 19 25 29 21 40 50 58 14 26 29 34 33 52 63 62 
40 7 12 16 13 13 21 24 26 13 18 25 26 23 39 43 45 16 22 29 28 32 42 56 63 
41 6 11 14 18 18 21 28 33 12 22 23 29 23 38 42 51 15 26 32 34 32 44 68 64 
42 6 11 13 12 12 18 24 27 11 15 24 27 21 33 50 42 14 20 25 30 27 41 53 52 
43 6 10 11 13 13 18 34 35 11 16 21 21 23 36 39 46 13 22 27 34 31 41 60 59 
44 7 14 16 15 14 23 31 28 14 21 25 22 26 45 42 46 16 24 28 34 30 47 53 61 
45 7 15 13 13 14 29 26 28 12 20 27 23 21 37 52 46 14 24 28 31 27 46 52 56 
46 9 15 16 18 15 30 31 28 14 20 24 26 30 53 54 50 21 22 32 34 39 51 60 60 
47 11 12 16 19 19 27 39 41 16 22 28 27 30 51 60 73 18 29 32 35 35 54 66 69 
48 7 15 15 14 16 24 30 45 13 24 24 27 25 37 46 59 19 26 29 36 38 57 61 60 
49 10 13 19 22 19 29 44 37 15 23 27 26 29 44 51 69 17 30 29 39 34 53 58 69 
50 10 17 17 18 15 27 28 38 14 20 25 26 25 48 52 54 22 27 33 31 36 59 65 88 
51 8 14 18 17 15 28 28 33 15 19 29 30 28 48 48 53 18 30 29 35 34 55 64 71 
52 9 11 13 15 14 23 26 29 14 18 20 23 29 51 45 51 18 23 26 30 34 51 57 74 
53 8 12 12 14 15 24 24 32 14 18 21 21 25 34 43 45 17 25 28 33 31 57 53 56 
54 6 11 12 14 15 22 31 41 14 18 21 22 25 38 41 45 17 23 25 32 33 61 55 59 
55 8 11 12 14 19 22 26 28 14 18 20 24 28 41 42 48 18 24 28 30 35 49 58 60 
56 9 10 13 17 18 23 26 28 12 19 20 24 25 35 48 44 17 23 27 29 35 44 58 57 
57 10 12 15 16 15 21 28 30 13 19 22 25 28 41 56 50 18 25 29 33 33 55 57 66 
58 8 14 13 17 14 29 30 39 14 21 25 34 27 45 52 57 17 24 29 32 33 48 68 67 
59 7 10 13 14 13 23 28 28 14 21 22 25 28 39 42 48 17 24 27 31 30 53 53 61 
60 8 14 15 19 17 22 39 37 14 21 25 24 29 37 51 59 18 28 28 35 38 57 64 78 
