1 66 
2 61 
3 65 
4 67 
5 56 
6 70 
7 58 
8 52 
9 61 
10 63 
11 64 
12 59 
13 60 
14 46 
15 63 
16 62 
17 72 
18 69 
19 70 
20 75 
21 63 
22 62 
23 67 
24 60 
25 77 
26 67 
27 70 
28 75 
29 69 
30 59 
31 71 
32 69 
33 79 
34 73 
35 75 
36 84 
37 86 
38 79 
39 65 
40 74 
41 64 
42 70 
43 87 
44 71 
45 76 
46 50 
47 53 
48 66 
49 58 
50 51 
51 53 
52 59 
53 65 
54 52 
55 51 
56 60 
57 48 
58 53 
59 53 
60 47 
61 60 
62 48 
63 63 
64 55 
65 57 
66 71 
67 58 
68 61 
69 49 
70 66 
71 66 
72 71 
73 59 
74 50 
75 58 
76 68 
77 60 
78 55 
79 62 
80 64 
81 58 
82 58 
83 77 
84 61 
85 53 
86 60 
87 65 
88 57 
89 64 
90 63 
91 54 
92 45 
93 53 
94 53 
95 51 
96 55 
97 55 
98 48 
99 44 
100 45 
101 47 
102 49 
103 53 
104 63 
105 45 
106 61 
107 61 
108 51 
109 51 
110 63 
111 45 
112 70 
113 49 
114 63 
115 53 
116 55 
117 57 
118 54 
119 58 
120 52 
121 66 
122 57 
123 51 
124 47 
125 56 
126 55 
127 58 
128 60 
129 59 
130 57 
131 60 
132 48 
133 60 
134 61 
135 53 
136 55 
137 57 
138 45 
139 55 
140 53 
141 52 
142 52 
143 46 
144 39 
145 46 
146 53 
147 51 
148 54 
149 49 
150 47 
151 47 
152 45 
153 61 
154 52 
155 60 
156 53 
157 62 
158 48 
159 48 
160 62 
161 56 
162 47 
163 49 
164 54 
165 58 
166 55 
167 62 
168 54 
169 55 
170 56 
171 64 
172 48 
173 52 
174 48 
175 49 
176 53 
177 56 
178 68 
179 53 
180 55 
