1 61 
2 66 
3 74 
4 52 
5 70 
6 71 
7 55 
8 60 
9 72 
10 52 
11 72 
12 65 
13 58 
14 61 
15 62 
16 80 
17 90 
18 76 
19 62 
20 77 
21 60 
22 66 
23 63 
24 65 
25 74 
26 68 
27 75 
28 66 
29 63 
30 74 
31 62 
32 64 
33 75 
34 72 
35 76 
36 80 
37 73 
38 88 
39 69 
40 61 
41 68 
42 68 
43 85 
44 63 
45 72 
46 49 
47 60 
48 52 
49 53 
50 54 
51 47 
52 55 
53 55 
54 57 
55 50 
56 75 
57 56 
58 65 
59 51 
60 49 
61 61 
62 58 
63 61 
64 56 
65 67 
66 57 
67 61 
68 56 
69 55 
70 70 
71 62 
72 56 
73 53 
74 48 
75 59 
76 64 
77 76 
78 64 
79 77 
80 60 
81 66 
82 57 
83 66 
84 60 
85 72 
86 56 
87 64 
88 58 
89 52 
90 52 
91 56 
92 51 
93 52 
94 55 
95 57 
96 56 
97 57 
98 52 
99 51 
100 50 
101 56 
102 49 
103 49 
104 58 
105 54 
106 58 
107 64 
108 49 
109 52 
110 60 
111 49 
112 52 
113 57 
114 65 
115 48 
116 67 
117 57 
118 60 
119 57 
120 51 
121 53 
122 52 
123 52 
124 52 
125 60 
126 59 
127 66 
128 57 
129 63 
130 70 
131 67 
132 49 
133 51 
134 57 
135 60 
136 46 
137 42 
138 47 
139 55 
140 51 
141 50 
142 45 
143 55 
144 42 
145 50 
146 49 
147 50 
148 44 
149 44 
150 54 
151 55 
152 44 
153 47 
154 49 
155 66 
156 59 
157 60 
158 48 
159 53 
160 51 
161 60 
162 48 
163 51 
164 52 
165 61 
166 60 
167 60 
168 53 
169 52 
170 64 
171 52 
172 53 
173 48 
174 62 
175 60 
176 57 
177 68 
178 60 
179 51 
180 64 
