1 1.41212e+06 1.49852e+06 1.48841e+06 1.49035e+06 1.35548e+06 1.47971e+06 1.47497e+06 1.49143e+06 1.35421e+06 1.46939e+06 1.492e+06 1.5009e+06 1.34531e+06 1.46642e+06 1.47969e+06 1.47699e+06 1.37673e+06 1.47355e+06 1.48163e+06 1.49274e+06 1.33858e+06 1.47031e+06 1.48789e+06 1.47364e+06 
2 1.11243e+06 1.2228e+06 1.22994e+06 1.23401e+06 1.09638e+06 1.2142e+06 1.20674e+06 1.2203e+06 1.12809e+06 1.21463e+06 1.23726e+06 1.23121e+06 1.11083e+06 1.20751e+06 1.22057e+06 1.21562e+06 1.09293e+06 1.19914e+06 1.22607e+06 1.22015e+06 1.11468e+06 1.2149e+06 1.17856e+06 1.20388e+06 
3 1.38423e+06 1.45459e+06 1.42594e+06 1.43736e+06 1.31574e+06 1.40651e+06 1.474e+06 1.4818e+06 1.37199e+06 1.42143e+06 1.45123e+06 1.47921e+06 1.33722e+06 1.39463e+06 1.44395e+06 1.4481e+06 1.35332e+06 1.40234e+06 1.44631e+06 1.48193e+06 1.32828e+06 1.44342e+06 1.43435e+06 1.42982e+06 
4 1.112e+06 1.19312e+06 1.2049e+06 1.19297e+06 1.09684e+06 1.14497e+06 1.20351e+06 1.19886e+06 1.12784e+06 1.18462e+06 1.20339e+06 1.22442e+06 1.07557e+06 1.17357e+06 1.19001e+06 1.19024e+06 1.0861e+06 1.16921e+06 1.17465e+06 1.2151e+06 1.08079e+06 1.18734e+06 1.17991e+06 1.19151e+06 
5 1.24418e+06 1.3058e+06 1.34876e+06 1.33034e+06 1.23699e+06 1.32054e+06 1.35797e+06 1.33268e+06 1.23324e+06 1.31185e+06 1.34251e+06 1.35295e+06 1.21971e+06 1.31503e+06 1.31618e+06 1.34062e+06 1.20723e+06 1.31435e+06 1.347e+06 1.34928e+06 1.20859e+06 1.29881e+06 1.31031e+06 1.3509e+06 
6 1.32987e+06 1.43156e+06 1.42557e+06 1.42604e+06 1.29286e+06 1.42287e+06 1.4098e+06 1.43751e+06 1.35828e+06 1.42157e+06 1.43517e+06 1.4416e+06 1.30903e+06 1.39563e+06 1.43084e+06 1.4334e+06 1.36401e+06 1.43354e+06 1.45275e+06 1.42673e+06 1.34315e+06 1.4178e+06 1.44004e+06 1.41435e+06 
7 1.31174e+06 1.40208e+06 1.41155e+06 1.38899e+06 1.32414e+06 1.3918e+06 1.4301e+06 1.42526e+06 1.29741e+06 1.392e+06 1.409e+06 1.43511e+06 1.30377e+06 1.38279e+06 1.41627e+06 1.40335e+06 1.32019e+06 1.41384e+06 1.42302e+06 1.42055e+06 1.29278e+06 1.38168e+06 1.38732e+06 1.40815e+06 
8 1.49613e+06 1.53643e+06 1.57247e+06 1.54778e+06 1.43883e+06 1.51371e+06 1.55692e+06 1.56311e+06 1.43116e+06 1.53256e+06 1.52856e+06 1.54253e+06 1.41345e+06 1.51764e+06 1.54878e+06 1.5719e+06 1.42692e+06 1.5319e+06 1.56352e+06 1.53537e+06 1.39008e+06 1.51637e+06 1.54051e+06 1.54439e+06 
9 1.44545e+06 1.51532e+06 1.54113e+06 1.53555e+06 1.42274e+06 1.50859e+06 1.52744e+06 1.51951e+06 1.41979e+06 1.49307e+06 1.51851e+06 1.53758e+06 1.40256e+06 1.4633e+06 1.52093e+06 1.50399e+06 1.40983e+06 1.50526e+06 1.5274e+06 1.52528e+06 1.40126e+06 1.49925e+06 1.50611e+06 1.52185e+06 
10 1.37433e+06 1.46245e+06 1.46459e+06 1.45801e+06 1.31997e+06 1.42114e+06 1.44575e+06 1.45726e+06 1.33312e+06 1.42963e+06 1.44072e+06 1.4556e+06 1.33042e+06 1.43653e+06 1.45609e+06 1.4413e+06 1.34621e+06 1.46288e+06 1.42863e+06 1.45198e+06 1.30989e+06 1.42137e+06 1.44994e+06 1.42296e+06 
11 1.20095e+06 1.28895e+06 1.30659e+06 1.31089e+06 1.21803e+06 1.27895e+06 1.2847e+06 1.26504e+06 1.20006e+06 1.27261e+06 1.29695e+06 1.3195e+06 1.18888e+06 1.27576e+06 1.30418e+06 1.30021e+06 1.17563e+06 1.28303e+06 1.29996e+06 1.28456e+06 1.17827e+06 1.27942e+06 1.28039e+06 1.29661e+06 
12 1.25178e+06 1.39079e+06 1.40407e+06 1.42204e+06 1.29731e+06 1.37646e+06 1.3719e+06 1.39585e+06 1.31802e+06 1.38592e+06 1.3984e+06 1.41179e+06 1.29257e+06 1.40676e+06 1.38318e+06 1.35749e+06 1.28571e+06 1.38071e+06 1.41454e+06 1.42334e+06 1.25917e+06 1.36736e+06 1.39259e+06 1.41329e+06 
13 1.38538e+06 1.48195e+06 1.49427e+06 1.46964e+06 1.39584e+06 1.47934e+06 1.48846e+06 1.49777e+06 1.42377e+06 1.51346e+06 1.49997e+06 1.49538e+06 1.36253e+06 1.46556e+06 1.48064e+06 1.49701e+06 1.39401e+06 1.46339e+06 1.47647e+06 1.49135e+06 1.35253e+06 1.46251e+06 1.4818e+06 1.46368e+06 
14 1.25797e+06 1.30811e+06 1.37869e+06 1.36331e+06 1.26721e+06 1.3304e+06 1.35933e+06 1.36518e+06 1.25735e+06 1.35143e+06 1.35507e+06 1.35455e+06 1.24746e+06 1.33693e+06 1.34343e+06 1.37875e+06 1.25602e+06 1.34079e+06 1.37198e+06 1.35763e+06 1.24701e+06 1.31968e+06 1.35472e+06 1.37132e+06 
15 1.13491e+06 1.24769e+06 1.26226e+06 1.25344e+06 1.13709e+06 1.2387e+06 1.26206e+06 1.25557e+06 1.11536e+06 1.23907e+06 1.24357e+06 1.24663e+06 1.13387e+06 1.20844e+06 1.24965e+06 1.2443e+06 1.14082e+06 1.20953e+06 1.24268e+06 1.2592e+06 1.13359e+06 1.22014e+06 1.22676e+06 1.24197e+06 
16 1.18035e+06 1.23997e+06 1.25044e+06 1.23371e+06 1.12916e+06 1.23906e+06 1.21149e+06 1.23635e+06 1.15136e+06 1.20202e+06 1.25168e+06 1.23463e+06 1.13043e+06 1.20381e+06 1.23167e+06 1.22054e+06 1.11217e+06 1.21368e+06 1.22156e+06 1.20924e+06 1.08514e+06 1.21893e+06 1.23156e+06 1.22585e+06 
17 1.24351e+06 1.3417e+06 1.30913e+06 1.32448e+06 1.25665e+06 1.33125e+06 1.32779e+06 1.26305e+06 1.24545e+06 1.31902e+06 1.32423e+06 1.34769e+06 1.24908e+06 1.28868e+06 1.31931e+06 1.34037e+06 1.22022e+06 1.31401e+06 1.32099e+06 1.33532e+06 1.20189e+06 1.30481e+06 1.30546e+06 1.30683e+06 
18 1.05761e+06 1.10439e+06 1.15601e+06 1.13171e+06 1.03278e+06 1.11871e+06 1.14296e+06 1.13219e+06 1.04982e+06 1.11096e+06 1.13198e+06 1.12534e+06 1.01375e+06 1.12458e+06 1.11971e+06 1.12256e+06 1.02293e+06 1.10165e+06 1.12623e+06 1.12585e+06 1.03341e+06 1.1101e+06 1.12251e+06 1.13219e+06 
19 1.24907e+06 1.3523e+06 1.35778e+06 1.38931e+06 1.25103e+06 1.35565e+06 1.37956e+06 1.30343e+06 1.25895e+06 1.33463e+06 1.36112e+06 1.36269e+06 1.2382e+06 1.3615e+06 1.37753e+06 1.3415e+06 1.27929e+06 1.35666e+06 1.35663e+06 1.38052e+06 1.26264e+06 1.33012e+06 1.34089e+06 1.35724e+06 
20 1.36449e+06 1.40343e+06 1.40983e+06 1.42504e+06 1.31346e+06 1.42453e+06 1.41803e+06 1.41235e+06 1.34502e+06 1.42376e+06 1.40919e+06 1.41909e+06 1.33138e+06 1.39958e+06 1.39665e+06 1.41983e+06 1.33898e+06 1.39569e+06 1.39948e+06 1.40538e+06 1.31852e+06 1.3972e+06 1.38984e+06 1.41325e+06 
21 1.00688e+06 1.09256e+06 1.13324e+06 1.09944e+06 963496 1.09708e+06 1.10879e+06 1.11994e+06 1.01613e+06 1.0979e+06 1.07193e+06 1.12854e+06 998331 1.08435e+06 1.04544e+06 1.09245e+06 1.013e+06 1.08422e+06 1.11455e+06 1.10901e+06 994873 1.08472e+06 1.10229e+06 1.09435e+06 
22 1.24195e+06 1.32252e+06 1.33538e+06 1.32504e+06 1.20377e+06 1.2559e+06 1.33951e+06 1.3452e+06 1.22558e+06 1.29738e+06 1.3379e+06 1.3506e+06 1.23394e+06 1.31033e+06 1.31938e+06 1.32024e+06 1.22844e+06 1.30622e+06 1.31104e+06 1.32708e+06 1.23006e+06 1.32101e+06 1.30055e+06 1.29778e+06 
23 1.15999e+06 1.26859e+06 1.28662e+06 1.30994e+06 1.17298e+06 1.23441e+06 1.27446e+06 1.26046e+06 1.15863e+06 1.22073e+06 1.26934e+06 1.28359e+06 1.15448e+06 1.21803e+06 1.29815e+06 1.23242e+06 1.13484e+06 1.26394e+06 1.26115e+06 1.2631e+06 1.17022e+06 1.25498e+06 1.27676e+06 1.28084e+06 
24 1.07416e+06 1.15061e+06 1.16397e+06 1.16406e+06 1.07398e+06 1.14805e+06 1.1565e+06 1.14316e+06 1.08044e+06 1.14954e+06 1.15961e+06 1.17155e+06 1.08448e+06 1.14709e+06 1.1595e+06 1.13958e+06 1.07784e+06 1.11551e+06 1.16362e+06 1.17506e+06 1.08368e+06 1.15413e+06 1.1583e+06 1.14676e+06 
25 1.16382e+06 1.26392e+06 1.2419e+06 1.28022e+06 1.19666e+06 1.24e+06 1.25863e+06 1.2791e+06 1.18376e+06 1.25487e+06 1.26714e+06 1.27953e+06 1.18151e+06 1.25538e+06 1.26434e+06 1.28856e+06 1.19295e+06 1.24469e+06 1.28022e+06 1.28574e+06 1.20232e+06 1.26006e+06 1.26256e+06 1.25852e+06 
26 1.32487e+06 1.38557e+06 1.38766e+06 1.39505e+06 1.2442e+06 1.36234e+06 1.34391e+06 1.39896e+06 1.29404e+06 1.35892e+06 1.39139e+06 1.36943e+06 1.26646e+06 1.3374e+06 1.35885e+06 1.33801e+06 1.26591e+06 1.33093e+06 1.37636e+06 1.3884e+06 1.24894e+06 1.35398e+06 1.38893e+06 1.39058e+06 
27 1.18072e+06 1.29021e+06 1.27946e+06 1.27147e+06 1.15104e+06 1.25303e+06 1.24827e+06 1.27818e+06 1.17389e+06 1.25566e+06 1.22668e+06 1.25368e+06 1.16684e+06 1.25116e+06 1.24724e+06 1.27601e+06 1.16792e+06 1.24326e+06 1.27972e+06 1.26456e+06 1.14048e+06 1.2521e+06 1.24936e+06 1.28333e+06 
28 1.31426e+06 1.38734e+06 1.46739e+06 1.45603e+06 1.31333e+06 1.39107e+06 1.40421e+06 1.42622e+06 1.3157e+06 1.41674e+06 1.46736e+06 1.42937e+06 1.33055e+06 1.4245e+06 1.42879e+06 1.4437e+06 1.31226e+06 1.40565e+06 1.45021e+06 1.43328e+06 1.29117e+06 1.44901e+06 1.42666e+06 1.44159e+06 
29 1.12355e+06 1.23607e+06 1.23811e+06 1.23462e+06 1.15711e+06 1.22121e+06 1.21683e+06 1.25457e+06 1.1539e+06 1.20798e+06 1.21441e+06 1.23563e+06 1.1351e+06 1.21788e+06 1.23202e+06 1.18396e+06 1.14959e+06 1.19425e+06 1.24192e+06 1.2386e+06 1.1357e+06 1.191e+06 1.18708e+06 1.22624e+06 
30 1.24237e+06 1.32895e+06 1.36021e+06 1.36124e+06 1.23507e+06 1.33543e+06 1.32895e+06 1.37971e+06 1.25709e+06 1.36021e+06 1.32895e+06 1.36021e+06 1.2429e+06 1.32895e+06 1.32895e+06 1.32895e+06 1.2401e+06 1.34018e+06 1.37862e+06 1.35759e+06 1.24342e+06 1.30587e+06 1.32039e+06 1.36021e+06 
31 992733 1.00538e+06 1.00538e+06 1.01886e+06 972720 1.01886e+06 1.04601e+06 1.00538e+06 1.00487e+06 1.05588e+06 1.00538e+06 1.01886e+06 1.0024e+06 1.00538e+06 1.04822e+06 1.00538e+06 980910 1.04299e+06 1.04993e+06 1.00538e+06 982483 1.00538e+06 1.0472e+06 1.00538e+06 
32 1.09903e+06 1.12692e+06 1.12949e+06 1.13432e+06 1.06556e+06 1.1133e+06 1.1133e+06 1.10545e+06 1.05957e+06 1.1133e+06 1.10233e+06 1.14847e+06 1.07244e+06 1.1119e+06 1.13335e+06 1.1133e+06 1.06247e+06 1.11466e+06 1.12991e+06 1.13524e+06 1.05569e+06 1.09167e+06 1.1133e+06 1.11149e+06 
33 1.12895e+06 1.14386e+06 1.16196e+06 1.16196e+06 1.09268e+06 1.1446e+06 1.16626e+06 1.16626e+06 1.13838e+06 1.17011e+06 1.16196e+06 1.17011e+06 1.08964e+06 1.16249e+06 1.14386e+06 1.15023e+06 1.10093e+06 1.15023e+06 1.1598e+06 1.14386e+06 1.09224e+06 1.15023e+06 1.15023e+06 1.15943e+06 
34 1.12092e+06 1.17827e+06 1.16686e+06 1.15837e+06 1.10967e+06 1.1389e+06 1.1511e+06 1.15919e+06 1.12573e+06 1.14232e+06 1.1781e+06 1.15013e+06 1.09712e+06 1.12913e+06 1.1642e+06 1.15479e+06 1.09081e+06 1.14957e+06 1.16596e+06 1.15837e+06 1.05978e+06 1.14866e+06 1.15809e+06 1.15837e+06 
35 1.19155e+06 1.27219e+06 1.25844e+06 1.25145e+06 1.20892e+06 1.27827e+06 1.28168e+06 1.25869e+06 1.19724e+06 1.26636e+06 1.28066e+06 1.25905e+06 1.20993e+06 1.27108e+06 1.22606e+06 1.28351e+06 1.19949e+06 1.26489e+06 1.27404e+06 1.25547e+06 1.20208e+06 1.25553e+06 1.24634e+06 1.26914e+06 
36 1.13821e+06 1.21044e+06 1.23019e+06 1.1917e+06 1.12334e+06 1.20764e+06 1.21426e+06 1.21286e+06 1.09434e+06 1.19818e+06 1.20372e+06 1.1812e+06 1.13602e+06 1.15775e+06 1.19618e+06 1.20082e+06 1.13807e+06 1.21379e+06 1.21974e+06 1.21632e+06 1.10042e+06 1.18957e+06 1.1955e+06 1.19845e+06 
37 1.26067e+06 1.31545e+06 1.27245e+06 1.36034e+06 1.21101e+06 1.28861e+06 1.28861e+06 1.28861e+06 1.25377e+06 1.28861e+06 1.28861e+06 1.32838e+06 1.20736e+06 1.25876e+06 1.2695e+06 1.33484e+06 1.2695e+06 1.2695e+06 1.32668e+06 1.32196e+06 1.24237e+06 1.28671e+06 1.30695e+06 1.31237e+06 
38 1.3549e+06 1.42539e+06 1.42663e+06 1.47656e+06 1.32977e+06 1.41349e+06 1.41178e+06 1.45911e+06 1.34269e+06 1.40623e+06 1.44368e+06 1.45243e+06 1.32921e+06 1.43021e+06 1.43632e+06 1.43154e+06 1.33588e+06 1.42637e+06 1.43334e+06 1.45018e+06 1.29918e+06 1.40668e+06 1.40036e+06 1.42926e+06 
39 1.13608e+06 1.22162e+06 1.26179e+06 1.25306e+06 1.12186e+06 1.24183e+06 1.22858e+06 1.2423e+06 1.11272e+06 1.19227e+06 1.23433e+06 1.23557e+06 1.15131e+06 1.21066e+06 1.23461e+06 1.22804e+06 1.18345e+06 1.19663e+06 1.2321e+06 1.22481e+06 1.16311e+06 1.2113e+06 1.20815e+06 1.20931e+06 
40 1.09562e+06 1.05291e+06 1.1442e+06 1.15958e+06 1.07868e+06 1.05291e+06 1.12904e+06 1.10439e+06 1.0629e+06 1.05291e+06 1.05291e+06 1.05291e+06 1.05139e+06 1.11923e+06 1.12683e+06 1.05291e+06 1.0446e+06 1.13669e+06 1.12866e+06 1.13152e+06 1.04868e+06 1.09796e+06 1.05291e+06 1.10554e+06 
41 1.18176e+06 1.23426e+06 1.27809e+06 1.30347e+06 1.18876e+06 1.26169e+06 1.27498e+06 1.26651e+06 1.19715e+06 1.26569e+06 1.2926e+06 1.30295e+06 1.14498e+06 1.28691e+06 1.28747e+06 1.2715e+06 1.15123e+06 1.29122e+06 1.25306e+06 1.29284e+06 1.16628e+06 1.25178e+06 1.26933e+06 1.27685e+06 
42 1.22067e+06 1.24573e+06 1.32871e+06 1.29417e+06 1.18193e+06 1.23727e+06 1.24385e+06 1.30521e+06 1.22315e+06 1.23727e+06 1.29342e+06 1.24385e+06 1.20123e+06 1.28809e+06 1.29185e+06 1.24385e+06 1.19522e+06 1.28156e+06 1.23727e+06 1.29417e+06 1.19336e+06 1.23727e+06 1.29189e+06 1.24385e+06 
43 1.23278e+06 1.31784e+06 1.33297e+06 1.30771e+06 1.22333e+06 1.28551e+06 1.33034e+06 1.26657e+06 1.20123e+06 1.31012e+06 1.31302e+06 1.32107e+06 1.2328e+06 1.26657e+06 1.26657e+06 1.26657e+06 1.24884e+06 1.29453e+06 1.26657e+06 1.28604e+06 1.20416e+06 1.26657e+06 1.28614e+06 1.31727e+06 
44 1.16257e+06 1.23533e+06 1.22161e+06 1.26575e+06 1.12861e+06 1.23157e+06 1.243e+06 1.24591e+06 1.1199e+06 1.21817e+06 1.23017e+06 1.21986e+06 1.13254e+06 1.23199e+06 1.24081e+06 1.22844e+06 1.14215e+06 1.21916e+06 1.24047e+06 1.26453e+06 1.10041e+06 1.18706e+06 1.24085e+06 1.23279e+06 
45 1.22443e+06 1.32093e+06 1.31993e+06 1.3254e+06 1.2263e+06 1.31493e+06 1.31887e+06 1.31385e+06 1.22881e+06 1.31319e+06 1.3141e+06 1.32646e+06 1.23104e+06 1.2987e+06 1.31971e+06 1.30832e+06 1.24579e+06 1.2824e+06 1.2824e+06 1.2824e+06 1.22442e+06 1.31017e+06 1.31688e+06 1.2897e+06 
46 1.0796e+06 1.09955e+06 1.13878e+06 1.1437e+06 1.09171e+06 1.11575e+06 1.1166e+06 1.11151e+06 1.094e+06 1.12765e+06 1.10234e+06 1.14292e+06 1.06298e+06 1.11892e+06 1.1309e+06 1.13945e+06 1.08472e+06 1.09052e+06 1.11601e+06 1.12119e+06 1.07531e+06 1.12744e+06 1.11051e+06 1.12619e+06 
47 948028 1.02999e+06 1.03246e+06 1.01701e+06 962827 1.02699e+06 1.00772e+06 1.01215e+06 966938 975310 994378 1.03362e+06 961537 982868 1.00024e+06 1.00282e+06 969592 1.02129e+06 1.01144e+06 1.00964e+06 960842 988337 1.01392e+06 1.00696e+06 
48 1.2049e+06 1.20911e+06 1.23366e+06 1.25505e+06 1.17254e+06 1.2148e+06 1.21955e+06 1.22616e+06 1.18153e+06 1.21567e+06 1.24276e+06 1.224e+06 1.1655e+06 1.217e+06 1.21925e+06 1.21293e+06 1.183e+06 1.22036e+06 1.21853e+06 1.22348e+06 1.15607e+06 1.19471e+06 1.19917e+06 1.2199e+06 
49 1.05628e+06 1.10252e+06 1.10792e+06 1.12429e+06 1.03933e+06 1.09054e+06 1.11625e+06 1.0977e+06 1.05677e+06 1.09363e+06 1.08855e+06 1.11444e+06 1.00945e+06 1.08018e+06 1.0989e+06 1.09778e+06 1.06961e+06 1.09663e+06 1.09734e+06 1.06896e+06 1.05289e+06 1.0911e+06 1.09042e+06 1.09539e+06 
50 1.03896e+06 1.10218e+06 1.07412e+06 1.12103e+06 1.0168e+06 1.0748e+06 1.08848e+06 1.0791e+06 994540 1.09542e+06 1.05173e+06 1.06788e+06 1.0196e+06 1.06477e+06 1.06102e+06 1.0896e+06 1.02083e+06 1.07672e+06 1.09555e+06 1.0978e+06 1.0106e+06 1.04956e+06 1.08325e+06 1.06545e+06 
51 1.13999e+06 1.16539e+06 1.16173e+06 1.17341e+06 1.06113e+06 1.15262e+06 1.18793e+06 1.18031e+06 1.08087e+06 1.15192e+06 1.17565e+06 1.19098e+06 1.09297e+06 1.13844e+06 1.16119e+06 1.15822e+06 1.10143e+06 1.15138e+06 1.17949e+06 1.18491e+06 1.10699e+06 1.16699e+06 1.14832e+06 1.15441e+06 
52 1.10028e+06 1.10804e+06 1.09911e+06 1.11879e+06 1.08383e+06 1.09955e+06 1.12156e+06 1.12673e+06 1.05649e+06 1.12037e+06 1.13738e+06 1.14931e+06 1.0592e+06 1.12156e+06 1.11879e+06 1.13487e+06 1.08689e+06 1.11746e+06 1.12673e+06 1.11949e+06 1.05896e+06 1.11091e+06 1.13735e+06 1.11879e+06 
53 1.15522e+06 1.2185e+06 1.19151e+06 1.19127e+06 1.14323e+06 1.21338e+06 1.21432e+06 1.22635e+06 1.14618e+06 1.19127e+06 1.19127e+06 1.17563e+06 1.13777e+06 1.19127e+06 1.19127e+06 1.19127e+06 1.13715e+06 1.2024e+06 1.22121e+06 1.25131e+06 1.12747e+06 1.17457e+06 1.19127e+06 1.19127e+06 
54 1.11443e+06 1.14582e+06 1.14503e+06 1.17319e+06 1.09212e+06 1.12713e+06 1.1443e+06 1.14582e+06 1.09406e+06 1.14582e+06 1.15797e+06 1.15689e+06 1.08589e+06 1.14182e+06 1.16196e+06 1.1443e+06 1.075e+06 1.14704e+06 1.14582e+06 1.1661e+06 1.08315e+06 1.10562e+06 1.15306e+06 1.1443e+06 
55 1.10785e+06 1.15546e+06 1.19693e+06 1.18377e+06 1.12199e+06 1.16238e+06 1.19601e+06 1.19169e+06 1.11149e+06 1.15808e+06 1.20053e+06 1.19194e+06 1.11641e+06 1.16058e+06 1.19192e+06 1.19433e+06 1.10182e+06 1.17134e+06 1.18837e+06 1.18889e+06 1.07168e+06 1.16581e+06 1.17078e+06 1.18132e+06 
56 1.04501e+06 1.11519e+06 1.10908e+06 1.12054e+06 1.0423e+06 1.12262e+06 1.1269e+06 1.11519e+06 1.05799e+06 1.11705e+06 1.11017e+06 1.12472e+06 1.03647e+06 1.12963e+06 1.10908e+06 1.11017e+06 1.06846e+06 1.1099e+06 1.12648e+06 1.11017e+06 1.03275e+06 1.1353e+06 1.12472e+06 1.12857e+06 
57 933350 1.00487e+06 1.00901e+06 1.01084e+06 937498 989905 1.01217e+06 997234 941468 1.01936e+06 1.01064e+06 1.02484e+06 927225 995808 996062 1.0145e+06 948276 997293 1.00603e+06 1.02618e+06 935553 1.00146e+06 1.01103e+06 1.01135e+06 
58 1.08864e+06 1.18624e+06 1.19424e+06 1.20201e+06 1.09902e+06 1.17597e+06 1.19398e+06 1.20201e+06 1.13176e+06 1.19331e+06 1.16197e+06 1.19959e+06 1.09727e+06 1.18515e+06 1.18999e+06 1.19978e+06 1.11666e+06 1.1947e+06 1.20268e+06 1.20753e+06 1.10727e+06 1.18329e+06 1.17746e+06 1.1847e+06 
59 1.11854e+06 1.16286e+06 1.15744e+06 1.17181e+06 1.07059e+06 1.16782e+06 1.16368e+06 1.15721e+06 1.11011e+06 1.15372e+06 1.15432e+06 1.17512e+06 1.1012e+06 1.17435e+06 1.17535e+06 1.16171e+06 1.09921e+06 1.19144e+06 1.18303e+06 1.16645e+06 1.08e+06 1.17551e+06 1.16498e+06 1.18665e+06 
60 1.15581e+06 1.24009e+06 1.23269e+06 1.24452e+06 1.14217e+06 1.22455e+06 1.23606e+06 1.2333e+06 1.15999e+06 1.22132e+06 1.22519e+06 1.24999e+06 1.1122e+06 1.22804e+06 1.21527e+06 1.19563e+06 1.13034e+06 1.19796e+06 1.23876e+06 1.23035e+06 1.14566e+06 1.22185e+06 1.22441e+06 1.20907e+06 
