1 1.44357e+06 1.47511e+06 1.48775e+06 1.49893e+06 1.38233e+06 1.46137e+06 1.4936e+06 1.51243e+06 1.4069e+06 1.48455e+06 1.48285e+06 1.48074e+06 1.35021e+06 1.4623e+06 1.47534e+06 1.49582e+06 1.39342e+06 1.47279e+06 1.44613e+06 1.4716e+06 1.37264e+06 1.4211e+06 1.47138e+06 1.48379e+06 
2 1.14871e+06 1.21142e+06 1.24883e+06 1.22892e+06 1.12209e+06 1.21857e+06 1.22431e+06 1.2147e+06 1.11931e+06 1.19861e+06 1.22998e+06 1.22589e+06 1.09136e+06 1.19985e+06 1.21193e+06 1.19616e+06 1.10819e+06 1.20137e+06 1.1836e+06 1.23794e+06 1.09382e+06 1.20826e+06 1.22221e+06 1.21143e+06 
3 1.41275e+06 1.43813e+06 1.46143e+06 1.46592e+06 1.36573e+06 1.44221e+06 1.46111e+06 1.433e+06 1.34952e+06 1.42433e+06 1.44294e+06 1.47663e+06 1.282e+06 1.42122e+06 1.45545e+06 1.43913e+06 1.32518e+06 1.42443e+06 1.43911e+06 1.4593e+06 1.30494e+06 1.43277e+06 1.44327e+06 1.46123e+06 
4 1.11252e+06 1.16049e+06 1.22467e+06 1.20054e+06 1.10859e+06 1.14719e+06 1.18427e+06 1.21044e+06 1.11539e+06 1.18084e+06 1.20115e+06 1.18223e+06 1.09604e+06 1.1693e+06 1.19452e+06 1.19855e+06 1.0985e+06 1.18683e+06 1.20233e+06 1.19909e+06 1.06271e+06 1.17954e+06 1.21055e+06 1.21119e+06 
5 1.24356e+06 1.34298e+06 1.3458e+06 1.34016e+06 1.23563e+06 1.31005e+06 1.34191e+06 1.34238e+06 1.21369e+06 1.27384e+06 1.33055e+06 1.34292e+06 1.21237e+06 1.32623e+06 1.3387e+06 1.33181e+06 1.19316e+06 1.32439e+06 1.32619e+06 1.33623e+06 1.17149e+06 1.30768e+06 1.31829e+06 1.32991e+06 
6 1.33182e+06 1.3831e+06 1.41749e+06 1.446e+06 1.29258e+06 1.39785e+06 1.45013e+06 1.42264e+06 1.33714e+06 1.41688e+06 1.42883e+06 1.43394e+06 1.31203e+06 1.41058e+06 1.43977e+06 1.4327e+06 1.32666e+06 1.39346e+06 1.43704e+06 1.44441e+06 1.31149e+06 1.41926e+06 1.42908e+06 1.42246e+06 
7 1.32191e+06 1.4202e+06 1.41344e+06 1.43711e+06 1.31307e+06 1.40088e+06 1.40896e+06 1.42432e+06 1.31339e+06 1.41056e+06 1.4133e+06 1.43226e+06 1.29746e+06 1.37945e+06 1.41104e+06 1.39988e+06 1.29915e+06 1.40247e+06 1.40643e+06 1.41616e+06 1.28046e+06 1.40724e+06 1.38759e+06 1.39598e+06 
8 1.47508e+06 1.55501e+06 1.54587e+06 1.55677e+06 1.44179e+06 1.52873e+06 1.54732e+06 1.54013e+06 1.46126e+06 1.49997e+06 1.56108e+06 1.55957e+06 1.43234e+06 1.52286e+06 1.5379e+06 1.51891e+06 1.41383e+06 1.53332e+06 1.53398e+06 1.55803e+06 1.40429e+06 1.52896e+06 1.52068e+06 1.55257e+06 
9 1.43832e+06 1.52122e+06 1.51854e+06 1.5466e+06 1.43058e+06 1.5185e+06 1.52324e+06 1.5217e+06 1.43998e+06 1.52306e+06 1.52582e+06 1.53925e+06 1.41441e+06 1.47735e+06 1.52096e+06 1.47822e+06 1.42473e+06 1.52127e+06 1.51177e+06 1.52611e+06 1.43772e+06 1.48782e+06 1.52643e+06 1.52655e+06 
10 1.30224e+06 1.43567e+06 1.46843e+06 1.44353e+06 1.31064e+06 1.40511e+06 1.43707e+06 1.45364e+06 1.34361e+06 1.44545e+06 1.44546e+06 1.44465e+06 1.31253e+06 1.42459e+06 1.44596e+06 1.47026e+06 1.28388e+06 1.38712e+06 1.44798e+06 1.42851e+06 1.31767e+06 1.43177e+06 1.4352e+06 1.4445e+06 
11 1.22075e+06 1.28213e+06 1.27548e+06 1.31711e+06 1.14653e+06 1.25407e+06 1.27825e+06 1.30041e+06 1.23059e+06 1.29343e+06 1.29442e+06 1.29133e+06 1.17981e+06 1.25742e+06 1.26975e+06 1.28509e+06 1.2021e+06 1.28232e+06 1.30534e+06 1.30624e+06 1.21347e+06 1.2834e+06 1.30407e+06 1.28486e+06 
12 1.31417e+06 1.4056e+06 1.39664e+06 1.39053e+06 1.29187e+06 1.39104e+06 1.41372e+06 1.40514e+06 1.34456e+06 1.40231e+06 1.41428e+06 1.4166e+06 1.25315e+06 1.37951e+06 1.37912e+06 1.40659e+06 1.28449e+06 1.40442e+06 1.41395e+06 1.41897e+06 1.25861e+06 1.37407e+06 1.40029e+06 1.38922e+06 
13 1.4297e+06 1.46956e+06 1.47322e+06 1.45665e+06 1.38566e+06 1.47863e+06 1.47344e+06 1.47948e+06 1.36255e+06 1.4805e+06 1.46551e+06 1.48138e+06 1.37866e+06 1.47296e+06 1.48252e+06 1.48634e+06 1.39463e+06 1.47962e+06 1.49247e+06 1.48563e+06 1.37411e+06 1.46391e+06 1.48029e+06 1.47804e+06 
14 1.26555e+06 1.35135e+06 1.35838e+06 1.36748e+06 1.24581e+06 1.35225e+06 1.36515e+06 1.35715e+06 1.26225e+06 1.34051e+06 1.36403e+06 1.34795e+06 1.21741e+06 1.33436e+06 1.34627e+06 1.34511e+06 1.28762e+06 1.36145e+06 1.36553e+06 1.33957e+06 1.24698e+06 1.34023e+06 1.34738e+06 1.35823e+06 
15 1.1355e+06 1.24425e+06 1.27242e+06 1.24266e+06 1.10607e+06 1.24029e+06 1.2523e+06 1.25109e+06 1.14385e+06 1.2509e+06 1.25029e+06 1.24752e+06 1.08738e+06 1.21423e+06 1.23882e+06 1.23556e+06 1.115e+06 1.21361e+06 1.21845e+06 1.24611e+06 1.12202e+06 1.2007e+06 1.24026e+06 1.25603e+06 
16 1.13316e+06 1.22227e+06 1.24173e+06 1.25295e+06 1.13749e+06 1.22557e+06 1.21848e+06 1.22952e+06 1.13492e+06 1.20932e+06 1.24684e+06 1.22327e+06 1.12281e+06 1.22997e+06 1.222e+06 1.23196e+06 1.13536e+06 1.20727e+06 1.22066e+06 1.23275e+06 1.09718e+06 1.21604e+06 1.21173e+06 1.22365e+06 
17 1.24247e+06 1.32902e+06 1.32624e+06 1.34837e+06 1.24106e+06 1.31457e+06 1.33075e+06 1.30796e+06 1.23663e+06 1.3312e+06 1.28573e+06 1.32856e+06 1.22739e+06 1.3239e+06 1.29577e+06 1.33151e+06 1.23655e+06 1.31551e+06 1.3317e+06 1.33652e+06 1.21851e+06 1.31118e+06 1.30377e+06 1.31623e+06 
18 1.05338e+06 1.1301e+06 1.12383e+06 1.11921e+06 1.01438e+06 1.10915e+06 1.14611e+06 1.13577e+06 1.06111e+06 1.11033e+06 1.14369e+06 1.1507e+06 1.03025e+06 1.11305e+06 1.14409e+06 1.11701e+06 1.04878e+06 1.12315e+06 1.12699e+06 1.13395e+06 1.05238e+06 1.11698e+06 1.10687e+06 1.13273e+06 
19 1.27594e+06 1.38608e+06 1.37225e+06 1.38722e+06 1.23845e+06 1.35587e+06 1.35685e+06 1.37936e+06 1.27477e+06 1.33511e+06 1.38562e+06 1.37201e+06 1.24678e+06 1.34821e+06 1.35821e+06 1.35226e+06 1.27066e+06 1.33394e+06 1.30275e+06 1.36912e+06 1.26261e+06 1.32676e+06 1.34929e+06 1.34408e+06 
20 1.34811e+06 1.3853e+06 1.4158e+06 1.42011e+06 1.34596e+06 1.37622e+06 1.4185e+06 1.41297e+06 1.32932e+06 1.39751e+06 1.44106e+06 1.41129e+06 1.32997e+06 1.41722e+06 1.40613e+06 1.40833e+06 1.31004e+06 1.38596e+06 1.41727e+06 1.40624e+06 1.28942e+06 1.38535e+06 1.38845e+06 1.41348e+06 
21 1.03228e+06 1.09262e+06 1.12008e+06 1.11721e+06 1.0258e+06 1.08424e+06 1.10699e+06 1.0768e+06 1.0027e+06 1.09372e+06 1.11979e+06 1.0897e+06 1.00881e+06 1.07159e+06 1.09267e+06 1.10192e+06 1.04865e+06 1.08733e+06 1.09865e+06 1.12031e+06 981797 1.069e+06 1.10407e+06 1.08507e+06 
22 1.22876e+06 1.32861e+06 1.3415e+06 1.34243e+06 1.21526e+06 1.29882e+06 1.32358e+06 1.34847e+06 1.2653e+06 1.29455e+06 1.29017e+06 1.32456e+06 1.23481e+06 1.28849e+06 1.30183e+06 1.30263e+06 1.21809e+06 1.33492e+06 1.32478e+06 1.31388e+06 1.23554e+06 1.29843e+06 1.31815e+06 1.33038e+06 
23 1.18517e+06 1.24945e+06 1.29024e+06 1.27327e+06 1.17184e+06 1.25338e+06 1.27794e+06 1.27893e+06 1.15912e+06 1.26814e+06 1.28201e+06 1.25748e+06 1.13041e+06 1.25452e+06 1.25861e+06 1.27012e+06 1.19209e+06 1.26384e+06 1.28193e+06 1.29981e+06 1.17085e+06 1.26612e+06 1.25955e+06 1.27034e+06 
24 1.07142e+06 1.14061e+06 1.14158e+06 1.17631e+06 1.03832e+06 1.10518e+06 1.16088e+06 1.19436e+06 1.08381e+06 1.15678e+06 1.17231e+06 1.15245e+06 1.06849e+06 1.14274e+06 1.17551e+06 1.16231e+06 1.04909e+06 1.16103e+06 1.1483e+06 1.15713e+06 1.07573e+06 1.13891e+06 1.15237e+06 1.13875e+06 
25 1.17168e+06 1.27121e+06 1.28574e+06 1.27698e+06 1.17297e+06 1.24819e+06 1.28354e+06 1.27754e+06 1.16961e+06 1.26877e+06 1.28452e+06 1.2808e+06 1.15351e+06 1.25832e+06 1.25845e+06 1.25997e+06 1.16452e+06 1.27121e+06 1.24856e+06 1.25912e+06 1.16613e+06 1.26392e+06 1.28305e+06 1.28022e+06 
26 1.29901e+06 1.3649e+06 1.38785e+06 1.37038e+06 1.27865e+06 1.35285e+06 1.38423e+06 1.38395e+06 1.22942e+06 1.35423e+06 1.34264e+06 1.39409e+06 1.2506e+06 1.34133e+06 1.321e+06 1.3749e+06 1.2689e+06 1.36117e+06 1.35835e+06 1.38471e+06 1.26063e+06 1.33528e+06 1.36489e+06 1.38088e+06 
27 1.15412e+06 1.2732e+06 1.26835e+06 1.27385e+06 1.16928e+06 1.23235e+06 1.27019e+06 1.25304e+06 1.15327e+06 1.26392e+06 1.26019e+06 1.26604e+06 1.12744e+06 1.22982e+06 1.2812e+06 1.25221e+06 1.16669e+06 1.2619e+06 1.25199e+06 1.26034e+06 1.15623e+06 1.22498e+06 1.27607e+06 1.28133e+06 
28 1.31515e+06 1.38576e+06 1.44881e+06 1.44919e+06 1.3015e+06 1.41348e+06 1.42084e+06 1.4561e+06 1.33371e+06 1.39171e+06 1.42785e+06 1.4416e+06 1.30237e+06 1.40536e+06 1.42333e+06 1.44704e+06 1.34969e+06 1.43129e+06 1.44696e+06 1.46986e+06 1.29011e+06 1.43328e+06 1.40998e+06 1.43532e+06 
29 1.15277e+06 1.15776e+06 1.16699e+06 1.24011e+06 1.14049e+06 1.1938e+06 1.20183e+06 1.21039e+06 1.1552e+06 1.18e+06 1.22954e+06 1.21157e+06 1.16344e+06 1.19717e+06 1.2313e+06 1.23614e+06 1.15021e+06 1.21212e+06 1.24855e+06 1.19744e+06 1.14627e+06 1.15303e+06 1.23646e+06 1.21501e+06 
30 1.27161e+06 1.32895e+06 1.32895e+06 1.32895e+06 1.25261e+06 1.3283e+06 1.34569e+06 1.32895e+06 1.24938e+06 1.33495e+06 1.32895e+06 1.32895e+06 1.2374e+06 1.35864e+06 1.34984e+06 1.37107e+06 1.2911e+06 1.36021e+06 1.36021e+06 1.32895e+06 1.25443e+06 1.30944e+06 1.34857e+06 1.36021e+06 
31 974234 1.00538e+06 1.01886e+06 1.00538e+06 982402 1.03495e+06 1.05077e+06 1.00538e+06 996647 1.00538e+06 1.03157e+06 1.0628e+06 982082 1.04343e+06 1.05194e+06 1.03354e+06 993324 1.0376e+06 1.05636e+06 1.07917e+06 1.00123e+06 1.04663e+06 1.03832e+06 1.03982e+06 
32 1.09085e+06 1.13885e+06 1.13648e+06 1.1133e+06 1.05715e+06 1.1057e+06 1.1133e+06 1.14308e+06 1.0776e+06 1.12439e+06 1.11342e+06 1.12181e+06 1.05405e+06 1.10176e+06 1.12168e+06 1.11719e+06 1.03818e+06 1.12842e+06 1.10747e+06 1.1095e+06 1.05983e+06 1.08298e+06 1.12104e+06 1.1301e+06 
33 1.09954e+06 1.16196e+06 1.14386e+06 1.15023e+06 1.10737e+06 1.16626e+06 1.17011e+06 1.16626e+06 1.0943e+06 1.15023e+06 1.16196e+06 1.14386e+06 1.10819e+06 1.16038e+06 1.17011e+06 1.16626e+06 1.12369e+06 1.16026e+06 1.15023e+06 1.13466e+06 1.12341e+06 1.15023e+06 1.14386e+06 1.16196e+06 
34 1.05867e+06 1.15837e+06 1.18645e+06 1.15837e+06 1.09064e+06 1.1408e+06 1.18418e+06 1.16989e+06 1.09344e+06 1.16606e+06 1.18173e+06 1.16013e+06 1.08965e+06 1.14424e+06 1.17143e+06 1.15269e+06 1.09618e+06 1.15045e+06 1.17102e+06 1.1669e+06 1.08658e+06 1.11543e+06 1.12675e+06 1.17998e+06 
35 1.20659e+06 1.27433e+06 1.28025e+06 1.29372e+06 1.19698e+06 1.23068e+06 1.25997e+06 1.28726e+06 1.23956e+06 1.25725e+06 1.26173e+06 1.27117e+06 1.21665e+06 1.26915e+06 1.25457e+06 1.2762e+06 1.19795e+06 1.26343e+06 1.28007e+06 1.28638e+06 1.20209e+06 1.24139e+06 1.27597e+06 1.27805e+06 
36 1.15211e+06 1.22078e+06 1.1917e+06 1.23079e+06 1.13784e+06 1.1917e+06 1.1917e+06 1.23106e+06 1.12581e+06 1.19067e+06 1.1917e+06 1.21647e+06 1.12269e+06 1.20155e+06 1.20845e+06 1.1917e+06 1.1262e+06 1.20474e+06 1.21597e+06 1.20192e+06 1.14219e+06 1.20634e+06 1.20082e+06 1.19848e+06 
37 1.22036e+06 1.2695e+06 1.34182e+06 1.28861e+06 1.22725e+06 1.28861e+06 1.28861e+06 1.33016e+06 1.23901e+06 1.29488e+06 1.30398e+06 1.30446e+06 1.19992e+06 1.2695e+06 1.3017e+06 1.32906e+06 1.23382e+06 1.31586e+06 1.29343e+06 1.2695e+06 1.24097e+06 1.29745e+06 1.28861e+06 1.31103e+06 
38 1.34189e+06 1.42053e+06 1.45656e+06 1.4537e+06 1.28605e+06 1.42316e+06 1.43122e+06 1.45165e+06 1.3402e+06 1.43051e+06 1.42117e+06 1.41993e+06 1.3363e+06 1.4088e+06 1.42084e+06 1.44297e+06 1.31411e+06 1.45337e+06 1.43032e+06 1.47176e+06 1.29582e+06 1.42932e+06 1.44099e+06 1.42673e+06 
39 1.17884e+06 1.19091e+06 1.24029e+06 1.2474e+06 1.14555e+06 1.20489e+06 1.22292e+06 1.23907e+06 1.15496e+06 1.2112e+06 1.20854e+06 1.23712e+06 1.15326e+06 1.21567e+06 1.25148e+06 1.22798e+06 1.17047e+06 1.20244e+06 1.23718e+06 1.23543e+06 1.17122e+06 1.21063e+06 1.22492e+06 1.24147e+06 
40 988156 1.12891e+06 1.14075e+06 1.12548e+06 1.03844e+06 1.12705e+06 1.12963e+06 1.14211e+06 1.01531e+06 1.12097e+06 1.13488e+06 1.14342e+06 1.03833e+06 1.12715e+06 1.11738e+06 1.14835e+06 1.04098e+06 1.13152e+06 1.05291e+06 1.13181e+06 1.01916e+06 1.11399e+06 1.12994e+06 1.11181e+06 
41 1.21038e+06 1.2671e+06 1.27942e+06 1.29017e+06 1.13426e+06 1.23792e+06 1.27809e+06 1.2787e+06 1.1306e+06 1.25681e+06 1.29462e+06 1.28978e+06 1.1939e+06 1.257e+06 1.2663e+06 1.29294e+06 1.18812e+06 1.27522e+06 1.28421e+06 1.28584e+06 1.18922e+06 1.27298e+06 1.27963e+06 1.28676e+06 
42 1.21722e+06 1.23727e+06 1.24385e+06 1.26791e+06 1.20803e+06 1.24772e+06 1.23727e+06 1.30359e+06 1.22301e+06 1.27863e+06 1.23727e+06 1.29417e+06 1.17248e+06 1.24385e+06 1.23727e+06 1.31468e+06 1.21779e+06 1.23727e+06 1.28946e+06 1.31231e+06 1.2154e+06 1.28662e+06 1.32116e+06 1.28699e+06 
43 1.18133e+06 1.27719e+06 1.26657e+06 1.31277e+06 1.20939e+06 1.26239e+06 1.26422e+06 1.26657e+06 1.21881e+06 1.28719e+06 1.30757e+06 1.34175e+06 1.21502e+06 1.30468e+06 1.25936e+06 1.30375e+06 1.2432e+06 1.26627e+06 1.27966e+06 1.31944e+06 1.23336e+06 1.28599e+06 1.30841e+06 1.31592e+06 
44 1.16029e+06 1.222e+06 1.2346e+06 1.25771e+06 1.09418e+06 1.1897e+06 1.21696e+06 1.2174e+06 1.14788e+06 1.21372e+06 1.24461e+06 1.2515e+06 1.11255e+06 1.23075e+06 1.23065e+06 1.22943e+06 1.14455e+06 1.19522e+06 1.2245e+06 1.22861e+06 1.14466e+06 1.21125e+06 1.23058e+06 1.2409e+06 
45 1.22421e+06 1.32478e+06 1.33587e+06 1.2824e+06 1.20546e+06 1.29945e+06 1.27446e+06 1.28994e+06 1.2327e+06 1.31172e+06 1.32767e+06 1.2824e+06 1.17909e+06 1.2792e+06 1.2824e+06 1.28151e+06 1.25201e+06 1.30947e+06 1.32135e+06 1.32619e+06 1.23472e+06 1.26017e+06 1.2824e+06 1.30763e+06 
46 1.06654e+06 1.13217e+06 1.15172e+06 1.15172e+06 1.06645e+06 1.14047e+06 1.11891e+06 1.11848e+06 1.09838e+06 1.12656e+06 1.11078e+06 1.1255e+06 1.07137e+06 1.12315e+06 1.13523e+06 1.10633e+06 1.08726e+06 1.13284e+06 1.14596e+06 1.12852e+06 1.07358e+06 1.11367e+06 1.11412e+06 1.10872e+06 
47 971461 1.01043e+06 1.03201e+06 1.04682e+06 960686 1.00683e+06 1.01238e+06 1.01083e+06 973171 1.01421e+06 1.01496e+06 1.00344e+06 956125 1.00607e+06 999545 1.01064e+06 931274 1.01535e+06 1.00025e+06 1.00743e+06 934096 985918 1.00789e+06 996956 
48 1.19063e+06 1.23256e+06 1.2354e+06 1.22758e+06 1.16563e+06 1.20429e+06 1.22445e+06 1.23258e+06 1.19825e+06 1.18352e+06 1.22198e+06 1.23499e+06 1.17511e+06 1.22574e+06 1.21287e+06 1.21551e+06 1.20528e+06 1.20854e+06 1.20768e+06 1.22359e+06 1.17119e+06 1.20347e+06 1.2131e+06 1.20697e+06 
49 1.07582e+06 1.10143e+06 1.12405e+06 1.13053e+06 1.03745e+06 1.08424e+06 1.1241e+06 1.05716e+06 1.04223e+06 1.09592e+06 1.09408e+06 1.09499e+06 1.05294e+06 1.07645e+06 1.09437e+06 1.09592e+06 1.06209e+06 1.10954e+06 1.10844e+06 1.10069e+06 1.00841e+06 1.05767e+06 1.10273e+06 1.11015e+06 
50 1.05021e+06 1.0934e+06 1.099e+06 1.09671e+06 1.03483e+06 1.05468e+06 1.07313e+06 1.09246e+06 1.03258e+06 1.04333e+06 1.10023e+06 1.09731e+06 1.02039e+06 1.07874e+06 1.08278e+06 1.08232e+06 1.02397e+06 1.06647e+06 1.10617e+06 1.08582e+06 1.02857e+06 1.05772e+06 1.06178e+06 1.0813e+06 
51 1.11796e+06 1.19123e+06 1.19013e+06 1.17674e+06 1.09857e+06 1.14711e+06 1.17212e+06 1.17558e+06 1.07395e+06 1.16903e+06 1.16742e+06 1.18327e+06 1.08051e+06 1.13831e+06 1.17194e+06 1.14747e+06 1.08926e+06 1.17258e+06 1.16803e+06 1.15665e+06 1.09627e+06 1.15153e+06 1.16081e+06 1.16008e+06 
52 1.07267e+06 1.11409e+06 1.15132e+06 1.12482e+06 1.07369e+06 1.12673e+06 1.13714e+06 1.11879e+06 1.07651e+06 1.13935e+06 1.13524e+06 1.14648e+06 1.06079e+06 1.11267e+06 1.11577e+06 1.12655e+06 1.08405e+06 1.11879e+06 1.13677e+06 1.10486e+06 1.04344e+06 1.11636e+06 1.13033e+06 1.13511e+06 
53 1.14887e+06 1.2059e+06 1.24377e+06 1.19127e+06 1.15311e+06 1.19151e+06 1.20364e+06 1.19151e+06 1.15682e+06 1.19644e+06 1.20694e+06 1.2377e+06 1.15347e+06 1.17764e+06 1.19151e+06 1.19151e+06 1.1547e+06 1.21127e+06 1.19151e+06 1.21608e+06 1.15067e+06 1.19151e+06 1.19508e+06 1.22286e+06 
54 1.07463e+06 1.15626e+06 1.15888e+06 1.17827e+06 1.08368e+06 1.13306e+06 1.14582e+06 1.17347e+06 1.11195e+06 1.1443e+06 1.13999e+06 1.1443e+06 1.1013e+06 1.14195e+06 1.1466e+06 1.13791e+06 1.09535e+06 1.15721e+06 1.12953e+06 1.16221e+06 1.09428e+06 1.11526e+06 1.14207e+06 1.17054e+06 
55 1.11547e+06 1.19273e+06 1.19693e+06 1.17622e+06 1.11137e+06 1.19746e+06 1.19406e+06 1.18702e+06 1.13226e+06 1.18044e+06 1.18427e+06 1.18491e+06 1.1229e+06 1.18653e+06 1.18942e+06 1.2014e+06 1.08621e+06 1.19613e+06 1.15463e+06 1.19693e+06 1.11842e+06 1.16893e+06 1.19467e+06 1.18945e+06 
56 1.05179e+06 1.13529e+06 1.12472e+06 1.11017e+06 1.04353e+06 1.11261e+06 1.12472e+06 1.13234e+06 1.05391e+06 1.11519e+06 1.12472e+06 1.11017e+06 1.042e+06 1.11435e+06 1.12874e+06 1.12759e+06 1.0684e+06 1.09375e+06 1.11017e+06 1.12472e+06 1.0214e+06 1.10908e+06 1.12554e+06 1.11411e+06 
57 954149 983350 1.03173e+06 979725 936349 1.0149e+06 995518 1.01084e+06 917536 1.01232e+06 1.01086e+06 1.01084e+06 940643 982800 1.0019e+06 1.01084e+06 956640 1.01084e+06 1.0163e+06 1.01438e+06 912419 999782 987342 1.00163e+06 
58 1.08869e+06 1.17543e+06 1.20948e+06 1.21698e+06 1.09808e+06 1.18722e+06 1.19543e+06 1.17139e+06 1.09479e+06 1.19062e+06 1.21288e+06 1.20681e+06 1.10651e+06 1.19319e+06 1.18489e+06 1.18848e+06 1.11387e+06 1.20432e+06 1.20905e+06 1.19184e+06 1.1009e+06 1.15531e+06 1.16494e+06 1.20767e+06 
59 1.12057e+06 1.18284e+06 1.19912e+06 1.18576e+06 1.06936e+06 1.16183e+06 1.15568e+06 1.16286e+06 1.10419e+06 1.15887e+06 1.19822e+06 1.20811e+06 1.06778e+06 1.15391e+06 1.16109e+06 1.18294e+06 1.10478e+06 1.17078e+06 1.16585e+06 1.15591e+06 1.07827e+06 1.1394e+06 1.17934e+06 1.15948e+06 
60 1.15156e+06 1.24897e+06 1.24926e+06 1.23228e+06 1.16222e+06 1.21859e+06 1.21549e+06 1.22214e+06 1.12081e+06 1.22179e+06 1.20488e+06 1.23502e+06 1.14495e+06 1.22579e+06 1.23773e+06 1.23357e+06 1.16e+06 1.2076e+06 1.23818e+06 1.22401e+06 1.10351e+06 1.21276e+06 1.21241e+06 1.23102e+06 
