1 1.36234e+06 1.48883e+06 1.50523e+06 1.51413e+06 1.37177e+06 1.46997e+06 1.49247e+06 1.49263e+06 1.39135e+06 1.47256e+06 1.49347e+06 1.44556e+06 1.37569e+06 1.43517e+06 1.46441e+06 1.48993e+06 1.34885e+06 1.48175e+06 1.4595e+06 1.50041e+06 1.35417e+06 1.44694e+06 1.46746e+06 1.48393e+06 
2 1.11488e+06 1.19887e+06 1.22942e+06 1.23811e+06 1.16501e+06 1.22245e+06 1.20228e+06 1.2322e+06 1.1293e+06 1.1985e+06 1.22887e+06 1.21082e+06 1.10106e+06 1.19201e+06 1.21551e+06 1.22597e+06 1.14375e+06 1.17653e+06 1.21333e+06 1.20173e+06 1.11838e+06 1.2043e+06 1.22399e+06 1.22093e+06 
3 1.37814e+06 1.42244e+06 1.45507e+06 1.47022e+06 1.33373e+06 1.45797e+06 1.46655e+06 1.44452e+06 1.36639e+06 1.42594e+06 1.4442e+06 1.48912e+06 1.32114e+06 1.43251e+06 1.45438e+06 1.4519e+06 1.33914e+06 1.42696e+06 1.46033e+06 1.44667e+06 1.29607e+06 1.42211e+06 1.44761e+06 1.46153e+06 
4 1.15616e+06 1.21116e+06 1.20263e+06 1.22714e+06 1.11101e+06 1.1768e+06 1.19733e+06 1.21205e+06 1.1271e+06 1.18204e+06 1.21178e+06 1.21284e+06 1.07091e+06 1.16376e+06 1.1822e+06 1.2134e+06 1.09168e+06 1.18414e+06 1.20719e+06 1.20769e+06 1.06722e+06 1.17768e+06 1.18213e+06 1.197e+06 
5 1.24421e+06 1.30691e+06 1.3525e+06 1.35533e+06 1.19555e+06 1.33521e+06 1.32582e+06 1.33861e+06 1.23063e+06 1.31662e+06 1.34911e+06 1.35475e+06 1.18663e+06 1.31941e+06 1.31639e+06 1.32919e+06 1.24701e+06 1.31027e+06 1.33089e+06 1.34977e+06 1.18738e+06 1.30148e+06 1.33678e+06 1.3191e+06 
6 1.3367e+06 1.44755e+06 1.43121e+06 1.44487e+06 1.2719e+06 1.41948e+06 1.43995e+06 1.41248e+06 1.34025e+06 1.43496e+06 1.42039e+06 1.43624e+06 1.30287e+06 1.40584e+06 1.44191e+06 1.43188e+06 1.3603e+06 1.43212e+06 1.42343e+06 1.44584e+06 1.32487e+06 1.40865e+06 1.43394e+06 1.43037e+06 
7 1.29156e+06 1.37011e+06 1.41575e+06 1.41775e+06 1.30415e+06 1.3906e+06 1.40114e+06 1.40527e+06 1.31442e+06 1.35765e+06 1.41868e+06 1.40263e+06 1.28479e+06 1.38988e+06 1.39277e+06 1.40452e+06 1.31682e+06 1.38632e+06 1.42213e+06 1.41926e+06 1.30533e+06 1.38682e+06 1.4069e+06 1.39204e+06 
8 1.41655e+06 1.54572e+06 1.52783e+06 1.56254e+06 1.4277e+06 1.51426e+06 1.53164e+06 1.56376e+06 1.43608e+06 1.56561e+06 1.55507e+06 1.56136e+06 1.43647e+06 1.52557e+06 1.51245e+06 1.55039e+06 1.46933e+06 1.52651e+06 1.54621e+06 1.54762e+06 1.38966e+06 1.53379e+06 1.53079e+06 1.54058e+06 
9 1.41563e+06 1.52704e+06 1.53177e+06 1.54123e+06 1.373e+06 1.50205e+06 1.51807e+06 1.53613e+06 1.42306e+06 1.50765e+06 1.51977e+06 1.5314e+06 1.39639e+06 1.51406e+06 1.52668e+06 1.51724e+06 1.43895e+06 1.50726e+06 1.52769e+06 1.49678e+06 1.37864e+06 1.51531e+06 1.51576e+06 1.52089e+06 
10 1.33869e+06 1.43964e+06 1.46913e+06 1.46227e+06 1.31445e+06 1.42982e+06 1.44561e+06 1.4495e+06 1.35948e+06 1.44007e+06 1.46378e+06 1.43895e+06 1.32725e+06 1.42381e+06 1.43026e+06 1.45658e+06 1.34923e+06 1.44748e+06 1.45095e+06 1.44916e+06 1.2902e+06 1.39593e+06 1.43348e+06 1.44152e+06 
11 1.21436e+06 1.28007e+06 1.27354e+06 1.28243e+06 1.17353e+06 1.2672e+06 1.29852e+06 1.28194e+06 1.20171e+06 1.294e+06 1.26038e+06 1.2743e+06 1.20914e+06 1.26636e+06 1.29232e+06 1.29195e+06 1.2177e+06 1.2948e+06 1.30081e+06 1.25933e+06 1.18979e+06 1.26396e+06 1.28306e+06 1.29082e+06 
12 1.35585e+06 1.40418e+06 1.38405e+06 1.42869e+06 1.31004e+06 1.37826e+06 1.40402e+06 1.39619e+06 1.2999e+06 1.39985e+06 1.38996e+06 1.40418e+06 1.30169e+06 1.37791e+06 1.39822e+06 1.39612e+06 1.3117e+06 1.39058e+06 1.4055e+06 1.42696e+06 1.26946e+06 1.36783e+06 1.40383e+06 1.40032e+06 
13 1.44064e+06 1.48831e+06 1.45282e+06 1.51289e+06 1.39741e+06 1.45321e+06 1.48033e+06 1.49851e+06 1.40669e+06 1.46244e+06 1.44859e+06 1.4816e+06 1.37936e+06 1.44858e+06 1.47072e+06 1.48659e+06 1.38702e+06 1.47028e+06 1.49558e+06 1.50799e+06 1.37081e+06 1.45946e+06 1.47354e+06 1.46707e+06 
14 1.31053e+06 1.34049e+06 1.36779e+06 1.36581e+06 1.2504e+06 1.32594e+06 1.35453e+06 1.33045e+06 1.28656e+06 1.3675e+06 1.36001e+06 1.35584e+06 1.27742e+06 1.34087e+06 1.36018e+06 1.34259e+06 1.26258e+06 1.35856e+06 1.35522e+06 1.3801e+06 1.25522e+06 1.34912e+06 1.3598e+06 1.34826e+06 
15 1.13573e+06 1.21897e+06 1.25367e+06 1.25109e+06 1.11398e+06 1.22321e+06 1.25539e+06 1.24841e+06 1.11806e+06 1.23209e+06 1.22524e+06 1.26329e+06 1.14704e+06 1.23273e+06 1.24085e+06 1.24736e+06 1.13718e+06 1.24255e+06 1.22826e+06 1.25612e+06 1.10132e+06 1.22084e+06 1.22128e+06 1.2499e+06 
16 1.17962e+06 1.22984e+06 1.23833e+06 1.25903e+06 1.13689e+06 1.18537e+06 1.26049e+06 1.21066e+06 1.13415e+06 1.21998e+06 1.21882e+06 1.22715e+06 1.12423e+06 1.20006e+06 1.22665e+06 1.21147e+06 1.14742e+06 1.22016e+06 1.21263e+06 1.23607e+06 1.10589e+06 1.21477e+06 1.2205e+06 1.21144e+06 
17 1.18993e+06 1.299e+06 1.35201e+06 1.3305e+06 1.21816e+06 1.32878e+06 1.31711e+06 1.35007e+06 1.22514e+06 1.33751e+06 1.32895e+06 1.35534e+06 1.22864e+06 1.30569e+06 1.30236e+06 1.31486e+06 1.21165e+06 1.32236e+06 1.33054e+06 1.33222e+06 1.19875e+06 1.30327e+06 1.30609e+06 1.32326e+06 
18 1.05126e+06 1.13698e+06 1.11266e+06 1.13593e+06 1.03677e+06 1.13219e+06 1.12819e+06 1.13266e+06 1.05154e+06 1.12121e+06 1.13219e+06 1.13219e+06 1.03849e+06 1.07448e+06 1.11882e+06 1.13219e+06 1.04829e+06 1.12244e+06 1.13968e+06 1.09381e+06 1.02016e+06 1.09001e+06 1.12658e+06 1.09223e+06 
19 1.3122e+06 1.35466e+06 1.3736e+06 1.381e+06 1.27096e+06 1.36594e+06 1.36768e+06 1.37857e+06 1.27447e+06 1.37263e+06 1.37286e+06 1.3601e+06 1.27224e+06 1.33436e+06 1.35882e+06 1.36462e+06 1.26044e+06 1.33871e+06 1.36583e+06 1.36151e+06 1.27785e+06 1.32288e+06 1.34407e+06 1.35668e+06 
20 1.32461e+06 1.38174e+06 1.4197e+06 1.41001e+06 1.34336e+06 1.39358e+06 1.40357e+06 1.42207e+06 1.30093e+06 1.39792e+06 1.41199e+06 1.4058e+06 1.31643e+06 1.38514e+06 1.37862e+06 1.40237e+06 1.33138e+06 1.40712e+06 1.38913e+06 1.3998e+06 1.31773e+06 1.38426e+06 1.40203e+06 1.38578e+06 
21 1.03471e+06 1.08831e+06 1.12079e+06 1.10634e+06 1.00146e+06 1.0994e+06 1.08308e+06 1.09138e+06 1.03658e+06 1.09809e+06 1.08005e+06 1.10171e+06 1.00043e+06 1.06939e+06 1.07464e+06 1.11148e+06 1.02389e+06 1.09997e+06 1.06785e+06 1.07478e+06 984038 1.05839e+06 1.07171e+06 1.10804e+06 
22 1.20186e+06 1.31943e+06 1.34627e+06 1.30607e+06 1.21245e+06 1.30178e+06 1.33245e+06 1.31458e+06 1.23475e+06 1.3016e+06 1.30862e+06 1.3441e+06 1.2096e+06 1.3192e+06 1.29254e+06 1.32308e+06 1.20779e+06 1.28982e+06 1.32816e+06 1.33756e+06 1.21776e+06 1.29617e+06 1.31161e+06 1.32027e+06 
23 1.1657e+06 1.27912e+06 1.26059e+06 1.28643e+06 1.15085e+06 1.26219e+06 1.27282e+06 1.21836e+06 1.15964e+06 1.26864e+06 1.27452e+06 1.28612e+06 1.16947e+06 1.23362e+06 1.26736e+06 1.26247e+06 1.18337e+06 1.24153e+06 1.24772e+06 1.27438e+06 1.14565e+06 1.26532e+06 1.25861e+06 1.27212e+06 
24 1.07954e+06 1.136e+06 1.17037e+06 1.18071e+06 1.06201e+06 1.13163e+06 1.16815e+06 1.13584e+06 1.06063e+06 1.14281e+06 1.16839e+06 1.17328e+06 1.07897e+06 1.10964e+06 1.14524e+06 1.14631e+06 1.06332e+06 1.15536e+06 1.1567e+06 1.14834e+06 1.05908e+06 1.16146e+06 1.15795e+06 1.15093e+06 
25 1.21558e+06 1.25893e+06 1.27736e+06 1.27825e+06 1.16389e+06 1.25482e+06 1.26392e+06 1.27613e+06 1.18558e+06 1.2594e+06 1.28088e+06 1.28022e+06 1.15806e+06 1.26816e+06 1.27005e+06 1.28022e+06 1.13559e+06 1.27389e+06 1.28808e+06 1.28022e+06 1.17785e+06 1.25782e+06 1.26069e+06 1.26746e+06 
26 1.29409e+06 1.36507e+06 1.34955e+06 1.38105e+06 1.23221e+06 1.3344e+06 1.37251e+06 1.40878e+06 1.26065e+06 1.35861e+06 1.37444e+06 1.40469e+06 1.23782e+06 1.34636e+06 1.38422e+06 1.36222e+06 1.29975e+06 1.35175e+06 1.36717e+06 1.38098e+06 1.24365e+06 1.36345e+06 1.35138e+06 1.34773e+06 
27 1.19666e+06 1.24758e+06 1.27251e+06 1.26449e+06 1.13944e+06 1.21669e+06 1.27732e+06 1.23325e+06 1.15535e+06 1.25521e+06 1.28616e+06 1.27445e+06 1.10084e+06 1.23382e+06 1.25505e+06 1.28476e+06 1.18246e+06 1.2714e+06 1.26078e+06 1.27658e+06 1.1521e+06 1.23839e+06 1.26703e+06 1.27265e+06 
28 1.33993e+06 1.43295e+06 1.47341e+06 1.44937e+06 1.30087e+06 1.39894e+06 1.43317e+06 1.45379e+06 1.32624e+06 1.41284e+06 1.43888e+06 1.43772e+06 1.30344e+06 1.41607e+06 1.44534e+06 1.4378e+06 1.33036e+06 1.4332e+06 1.44475e+06 1.42017e+06 1.31912e+06 1.42346e+06 1.44071e+06 1.43125e+06 
29 1.14374e+06 1.1821e+06 1.23724e+06 1.2142e+06 1.12175e+06 1.18515e+06 1.21479e+06 1.22333e+06 1.12282e+06 1.21327e+06 1.11657e+06 1.23579e+06 1.11829e+06 1.22493e+06 1.22371e+06 1.24183e+06 1.15733e+06 1.18742e+06 1.24011e+06 1.25591e+06 1.13705e+06 1.17946e+06 1.23066e+06 1.17717e+06 
30 1.26439e+06 1.32361e+06 1.36021e+06 1.32895e+06 1.24103e+06 1.35376e+06 1.36021e+06 1.31597e+06 1.29002e+06 1.34606e+06 1.37272e+06 1.37843e+06 1.24964e+06 1.32423e+06 1.32895e+06 1.36975e+06 1.21714e+06 1.33638e+06 1.32895e+06 1.36021e+06 1.25387e+06 1.35853e+06 1.35032e+06 1.35322e+06 
31 988835 1.04623e+06 1.02961e+06 1.05012e+06 998328 1.05819e+06 1.05216e+06 1.01886e+06 1.00155e+06 1.05098e+06 1.05001e+06 1.05275e+06 991980 1.01886e+06 1.01886e+06 1.01886e+06 999866 1.01886e+06 1.04374e+06 1.04593e+06 977824 1.00538e+06 1.00538e+06 1.00538e+06 
32 1.07691e+06 1.13708e+06 1.123e+06 1.11535e+06 1.07596e+06 1.10785e+06 1.11527e+06 1.11534e+06 1.07214e+06 1.11286e+06 1.1133e+06 1.11795e+06 1.051e+06 1.10397e+06 1.12349e+06 1.1353e+06 1.06148e+06 1.13543e+06 1.127e+06 1.11555e+06 1.0751e+06 1.09141e+06 1.11575e+06 1.11455e+06 
33 1.11018e+06 1.15023e+06 1.15023e+06 1.16196e+06 1.10253e+06 1.16626e+06 1.15023e+06 1.16196e+06 1.12807e+06 1.17011e+06 1.17011e+06 1.16196e+06 1.10897e+06 1.1407e+06 1.14386e+06 1.16196e+06 1.10632e+06 1.15023e+06 1.14386e+06 1.14386e+06 1.10595e+06 1.13519e+06 1.16626e+06 1.14386e+06 
34 1.11374e+06 1.16477e+06 1.16316e+06 1.15837e+06 1.10328e+06 1.14725e+06 1.18558e+06 1.16593e+06 1.11093e+06 1.14249e+06 1.17114e+06 1.17775e+06 1.08047e+06 1.14701e+06 1.14689e+06 1.15574e+06 1.12473e+06 1.15265e+06 1.12864e+06 1.16945e+06 1.09032e+06 1.14719e+06 1.17115e+06 1.16976e+06 
35 1.19298e+06 1.28161e+06 1.27602e+06 1.25397e+06 1.21054e+06 1.26109e+06 1.2807e+06 1.29501e+06 1.19077e+06 1.24981e+06 1.2598e+06 1.27264e+06 1.19136e+06 1.26866e+06 1.255e+06 1.26363e+06 1.21426e+06 1.2557e+06 1.26656e+06 1.25294e+06 1.18837e+06 1.24012e+06 1.26386e+06 1.23329e+06 
36 1.15513e+06 1.19729e+06 1.20082e+06 1.20082e+06 1.12987e+06 1.20082e+06 1.22099e+06 1.1917e+06 1.16647e+06 1.20082e+06 1.20082e+06 1.21378e+06 1.12264e+06 1.18618e+06 1.20082e+06 1.1917e+06 1.11774e+06 1.20391e+06 1.22136e+06 1.18757e+06 1.15423e+06 1.1932e+06 1.21024e+06 1.21785e+06 
37 1.2631e+06 1.32443e+06 1.28861e+06 1.36341e+06 1.24008e+06 1.27622e+06 1.2695e+06 1.2695e+06 1.2572e+06 1.30214e+06 1.28861e+06 1.30946e+06 1.22087e+06 1.2695e+06 1.3034e+06 1.32359e+06 1.23501e+06 1.2695e+06 1.2695e+06 1.31102e+06 1.23957e+06 1.28541e+06 1.29626e+06 1.2695e+06 
38 1.33248e+06 1.43462e+06 1.42813e+06 1.45764e+06 1.31811e+06 1.41762e+06 1.45412e+06 1.45186e+06 1.35327e+06 1.43773e+06 1.45978e+06 1.43978e+06 1.32628e+06 1.42945e+06 1.393e+06 1.42893e+06 1.35578e+06 1.41279e+06 1.4243e+06 1.43359e+06 1.34585e+06 1.4251e+06 1.43708e+06 1.44758e+06 
39 1.18085e+06 1.21431e+06 1.25447e+06 1.24708e+06 1.13664e+06 1.21604e+06 1.23267e+06 1.23629e+06 1.13234e+06 1.25409e+06 1.23937e+06 1.23247e+06 1.12705e+06 1.18257e+06 1.23641e+06 1.20882e+06 1.13064e+06 1.23394e+06 1.25796e+06 1.22266e+06 1.14022e+06 1.21944e+06 1.21091e+06 1.22114e+06 
40 1.06669e+06 1.13152e+06 1.1432e+06 1.13152e+06 1.04389e+06 1.13152e+06 1.13152e+06 1.05291e+06 1.04993e+06 1.11426e+06 1.14357e+06 1.05291e+06 1.02784e+06 1.05291e+06 1.1155e+06 1.14279e+06 1.05775e+06 1.12931e+06 1.15251e+06 1.12042e+06 1.02864e+06 1.09649e+06 1.11879e+06 1.13152e+06 
41 1.1679e+06 1.23982e+06 1.29016e+06 1.30687e+06 1.16054e+06 1.27759e+06 1.27897e+06 1.27617e+06 1.17282e+06 1.2782e+06 1.28009e+06 1.30286e+06 1.16125e+06 1.2645e+06 1.2965e+06 1.28149e+06 1.18652e+06 1.26951e+06 1.26904e+06 1.30709e+06 1.15805e+06 1.24874e+06 1.26254e+06 1.28841e+06 
42 1.21279e+06 1.29663e+06 1.24385e+06 1.24385e+06 1.17433e+06 1.23727e+06 1.29417e+06 1.24385e+06 1.1954e+06 1.24385e+06 1.32902e+06 1.23727e+06 1.21695e+06 1.28952e+06 1.27367e+06 1.29417e+06 1.21753e+06 1.23727e+06 1.27985e+06 1.24385e+06 1.1883e+06 1.28672e+06 1.23727e+06 1.28762e+06 
43 1.25552e+06 1.31996e+06 1.26657e+06 1.26657e+06 1.21913e+06 1.29276e+06 1.26657e+06 1.29433e+06 1.22447e+06 1.26657e+06 1.32298e+06 1.31398e+06 1.23157e+06 1.30681e+06 1.30519e+06 1.26657e+06 1.22918e+06 1.30476e+06 1.26657e+06 1.33601e+06 1.22912e+06 1.30267e+06 1.31262e+06 1.32191e+06 
44 1.14258e+06 1.24089e+06 1.23456e+06 1.23469e+06 1.13251e+06 1.22091e+06 1.23025e+06 1.24549e+06 1.08179e+06 1.24831e+06 1.24098e+06 1.25284e+06 1.14188e+06 1.22465e+06 1.23145e+06 1.242e+06 1.16862e+06 1.21235e+06 1.24915e+06 1.26056e+06 1.12304e+06 1.21496e+06 1.22634e+06 1.24738e+06 
45 1.23238e+06 1.31585e+06 1.31547e+06 1.3065e+06 1.18455e+06 1.2824e+06 1.31576e+06 1.32884e+06 1.24191e+06 1.32392e+06 1.31398e+06 1.34505e+06 1.24154e+06 1.27024e+06 1.3151e+06 1.32355e+06 1.2303e+06 1.31068e+06 1.2824e+06 1.33174e+06 1.20698e+06 1.27063e+06 1.28103e+06 1.30595e+06 
46 1.09133e+06 1.13089e+06 1.14901e+06 1.13616e+06 1.05731e+06 1.11041e+06 1.11404e+06 1.13335e+06 1.09788e+06 1.13171e+06 1.13819e+06 1.11719e+06 1.06454e+06 1.1232e+06 1.13939e+06 1.12401e+06 1.07857e+06 1.1278e+06 1.13101e+06 1.13681e+06 1.07337e+06 1.10925e+06 1.10844e+06 1.11822e+06 
47 993348 1.01758e+06 1.03105e+06 1.01466e+06 960393 1.00036e+06 983169 998982 986710 998490 1.02397e+06 1.02879e+06 964737 1.00577e+06 1.01701e+06 1.00351e+06 960149 994154 1.01013e+06 1.01288e+06 948863 990626 1.01272e+06 1.00901e+06 
48 1.18122e+06 1.22172e+06 1.23884e+06 1.23575e+06 1.15678e+06 1.20092e+06 1.22562e+06 1.202e+06 1.17175e+06 1.21076e+06 1.22421e+06 1.23832e+06 1.17115e+06 1.21292e+06 1.19646e+06 1.21655e+06 1.17935e+06 1.21232e+06 1.22699e+06 1.24219e+06 1.17149e+06 1.20793e+06 1.22021e+06 1.19622e+06 
49 1.07077e+06 1.0905e+06 1.09495e+06 1.11797e+06 1.04601e+06 1.11236e+06 1.11001e+06 1.11132e+06 1.05108e+06 1.08734e+06 1.08257e+06 1.11902e+06 1.03942e+06 1.0631e+06 1.08525e+06 1.0744e+06 1.03877e+06 1.07939e+06 1.11123e+06 1.09322e+06 1.01293e+06 1.0666e+06 1.09749e+06 1.0935e+06 
50 1.05523e+06 1.09136e+06 1.08544e+06 1.11039e+06 1.03048e+06 1.08753e+06 1.06533e+06 1.12551e+06 1.03172e+06 1.09737e+06 1.08073e+06 1.08816e+06 1.02345e+06 1.08283e+06 1.08504e+06 1.09501e+06 1.0406e+06 1.07171e+06 1.07201e+06 1.10239e+06 1.0162e+06 1.06384e+06 1.06165e+06 1.07527e+06 
51 1.10869e+06 1.16937e+06 1.18e+06 1.15725e+06 1.10573e+06 1.16445e+06 1.16163e+06 1.15928e+06 1.10575e+06 1.16394e+06 1.17153e+06 1.18961e+06 1.04808e+06 1.16698e+06 1.15959e+06 1.17252e+06 1.07804e+06 1.15011e+06 1.18273e+06 1.15963e+06 1.05701e+06 1.14539e+06 1.16165e+06 1.15584e+06 
52 1.07481e+06 1.11692e+06 1.15621e+06 1.12413e+06 1.0712e+06 1.08938e+06 1.14505e+06 1.13935e+06 1.07527e+06 1.11868e+06 1.12156e+06 1.12673e+06 1.03654e+06 1.13477e+06 1.11879e+06 1.1135e+06 1.0578e+06 1.12486e+06 1.13782e+06 1.13482e+06 1.08395e+06 1.1227e+06 1.12156e+06 1.11225e+06 
53 1.16793e+06 1.20167e+06 1.21523e+06 1.19151e+06 1.14972e+06 1.19912e+06 1.19151e+06 1.19127e+06 1.16444e+06 1.20337e+06 1.19127e+06 1.19127e+06 1.15069e+06 1.20849e+06 1.19151e+06 1.19151e+06 1.14085e+06 1.1868e+06 1.20898e+06 1.19127e+06 1.15291e+06 1.19777e+06 1.19127e+06 1.23213e+06 
54 1.11118e+06 1.14441e+06 1.17658e+06 1.14582e+06 1.08769e+06 1.14464e+06 1.1443e+06 1.1443e+06 1.07437e+06 1.14582e+06 1.14582e+06 1.18095e+06 1.09297e+06 1.1443e+06 1.14582e+06 1.17972e+06 1.11622e+06 1.1377e+06 1.14582e+06 1.18232e+06 1.0934e+06 1.15358e+06 1.1443e+06 1.15568e+06 
55 1.10628e+06 1.18555e+06 1.18673e+06 1.20366e+06 1.13423e+06 1.19647e+06 1.15236e+06 1.1809e+06 1.1337e+06 1.17989e+06 1.20566e+06 1.19693e+06 1.07705e+06 1.1761e+06 1.20566e+06 1.18892e+06 1.11318e+06 1.19274e+06 1.18772e+06 1.20436e+06 1.12363e+06 1.1783e+06 1.18754e+06 1.18888e+06 
56 1.03525e+06 1.11519e+06 1.11519e+06 1.12641e+06 1.00738e+06 1.11675e+06 1.13744e+06 1.12861e+06 1.04308e+06 1.12472e+06 1.11281e+06 1.1558e+06 1.04023e+06 1.12154e+06 1.12472e+06 1.13699e+06 1.033e+06 1.1034e+06 1.10908e+06 1.12472e+06 1.02401e+06 1.11519e+06 1.11016e+06 1.1225e+06 
57 959507 1.01547e+06 1.01084e+06 1.03582e+06 948496 995567 999679 1.01084e+06 945809 1.0218e+06 1.00091e+06 1.03746e+06 943366 999556 992420 1.02297e+06 955875 975644 1.02769e+06 1.01409e+06 937691 965737 1.00056e+06 1.01249e+06 
58 1.11529e+06 1.17431e+06 1.19521e+06 1.20201e+06 1.07615e+06 1.16796e+06 1.18288e+06 1.19934e+06 1.12066e+06 1.1954e+06 1.17655e+06 1.19537e+06 1.10174e+06 1.17633e+06 1.20201e+06 1.19433e+06 1.08554e+06 1.19366e+06 1.19886e+06 1.20201e+06 1.10719e+06 1.17361e+06 1.18991e+06 1.20694e+06 
59 1.11052e+06 1.17925e+06 1.17156e+06 1.17047e+06 1.09805e+06 1.15535e+06 1.1746e+06 1.18828e+06 1.10027e+06 1.16668e+06 1.19935e+06 1.18228e+06 1.06762e+06 1.16228e+06 1.19642e+06 1.18315e+06 1.10934e+06 1.17802e+06 1.17314e+06 1.18604e+06 1.09583e+06 1.13298e+06 1.16019e+06 1.19159e+06 
60 1.15678e+06 1.19276e+06 1.24458e+06 1.25193e+06 1.14568e+06 1.21796e+06 1.20261e+06 1.1824e+06 1.14064e+06 1.23171e+06 1.2143e+06 1.22328e+06 1.11237e+06 1.19783e+06 1.23454e+06 1.23861e+06 1.12992e+06 1.223e+06 1.24026e+06 1.2333e+06 1.15111e+06 1.21746e+06 1.21993e+06 1.24624e+06 
