1 1.38351e+06 1.49753e+06 1.48024e+06 1.46216e+06 1.41116e+06 1.48645e+06 1.46285e+06 1.50164e+06 1.38863e+06 1.48098e+06 1.4738e+06 1.48784e+06 1.35305e+06 1.45438e+06 1.45969e+06 1.45373e+06 1.37356e+06 1.45526e+06 1.48421e+06 1.46841e+06 1.34986e+06 1.46048e+06 1.48552e+06 1.47429e+06 
2 1.16529e+06 1.18531e+06 1.22513e+06 1.23847e+06 1.10982e+06 1.20776e+06 1.22079e+06 1.24254e+06 1.15321e+06 1.19403e+06 1.21809e+06 1.22064e+06 1.09769e+06 1.18456e+06 1.20665e+06 1.21919e+06 1.13021e+06 1.18178e+06 1.21865e+06 1.20461e+06 1.12743e+06 1.19781e+06 1.21482e+06 1.22582e+06 
3 1.37678e+06 1.42043e+06 1.46781e+06 1.45455e+06 1.33585e+06 1.42812e+06 1.45158e+06 1.48117e+06 1.32587e+06 1.4637e+06 1.43885e+06 1.42409e+06 1.32587e+06 1.41514e+06 1.44402e+06 1.45534e+06 1.36161e+06 1.44591e+06 1.45339e+06 1.44072e+06 1.30143e+06 1.42957e+06 1.46325e+06 1.4666e+06 
4 1.0981e+06 1.20282e+06 1.21191e+06 1.20747e+06 1.0791e+06 1.16487e+06 1.20668e+06 1.2017e+06 1.11926e+06 1.21211e+06 1.16562e+06 1.1645e+06 1.0666e+06 1.17458e+06 1.18871e+06 1.2062e+06 1.08307e+06 1.17921e+06 1.19304e+06 1.19693e+06 1.08633e+06 1.16932e+06 1.18991e+06 1.1921e+06 
5 1.20743e+06 1.32342e+06 1.32227e+06 1.33821e+06 1.18823e+06 1.32301e+06 1.32275e+06 1.33403e+06 1.2775e+06 1.32998e+06 1.33127e+06 1.33306e+06 1.23238e+06 1.28907e+06 1.34286e+06 1.33214e+06 1.23684e+06 1.31474e+06 1.34617e+06 1.33957e+06 1.1909e+06 1.2529e+06 1.32365e+06 1.32464e+06 
6 1.28548e+06 1.43657e+06 1.44613e+06 1.46481e+06 1.34076e+06 1.38426e+06 1.44029e+06 1.43117e+06 1.35883e+06 1.43549e+06 1.4273e+06 1.45705e+06 1.30686e+06 1.40202e+06 1.41943e+06 1.41117e+06 1.312e+06 1.4154e+06 1.44628e+06 1.42635e+06 1.29114e+06 1.39306e+06 1.43139e+06 1.4285e+06 
7 1.29724e+06 1.39666e+06 1.4275e+06 1.4384e+06 1.32411e+06 1.38889e+06 1.42485e+06 1.42399e+06 1.34166e+06 1.39754e+06 1.42203e+06 1.41455e+06 1.30353e+06 1.38775e+06 1.40801e+06 1.39793e+06 1.29073e+06 1.38399e+06 1.39899e+06 1.41833e+06 1.28369e+06 1.38921e+06 1.39798e+06 1.40076e+06 
8 1.46351e+06 1.50766e+06 1.57181e+06 1.56748e+06 1.42404e+06 1.52177e+06 1.55805e+06 1.55175e+06 1.43965e+06 1.54427e+06 1.5546e+06 1.54612e+06 1.43869e+06 1.52848e+06 1.54741e+06 1.54356e+06 1.44897e+06 1.55519e+06 1.53693e+06 1.57109e+06 1.43042e+06 1.51202e+06 1.51374e+06 1.53064e+06 
9 1.39394e+06 1.50695e+06 1.50573e+06 1.52473e+06 1.42558e+06 1.49205e+06 1.52933e+06 1.49939e+06 1.43891e+06 1.50713e+06 1.52445e+06 1.54384e+06 1.39802e+06 1.50112e+06 1.5101e+06 1.53408e+06 1.42656e+06 1.5193e+06 1.48093e+06 1.50253e+06 1.39309e+06 1.51442e+06 1.52019e+06 1.51841e+06 
10 1.40536e+06 1.44191e+06 1.42206e+06 1.46242e+06 1.30628e+06 1.4426e+06 1.46129e+06 1.46419e+06 1.31852e+06 1.45649e+06 1.43789e+06 1.45347e+06 1.32759e+06 1.43228e+06 1.42228e+06 1.44633e+06 1.32634e+06 1.43379e+06 1.46774e+06 1.45537e+06 1.28742e+06 1.41495e+06 1.4478e+06 1.45193e+06 
11 1.21236e+06 1.26899e+06 1.28261e+06 1.30816e+06 1.20771e+06 1.26194e+06 1.26606e+06 1.27332e+06 1.19916e+06 1.31727e+06 1.29781e+06 1.26601e+06 1.22069e+06 1.2651e+06 1.28426e+06 1.28455e+06 1.19291e+06 1.28047e+06 1.29714e+06 1.29631e+06 1.18205e+06 1.29308e+06 1.29655e+06 1.30127e+06 
12 1.27343e+06 1.39857e+06 1.40433e+06 1.41309e+06 1.31573e+06 1.39528e+06 1.37806e+06 1.39355e+06 1.24425e+06 1.36323e+06 1.39689e+06 1.3768e+06 1.25498e+06 1.3738e+06 1.39306e+06 1.39651e+06 1.28723e+06 1.37814e+06 1.38715e+06 1.40887e+06 1.27219e+06 1.37273e+06 1.38437e+06 1.40378e+06 
13 1.38564e+06 1.50276e+06 1.47472e+06 1.49184e+06 1.43333e+06 1.47908e+06 1.48189e+06 1.47209e+06 1.38949e+06 1.48109e+06 1.49875e+06 1.50328e+06 1.40716e+06 1.45973e+06 1.4859e+06 1.48431e+06 1.39503e+06 1.48115e+06 1.47773e+06 1.49866e+06 1.38548e+06 1.42742e+06 1.48554e+06 1.46399e+06 
14 1.28286e+06 1.32102e+06 1.35219e+06 1.35269e+06 1.2917e+06 1.32394e+06 1.36104e+06 1.35359e+06 1.26178e+06 1.33494e+06 1.35659e+06 1.38276e+06 1.24835e+06 1.34017e+06 1.33175e+06 1.35117e+06 1.28077e+06 1.3134e+06 1.35242e+06 1.37052e+06 1.23408e+06 1.32283e+06 1.37232e+06 1.35867e+06 
15 1.15046e+06 1.24242e+06 1.23989e+06 1.23332e+06 1.13808e+06 1.22211e+06 1.24132e+06 1.25116e+06 1.12772e+06 1.22146e+06 1.23913e+06 1.2755e+06 1.11218e+06 1.19723e+06 1.22464e+06 1.24737e+06 1.13827e+06 1.23355e+06 1.24407e+06 1.24789e+06 1.10516e+06 1.20445e+06 1.24493e+06 1.2321e+06 
16 1.12986e+06 1.21694e+06 1.23469e+06 1.22134e+06 1.12363e+06 1.2361e+06 1.2332e+06 1.23712e+06 1.14906e+06 1.2089e+06 1.25745e+06 1.22992e+06 1.12634e+06 1.21204e+06 1.20719e+06 1.21211e+06 1.1487e+06 1.21596e+06 1.22607e+06 1.22681e+06 1.10893e+06 1.21321e+06 1.21964e+06 1.24464e+06 
17 1.25084e+06 1.3126e+06 1.33452e+06 1.3528e+06 1.2365e+06 1.32734e+06 1.32006e+06 1.32156e+06 1.23893e+06 1.29724e+06 1.32967e+06 1.33239e+06 1.21576e+06 1.28553e+06 1.31457e+06 1.3289e+06 1.22667e+06 1.30184e+06 1.31337e+06 1.32301e+06 1.20944e+06 1.31939e+06 1.29229e+06 1.31018e+06 
18 1.07059e+06 1.13301e+06 1.12462e+06 1.17055e+06 1.04018e+06 1.1242e+06 1.13488e+06 1.14402e+06 1.03585e+06 1.11685e+06 1.13219e+06 1.1396e+06 1.03834e+06 1.11317e+06 1.13043e+06 1.10048e+06 1.06314e+06 1.12182e+06 1.09808e+06 1.09676e+06 1.02462e+06 1.11458e+06 1.09893e+06 1.11206e+06 
19 1.24823e+06 1.36111e+06 1.38496e+06 1.36123e+06 1.24868e+06 1.35096e+06 1.36692e+06 1.36443e+06 1.27049e+06 1.33608e+06 1.35565e+06 1.3556e+06 1.27283e+06 1.3588e+06 1.36076e+06 1.35342e+06 1.25449e+06 1.32367e+06 1.38571e+06 1.36151e+06 1.27467e+06 1.33817e+06 1.3551e+06 1.35678e+06 
20 1.33124e+06 1.41372e+06 1.40105e+06 1.40197e+06 1.35217e+06 1.39621e+06 1.43604e+06 1.41761e+06 1.31502e+06 1.4135e+06 1.41175e+06 1.43131e+06 1.30192e+06 1.36845e+06 1.40394e+06 1.41352e+06 1.30216e+06 1.40125e+06 1.4066e+06 1.42778e+06 1.32699e+06 1.40681e+06 1.40745e+06 1.41082e+06 
21 1.02104e+06 1.08666e+06 1.12094e+06 1.09722e+06 1.00674e+06 1.1069e+06 1.11113e+06 1.08851e+06 1.01398e+06 1.07555e+06 1.10465e+06 1.12116e+06 988089 1.07495e+06 1.07734e+06 1.0634e+06 1.01425e+06 1.07996e+06 1.08907e+06 1.11335e+06 1.00245e+06 1.05979e+06 1.05754e+06 1.08386e+06 
22 1.22308e+06 1.33171e+06 1.32017e+06 1.34958e+06 1.22213e+06 1.32136e+06 1.3177e+06 1.33031e+06 1.21008e+06 1.29632e+06 1.32401e+06 1.32918e+06 1.18588e+06 1.27353e+06 1.27518e+06 1.31406e+06 1.2362e+06 1.29816e+06 1.32005e+06 1.33885e+06 1.21922e+06 1.32279e+06 1.31309e+06 1.28834e+06 
23 1.18361e+06 1.26207e+06 1.26989e+06 1.28207e+06 1.1423e+06 1.25019e+06 1.26141e+06 1.26116e+06 1.13498e+06 1.25337e+06 1.29523e+06 1.28582e+06 1.15733e+06 1.26493e+06 1.26605e+06 1.27507e+06 1.15435e+06 1.24048e+06 1.27968e+06 1.30372e+06 1.13613e+06 1.27502e+06 1.248e+06 1.26891e+06 
24 1.05774e+06 1.14316e+06 1.1496e+06 1.16263e+06 1.04371e+06 1.15211e+06 1.16967e+06 1.16879e+06 1.10955e+06 1.16758e+06 1.15774e+06 1.17839e+06 1.05093e+06 1.13773e+06 1.14931e+06 1.15105e+06 1.05843e+06 1.13632e+06 1.16536e+06 1.17528e+06 1.02104e+06 1.1254e+06 1.13408e+06 1.14956e+06 
25 1.19258e+06 1.27121e+06 1.28041e+06 1.26392e+06 1.18918e+06 1.25574e+06 1.28044e+06 1.26387e+06 1.19116e+06 1.28309e+06 1.27121e+06 1.27649e+06 1.18249e+06 1.27213e+06 1.28022e+06 1.26553e+06 1.1792e+06 1.26392e+06 1.28574e+06 1.27177e+06 1.18786e+06 1.27234e+06 1.26496e+06 1.26561e+06 
26 1.28176e+06 1.35764e+06 1.40063e+06 1.4041e+06 1.23324e+06 1.36545e+06 1.38123e+06 1.38886e+06 1.27975e+06 1.35971e+06 1.38102e+06 1.40369e+06 1.25404e+06 1.35742e+06 1.38092e+06 1.36967e+06 1.27526e+06 1.37091e+06 1.37392e+06 1.34219e+06 1.24568e+06 1.34868e+06 1.33455e+06 1.37656e+06 
27 1.12995e+06 1.25346e+06 1.28603e+06 1.28491e+06 1.18149e+06 1.26065e+06 1.25926e+06 1.269e+06 1.17362e+06 1.26166e+06 1.269e+06 1.28217e+06 1.17861e+06 1.24389e+06 1.25021e+06 1.26548e+06 1.20442e+06 1.26356e+06 1.27295e+06 1.28355e+06 1.15245e+06 1.22561e+06 1.27369e+06 1.26705e+06 
28 1.28255e+06 1.41806e+06 1.41754e+06 1.44296e+06 1.34192e+06 1.42181e+06 1.41563e+06 1.43169e+06 1.32353e+06 1.39602e+06 1.45118e+06 1.46558e+06 1.2996e+06 1.39623e+06 1.43008e+06 1.45147e+06 1.30119e+06 1.44893e+06 1.4741e+06 1.43004e+06 1.30904e+06 1.42226e+06 1.40434e+06 1.44215e+06 
29 1.12442e+06 1.23514e+06 1.23489e+06 1.25456e+06 1.12866e+06 1.18963e+06 1.2422e+06 1.22933e+06 1.12957e+06 1.19888e+06 1.20509e+06 1.22721e+06 1.13669e+06 1.1925e+06 1.24587e+06 1.23089e+06 1.16724e+06 1.21723e+06 1.24806e+06 1.25177e+06 1.14201e+06 1.20507e+06 1.24781e+06 1.25192e+06 
30 1.27965e+06 1.33421e+06 1.36021e+06 1.36021e+06 1.2364e+06 1.32895e+06 1.32895e+06 1.32895e+06 1.23593e+06 1.34976e+06 1.36021e+06 1.36021e+06 1.23063e+06 1.32895e+06 1.32895e+06 1.32895e+06 1.23429e+06 1.33931e+06 1.30522e+06 1.36021e+06 1.20147e+06 1.33649e+06 1.36021e+06 1.32895e+06 
31 1.00764e+06 1.03638e+06 1.01886e+06 1.00538e+06 959334 1.01886e+06 1.04761e+06 1.0667e+06 1.01486e+06 1.0116e+06 1.05821e+06 1.05119e+06 969629 1.00538e+06 1.01886e+06 1.01886e+06 981117 1.05735e+06 1.00538e+06 1.05266e+06 990206 1.01886e+06 1.01886e+06 1.00538e+06 
32 1.07447e+06 1.11103e+06 1.13058e+06 1.1133e+06 1.07026e+06 1.12539e+06 1.13183e+06 1.11955e+06 1.06077e+06 1.10664e+06 1.1133e+06 1.10904e+06 1.06357e+06 1.11282e+06 1.13057e+06 1.1149e+06 1.0574e+06 1.11705e+06 1.12799e+06 1.13608e+06 1.047e+06 1.10653e+06 1.11786e+06 1.11798e+06 
33 1.13152e+06 1.17011e+06 1.17011e+06 1.14386e+06 1.10175e+06 1.12515e+06 1.15023e+06 1.14386e+06 1.07725e+06 1.15023e+06 1.17011e+06 1.15023e+06 1.10699e+06 1.16196e+06 1.15023e+06 1.15023e+06 1.10065e+06 1.15023e+06 1.15023e+06 1.14386e+06 1.09892e+06 1.15023e+06 1.14386e+06 1.14386e+06 
34 1.09047e+06 1.15837e+06 1.15837e+06 1.20241e+06 1.0902e+06 1.19442e+06 1.19818e+06 1.16573e+06 1.09452e+06 1.13598e+06 1.15387e+06 1.17451e+06 1.08185e+06 1.13508e+06 1.1479e+06 1.1635e+06 1.08413e+06 1.15827e+06 1.17165e+06 1.16657e+06 1.07271e+06 1.14274e+06 1.15811e+06 1.13711e+06 
35 1.21145e+06 1.28239e+06 1.29834e+06 1.2778e+06 1.19613e+06 1.2697e+06 1.26028e+06 1.2779e+06 1.19451e+06 1.27675e+06 1.27773e+06 1.2905e+06 1.2067e+06 1.25513e+06 1.24926e+06 1.27471e+06 1.22697e+06 1.24754e+06 1.26988e+06 1.27354e+06 1.20398e+06 1.24509e+06 1.27173e+06 1.23771e+06 
36 1.12783e+06 1.19741e+06 1.20082e+06 1.17945e+06 1.10543e+06 1.16062e+06 1.20723e+06 1.21108e+06 1.12438e+06 1.176e+06 1.1917e+06 1.20082e+06 1.12053e+06 1.19414e+06 1.20999e+06 1.1917e+06 1.15011e+06 1.19974e+06 1.1917e+06 1.1917e+06 1.13034e+06 1.19199e+06 1.1917e+06 1.21552e+06 
37 1.27353e+06 1.2695e+06 1.2695e+06 1.28861e+06 1.23717e+06 1.32436e+06 1.31981e+06 1.31923e+06 1.23516e+06 1.28861e+06 1.28861e+06 1.27824e+06 1.24562e+06 1.28861e+06 1.30401e+06 1.28861e+06 1.27484e+06 1.2695e+06 1.34255e+06 1.3372e+06 1.19688e+06 1.2695e+06 1.2695e+06 1.2695e+06 
38 1.3171e+06 1.40973e+06 1.47416e+06 1.40134e+06 1.32947e+06 1.38649e+06 1.43004e+06 1.41826e+06 1.32211e+06 1.42119e+06 1.39306e+06 1.45267e+06 1.29938e+06 1.40453e+06 1.43427e+06 1.45702e+06 1.34275e+06 1.4009e+06 1.44159e+06 1.42368e+06 1.32503e+06 1.41529e+06 1.43185e+06 1.414e+06 
39 1.17508e+06 1.25047e+06 1.23649e+06 1.24083e+06 1.15863e+06 1.20133e+06 1.24027e+06 1.24162e+06 1.16143e+06 1.21818e+06 1.25972e+06 1.23414e+06 1.14242e+06 1.18697e+06 1.23829e+06 1.24374e+06 1.15419e+06 1.23158e+06 1.25097e+06 1.23903e+06 1.10912e+06 1.20038e+06 1.21994e+06 1.24347e+06 
40 1.05134e+06 1.13152e+06 1.05291e+06 1.13152e+06 1.05784e+06 1.05291e+06 1.1417e+06 1.05291e+06 1.06958e+06 1.11304e+06 1.05291e+06 1.13152e+06 1.0445e+06 1.05291e+06 1.14138e+06 1.11423e+06 1.04048e+06 1.14478e+06 1.13152e+06 1.13745e+06 1.04262e+06 1.11726e+06 1.05291e+06 1.13157e+06 
41 1.18385e+06 1.28034e+06 1.28923e+06 1.3127e+06 1.16037e+06 1.26739e+06 1.2985e+06 1.26765e+06 1.18827e+06 1.2224e+06 1.29006e+06 1.3069e+06 1.16076e+06 1.29782e+06 1.27523e+06 1.27817e+06 1.19261e+06 1.27188e+06 1.2639e+06 1.29596e+06 1.17483e+06 1.26445e+06 1.27923e+06 1.27634e+06 
42 1.18514e+06 1.23727e+06 1.24385e+06 1.23727e+06 1.19988e+06 1.23727e+06 1.27542e+06 1.29417e+06 1.20314e+06 1.27675e+06 1.30893e+06 1.24385e+06 1.2215e+06 1.24385e+06 1.29232e+06 1.30514e+06 1.22915e+06 1.30573e+06 1.29417e+06 1.24385e+06 1.2124e+06 1.23727e+06 1.29417e+06 1.23727e+06 
43 1.20371e+06 1.26657e+06 1.26657e+06 1.30364e+06 1.20756e+06 1.26657e+06 1.32613e+06 1.32406e+06 1.24327e+06 1.26657e+06 1.31617e+06 1.33178e+06 1.21936e+06 1.27575e+06 1.26657e+06 1.31915e+06 1.21128e+06 1.29974e+06 1.29821e+06 1.26657e+06 1.2383e+06 1.2825e+06 1.29906e+06 1.32606e+06 
44 1.14533e+06 1.24088e+06 1.23789e+06 1.21454e+06 1.13654e+06 1.23598e+06 1.24209e+06 1.22669e+06 1.12064e+06 1.221e+06 1.20909e+06 1.25105e+06 1.08345e+06 1.2269e+06 1.20423e+06 1.24088e+06 1.12168e+06 1.23087e+06 1.23738e+06 1.22893e+06 1.14343e+06 1.2358e+06 1.20852e+06 1.25398e+06 
45 1.19718e+06 1.31054e+06 1.31237e+06 1.33251e+06 1.19262e+06 1.2824e+06 1.31183e+06 1.2824e+06 1.21652e+06 1.30678e+06 1.32508e+06 1.33322e+06 1.22506e+06 1.2824e+06 1.2824e+06 1.2824e+06 1.21586e+06 1.29684e+06 1.33187e+06 1.31567e+06 1.20349e+06 1.29032e+06 1.32045e+06 1.2824e+06 
46 1.10085e+06 1.10206e+06 1.11321e+06 1.14918e+06 1.07581e+06 1.12174e+06 1.13257e+06 1.14868e+06 1.08354e+06 1.09823e+06 1.14174e+06 1.13881e+06 1.07041e+06 1.09824e+06 1.09954e+06 1.10406e+06 1.08449e+06 1.08763e+06 1.11938e+06 1.1236e+06 1.04885e+06 1.10315e+06 1.12256e+06 1.11933e+06 
47 1.0081e+06 1.015e+06 1.02526e+06 1.03742e+06 943316 995019 1.01466e+06 1.02135e+06 979177 977437 1.01453e+06 1.02273e+06 957844 994412 977532 1.00434e+06 957242 1.00031e+06 1.01009e+06 1.028e+06 951438 1.01003e+06 1.00052e+06 1.01833e+06 
48 1.20002e+06 1.23128e+06 1.23044e+06 1.23521e+06 1.17426e+06 1.19189e+06 1.22481e+06 1.22724e+06 1.17181e+06 1.22298e+06 1.22285e+06 1.2108e+06 1.16214e+06 1.19338e+06 1.20269e+06 1.21718e+06 1.17575e+06 1.2078e+06 1.2148e+06 1.22995e+06 1.16869e+06 1.20399e+06 1.19515e+06 1.21416e+06 
49 1.06476e+06 1.10547e+06 1.11429e+06 1.11261e+06 1.05231e+06 1.12017e+06 1.11754e+06 1.11836e+06 1.0311e+06 1.10364e+06 1.08187e+06 1.09695e+06 1.04112e+06 1.09687e+06 1.08095e+06 1.10885e+06 1.05118e+06 1.10659e+06 1.08038e+06 1.09868e+06 1.03316e+06 1.09041e+06 1.05448e+06 1.10409e+06 
50 1.03264e+06 1.05995e+06 1.07157e+06 1.10672e+06 1.05455e+06 1.08893e+06 1.086e+06 1.08687e+06 1.0152e+06 1.08692e+06 1.08724e+06 1.0829e+06 1.03644e+06 1.05396e+06 1.06003e+06 1.07389e+06 1.00932e+06 1.08581e+06 1.09503e+06 1.08158e+06 1.00942e+06 1.04345e+06 1.06612e+06 1.07301e+06 
51 1.1206e+06 1.18802e+06 1.19499e+06 1.1572e+06 1.11238e+06 1.15652e+06 1.13504e+06 1.1861e+06 1.08479e+06 1.1432e+06 1.15729e+06 1.17149e+06 1.07289e+06 1.14246e+06 1.14451e+06 1.15943e+06 1.09953e+06 1.15426e+06 1.17461e+06 1.1591e+06 1.09671e+06 1.1441e+06 1.15647e+06 1.16073e+06 
52 1.06738e+06 1.13935e+06 1.11289e+06 1.1402e+06 1.06532e+06 1.13759e+06 1.14363e+06 1.12673e+06 1.0563e+06 1.11879e+06 1.13935e+06 1.15132e+06 1.06812e+06 1.09351e+06 1.1296e+06 1.13364e+06 1.06477e+06 1.12628e+06 1.11842e+06 1.11986e+06 1.05594e+06 1.11648e+06 1.11569e+06 1.12673e+06 
53 1.18137e+06 1.22492e+06 1.19127e+06 1.24048e+06 1.12852e+06 1.22352e+06 1.19127e+06 1.20825e+06 1.16863e+06 1.19151e+06 1.19127e+06 1.21401e+06 1.12614e+06 1.20837e+06 1.2134e+06 1.2334e+06 1.14694e+06 1.19439e+06 1.20915e+06 1.20633e+06 1.15303e+06 1.18329e+06 1.2182e+06 1.21883e+06 
54 1.10333e+06 1.14582e+06 1.15665e+06 1.1443e+06 1.08162e+06 1.11013e+06 1.1443e+06 1.14582e+06 1.05836e+06 1.1542e+06 1.14582e+06 1.14582e+06 1.09316e+06 1.1443e+06 1.1443e+06 1.14582e+06 1.09063e+06 1.16303e+06 1.15279e+06 1.1443e+06 1.0983e+06 1.14435e+06 1.16484e+06 1.14582e+06 
55 1.11587e+06 1.19693e+06 1.19521e+06 1.19673e+06 1.11619e+06 1.19071e+06 1.19557e+06 1.19653e+06 1.07588e+06 1.13689e+06 1.19378e+06 1.20566e+06 1.09044e+06 1.1643e+06 1.18525e+06 1.19463e+06 1.12096e+06 1.16055e+06 1.18028e+06 1.20366e+06 1.10665e+06 1.19865e+06 1.18125e+06 1.18633e+06 
56 1.03096e+06 1.11017e+06 1.12831e+06 1.11519e+06 1.0611e+06 1.11804e+06 1.14052e+06 1.12472e+06 1.04941e+06 1.11519e+06 1.12758e+06 1.14049e+06 1.04719e+06 1.12119e+06 1.11411e+06 1.11519e+06 1.06473e+06 1.11021e+06 1.11017e+06 1.1045e+06 1.04939e+06 1.11928e+06 1.12472e+06 1.10908e+06 
57 957385 1.01455e+06 1.02563e+06 1.03432e+06 927055 992231 1.01246e+06 1.00525e+06 962791 1.01084e+06 990493 1.03007e+06 948441 992739 984373 993452 923124 1.02071e+06 1.02208e+06 1.00224e+06 932655 1.00833e+06 991579 981844 
58 1.10668e+06 1.2051e+06 1.18632e+06 1.20013e+06 1.11769e+06 1.19312e+06 1.20269e+06 1.19076e+06 1.10944e+06 1.1698e+06 1.20963e+06 1.19729e+06 1.08799e+06 1.18795e+06 1.19502e+06 1.20201e+06 1.10328e+06 1.13149e+06 1.16261e+06 1.21106e+06 1.11421e+06 1.15119e+06 1.1949e+06 1.17088e+06 
59 1.05584e+06 1.15462e+06 1.17816e+06 1.17538e+06 1.11476e+06 1.14784e+06 1.16418e+06 1.18255e+06 1.10741e+06 1.15947e+06 1.19512e+06 1.17566e+06 1.0759e+06 1.17417e+06 1.17576e+06 1.19816e+06 1.09909e+06 1.15144e+06 1.17592e+06 1.14553e+06 1.04679e+06 1.14873e+06 1.18063e+06 1.19161e+06 
60 1.15259e+06 1.22041e+06 1.23009e+06 1.23822e+06 1.14524e+06 1.19115e+06 1.23377e+06 1.21669e+06 1.16435e+06 1.20329e+06 1.20894e+06 1.2588e+06 1.10034e+06 1.22407e+06 1.19258e+06 1.21743e+06 1.1543e+06 1.20769e+06 1.22703e+06 1.23146e+06 1.09327e+06 1.22177e+06 1.19131e+06 1.21478e+06 
