1 1.38716e+06 1.48673e+06 1.50034e+06 1.51057e+06 1.34959e+06 1.4613e+06 1.50196e+06 1.49683e+06 1.38706e+06 1.47689e+06 1.50276e+06 1.48621e+06 1.34167e+06 1.43511e+06 1.47179e+06 1.487e+06 1.37681e+06 1.4689e+06 1.47531e+06 1.49538e+06 1.37035e+06 1.47759e+06 1.44966e+06 1.464e+06 
2 1.15931e+06 1.19127e+06 1.24475e+06 1.20874e+06 1.1623e+06 1.21289e+06 1.21472e+06 1.22312e+06 1.13049e+06 1.21421e+06 1.19767e+06 1.24633e+06 1.11805e+06 1.204e+06 1.19005e+06 1.23276e+06 1.13756e+06 1.22033e+06 1.22459e+06 1.22028e+06 1.1148e+06 1.17613e+06 1.18656e+06 1.22723e+06 
3 1.3872e+06 1.45785e+06 1.4648e+06 1.45782e+06 1.35415e+06 1.42369e+06 1.44715e+06 1.44503e+06 1.34277e+06 1.42915e+06 1.45613e+06 1.44035e+06 1.31983e+06 1.42072e+06 1.45468e+06 1.46449e+06 1.33337e+06 1.44052e+06 1.44052e+06 1.46815e+06 1.29806e+06 1.40124e+06 1.38078e+06 1.44805e+06 
4 1.09846e+06 1.18123e+06 1.23397e+06 1.22167e+06 1.06147e+06 1.17348e+06 1.19968e+06 1.21184e+06 1.10151e+06 1.20293e+06 1.22305e+06 1.22246e+06 1.08743e+06 1.17994e+06 1.18708e+06 1.1803e+06 1.05792e+06 1.1759e+06 1.18244e+06 1.19945e+06 1.08062e+06 1.16853e+06 1.18465e+06 1.19861e+06 
5 1.28817e+06 1.33735e+06 1.33556e+06 1.33244e+06 1.17192e+06 1.30865e+06 1.33063e+06 1.34367e+06 1.15019e+06 1.34629e+06 1.32385e+06 1.3442e+06 1.19778e+06 1.29363e+06 1.29529e+06 1.33992e+06 1.24947e+06 1.32389e+06 1.31366e+06 1.34817e+06 1.19015e+06 1.3044e+06 1.32387e+06 1.3194e+06 
6 1.30062e+06 1.42158e+06 1.43982e+06 1.44773e+06 1.3113e+06 1.41589e+06 1.44189e+06 1.45087e+06 1.33042e+06 1.41573e+06 1.44427e+06 1.44931e+06 1.28651e+06 1.39644e+06 1.42043e+06 1.43535e+06 1.32707e+06 1.40187e+06 1.42383e+06 1.46248e+06 1.29977e+06 1.40085e+06 1.43324e+06 1.41689e+06 
7 1.31867e+06 1.40436e+06 1.41435e+06 1.39335e+06 1.30039e+06 1.38418e+06 1.42223e+06 1.39231e+06 1.30705e+06 1.40098e+06 1.40298e+06 1.41397e+06 1.31088e+06 1.3983e+06 1.40977e+06 1.42035e+06 1.30671e+06 1.39343e+06 1.39232e+06 1.41374e+06 1.29021e+06 1.36337e+06 1.40816e+06 1.40586e+06 
8 1.41157e+06 1.53543e+06 1.5495e+06 1.54145e+06 1.42368e+06 1.5252e+06 1.55155e+06 1.55156e+06 1.45347e+06 1.5281e+06 1.55164e+06 1.57041e+06 1.41245e+06 1.52512e+06 1.53201e+06 1.55429e+06 1.44109e+06 1.53814e+06 1.53267e+06 1.5319e+06 1.40635e+06 1.52746e+06 1.53102e+06 1.52778e+06 
9 1.42385e+06 1.53714e+06 1.51885e+06 1.52264e+06 1.4667e+06 1.51318e+06 1.52459e+06 1.52048e+06 1.45002e+06 1.49955e+06 1.51923e+06 1.55066e+06 1.42274e+06 1.5005e+06 1.54066e+06 1.52478e+06 1.42132e+06 1.49408e+06 1.52986e+06 1.49142e+06 1.39202e+06 1.51322e+06 1.50685e+06 1.52963e+06 
10 1.35584e+06 1.44747e+06 1.478e+06 1.48518e+06 1.33279e+06 1.44766e+06 1.44247e+06 1.45846e+06 1.27794e+06 1.44308e+06 1.45487e+06 1.46344e+06 1.29918e+06 1.44155e+06 1.44225e+06 1.44287e+06 1.32928e+06 1.45437e+06 1.41328e+06 1.45757e+06 1.34278e+06 1.43761e+06 1.4561e+06 1.44154e+06 
11 1.19382e+06 1.25412e+06 1.26622e+06 1.29432e+06 1.20608e+06 1.27e+06 1.26812e+06 1.291e+06 1.20349e+06 1.29002e+06 1.27444e+06 1.31814e+06 1.18591e+06 1.28034e+06 1.28031e+06 1.26065e+06 1.15429e+06 1.30126e+06 1.29208e+06 1.31378e+06 1.19793e+06 1.25961e+06 1.30059e+06 1.28423e+06 
12 1.33541e+06 1.39837e+06 1.38867e+06 1.42261e+06 1.2896e+06 1.37115e+06 1.41091e+06 1.40265e+06 1.31825e+06 1.38672e+06 1.38225e+06 1.39057e+06 1.24604e+06 1.37503e+06 1.39523e+06 1.40296e+06 1.2988e+06 1.38097e+06 1.40596e+06 1.41419e+06 1.27456e+06 1.38934e+06 1.37666e+06 1.38221e+06 
13 1.37925e+06 1.49993e+06 1.48795e+06 1.50675e+06 1.39727e+06 1.48514e+06 1.47368e+06 1.45936e+06 1.39141e+06 1.47985e+06 1.46341e+06 1.49506e+06 1.36347e+06 1.48323e+06 1.477e+06 1.48009e+06 1.38142e+06 1.48462e+06 1.48601e+06 1.48863e+06 1.38694e+06 1.4391e+06 1.47586e+06 1.43814e+06 
14 1.28661e+06 1.34094e+06 1.37098e+06 1.34732e+06 1.26648e+06 1.33792e+06 1.3382e+06 1.34615e+06 1.2529e+06 1.33179e+06 1.35474e+06 1.37312e+06 1.2702e+06 1.34674e+06 1.34862e+06 1.36957e+06 1.27837e+06 1.33419e+06 1.36814e+06 1.37328e+06 1.24656e+06 1.32644e+06 1.34888e+06 1.3613e+06 
15 1.13654e+06 1.23214e+06 1.26626e+06 1.25443e+06 1.1226e+06 1.22538e+06 1.24969e+06 1.25409e+06 1.13051e+06 1.19461e+06 1.24648e+06 1.26404e+06 1.14545e+06 1.23823e+06 1.21707e+06 1.2194e+06 1.11098e+06 1.20943e+06 1.22281e+06 1.25008e+06 1.11635e+06 1.17008e+06 1.21981e+06 1.19655e+06 
16 1.17022e+06 1.2524e+06 1.23221e+06 1.25339e+06 1.14436e+06 1.20423e+06 1.2166e+06 1.23009e+06 1.12634e+06 1.2072e+06 1.24327e+06 1.25742e+06 1.09123e+06 1.21441e+06 1.21073e+06 1.23623e+06 1.1463e+06 1.23502e+06 1.24065e+06 1.22824e+06 1.11862e+06 1.17291e+06 1.21413e+06 1.23524e+06 
17 1.25681e+06 1.33666e+06 1.30739e+06 1.32031e+06 1.21534e+06 1.26437e+06 1.35024e+06 1.29107e+06 1.23228e+06 1.34114e+06 1.32924e+06 1.3407e+06 1.21989e+06 1.30817e+06 1.31581e+06 1.31916e+06 1.22144e+06 1.30737e+06 1.30868e+06 1.31815e+06 1.20603e+06 1.28212e+06 1.30501e+06 1.30719e+06 
18 1.03331e+06 1.1199e+06 1.1338e+06 1.12082e+06 1.03056e+06 1.13454e+06 1.1367e+06 1.14829e+06 1.04023e+06 1.12694e+06 1.12781e+06 1.15373e+06 1.03346e+06 1.09581e+06 1.10729e+06 1.11464e+06 1.05072e+06 1.11176e+06 1.15004e+06 1.1252e+06 1.03795e+06 1.12631e+06 1.10636e+06 1.13152e+06 
19 1.26233e+06 1.39731e+06 1.32671e+06 1.37424e+06 1.29875e+06 1.32335e+06 1.34844e+06 1.37312e+06 1.28811e+06 1.3344e+06 1.37858e+06 1.34895e+06 1.26718e+06 1.3417e+06 1.35577e+06 1.36444e+06 1.26597e+06 1.31473e+06 1.336e+06 1.36236e+06 1.25322e+06 1.3423e+06 1.32195e+06 1.35508e+06 
20 1.34182e+06 1.4136e+06 1.45595e+06 1.44264e+06 1.30102e+06 1.41762e+06 1.42343e+06 1.41286e+06 1.33631e+06 1.39152e+06 1.39742e+06 1.42372e+06 1.32158e+06 1.39972e+06 1.40103e+06 1.39602e+06 1.33096e+06 1.39794e+06 1.41229e+06 1.40576e+06 1.30874e+06 1.40365e+06 1.38573e+06 1.3837e+06 
21 1.0556e+06 1.11374e+06 1.09359e+06 1.14382e+06 1.01339e+06 1.03246e+06 1.0811e+06 1.09005e+06 1.01793e+06 1.07729e+06 1.09545e+06 1.12033e+06 991954 1.0791e+06 1.08601e+06 1.0958e+06 1.00766e+06 1.0925e+06 1.08806e+06 1.09313e+06 988651 1.07864e+06 1.07878e+06 1.08373e+06 
22 1.26154e+06 1.34593e+06 1.32358e+06 1.33174e+06 1.23994e+06 1.32824e+06 1.32532e+06 1.35112e+06 1.25226e+06 1.31739e+06 1.33165e+06 1.31598e+06 1.21981e+06 1.32184e+06 1.30266e+06 1.31368e+06 1.18905e+06 1.32378e+06 1.27696e+06 1.30227e+06 1.2069e+06 1.28908e+06 1.29824e+06 1.32908e+06 
23 1.1884e+06 1.24067e+06 1.28913e+06 1.28686e+06 1.16527e+06 1.23435e+06 1.28074e+06 1.26383e+06 1.20514e+06 1.2839e+06 1.27421e+06 1.27718e+06 1.13389e+06 1.24799e+06 1.26303e+06 1.2723e+06 1.15546e+06 1.25115e+06 1.27648e+06 1.27392e+06 1.16286e+06 1.26134e+06 1.28125e+06 1.2892e+06 
24 1.08879e+06 1.17711e+06 1.15532e+06 1.17633e+06 1.05681e+06 1.14729e+06 1.17216e+06 1.12414e+06 1.09671e+06 1.15438e+06 1.16345e+06 1.15241e+06 1.06417e+06 1.14236e+06 1.13687e+06 1.15825e+06 1.05708e+06 1.16489e+06 1.15491e+06 1.16182e+06 1.06047e+06 1.13623e+06 1.16044e+06 1.14269e+06 
25 1.18297e+06 1.27687e+06 1.28339e+06 1.28574e+06 1.1487e+06 1.26139e+06 1.28459e+06 1.2635e+06 1.19845e+06 1.28431e+06 1.28564e+06 1.27121e+06 1.1669e+06 1.27504e+06 1.2759e+06 1.24997e+06 1.18513e+06 1.27121e+06 1.27176e+06 1.27121e+06 1.15204e+06 1.25691e+06 1.26267e+06 1.27024e+06 
26 1.30257e+06 1.395e+06 1.39461e+06 1.3857e+06 1.27048e+06 1.36762e+06 1.38426e+06 1.36965e+06 1.29328e+06 1.34903e+06 1.37503e+06 1.39807e+06 1.26039e+06 1.35439e+06 1.37547e+06 1.35545e+06 1.26152e+06 1.35612e+06 1.37426e+06 1.36957e+06 1.23204e+06 1.36666e+06 1.36559e+06 1.37643e+06 
27 1.15693e+06 1.25923e+06 1.29154e+06 1.25626e+06 1.16741e+06 1.24473e+06 1.27923e+06 1.2641e+06 1.15639e+06 1.26055e+06 1.25596e+06 1.26858e+06 1.16761e+06 1.27291e+06 1.27476e+06 1.25879e+06 1.17881e+06 1.27636e+06 1.26684e+06 1.27086e+06 1.16878e+06 1.20013e+06 1.27628e+06 1.28663e+06 
28 1.33879e+06 1.44655e+06 1.44838e+06 1.4507e+06 1.2953e+06 1.40167e+06 1.45419e+06 1.43963e+06 1.3036e+06 1.43045e+06 1.43714e+06 1.44485e+06 1.30462e+06 1.3995e+06 1.44474e+06 1.41856e+06 1.33698e+06 1.38941e+06 1.45135e+06 1.4464e+06 1.32097e+06 1.3882e+06 1.4461e+06 1.41357e+06 
29 1.1173e+06 1.18176e+06 1.25489e+06 1.25662e+06 1.14965e+06 1.13498e+06 1.21765e+06 1.23138e+06 1.14462e+06 1.19259e+06 1.24895e+06 1.24045e+06 1.13758e+06 1.18955e+06 1.2148e+06 1.13506e+06 1.13329e+06 1.21691e+06 1.23527e+06 1.24149e+06 1.11649e+06 1.16169e+06 1.23911e+06 1.18447e+06 
30 1.23681e+06 1.36934e+06 1.36021e+06 1.37066e+06 1.21714e+06 1.32895e+06 1.38675e+06 1.36346e+06 1.24909e+06 1.31325e+06 1.35448e+06 1.3559e+06 1.25024e+06 1.31648e+06 1.35269e+06 1.36021e+06 1.27915e+06 1.34485e+06 1.35202e+06 1.36021e+06 1.23766e+06 1.33257e+06 1.36021e+06 1.34761e+06 
31 987027 1.02749e+06 1.07721e+06 1.01886e+06 967481 1.01886e+06 1.07147e+06 1.01886e+06 969276 1.00538e+06 1.03281e+06 1.01511e+06 988553 1.0394e+06 1.01886e+06 1.01886e+06 969094 1.04371e+06 1.00538e+06 1.04731e+06 966270 1.00538e+06 1.0456e+06 1.03912e+06 
32 1.08141e+06 1.10774e+06 1.14049e+06 1.14155e+06 1.06858e+06 1.11544e+06 1.12706e+06 1.12632e+06 1.08078e+06 1.10632e+06 1.1073e+06 1.1094e+06 1.05041e+06 1.10415e+06 1.11753e+06 1.12202e+06 1.07354e+06 1.12797e+06 1.10968e+06 1.1133e+06 1.05061e+06 1.0768e+06 1.12027e+06 1.13245e+06 
33 1.11254e+06 1.17011e+06 1.16196e+06 1.15023e+06 1.1042e+06 1.17011e+06 1.17011e+06 1.16196e+06 1.13514e+06 1.17011e+06 1.14386e+06 1.14386e+06 1.08488e+06 1.16196e+06 1.13213e+06 1.17011e+06 1.12293e+06 1.16196e+06 1.17011e+06 1.14386e+06 1.10644e+06 1.14386e+06 1.15023e+06 1.17011e+06 
34 1.15029e+06 1.17596e+06 1.15534e+06 1.15837e+06 1.10617e+06 1.19264e+06 1.15784e+06 1.19876e+06 1.09314e+06 1.16123e+06 1.16012e+06 1.17734e+06 1.11029e+06 1.13948e+06 1.16318e+06 1.15837e+06 1.09199e+06 1.15837e+06 1.15837e+06 1.15648e+06 1.07578e+06 1.15428e+06 1.15024e+06 1.16837e+06 
35 1.2325e+06 1.2586e+06 1.25905e+06 1.28835e+06 1.21006e+06 1.26664e+06 1.27394e+06 1.25779e+06 1.18145e+06 1.28908e+06 1.25015e+06 1.26258e+06 1.18242e+06 1.24532e+06 1.27135e+06 1.2647e+06 1.20552e+06 1.25562e+06 1.25998e+06 1.29545e+06 1.18534e+06 1.24634e+06 1.26962e+06 1.26463e+06 
36 1.1356e+06 1.181e+06 1.21611e+06 1.1917e+06 1.13559e+06 1.19296e+06 1.18489e+06 1.20082e+06 1.12959e+06 1.21649e+06 1.21337e+06 1.1917e+06 1.12876e+06 1.18947e+06 1.1816e+06 1.20082e+06 1.13881e+06 1.20082e+06 1.19923e+06 1.1917e+06 1.15308e+06 1.20858e+06 1.1917e+06 1.19208e+06 
37 1.24306e+06 1.28437e+06 1.2695e+06 1.32329e+06 1.20127e+06 1.28861e+06 1.32001e+06 1.31478e+06 1.24912e+06 1.29972e+06 1.2695e+06 1.35326e+06 1.22276e+06 1.28588e+06 1.2695e+06 1.2695e+06 1.23128e+06 1.31082e+06 1.28861e+06 1.29912e+06 1.21074e+06 1.28201e+06 1.28861e+06 1.2695e+06 
38 1.33599e+06 1.36532e+06 1.45314e+06 1.43724e+06 1.31164e+06 1.41844e+06 1.422e+06 1.39181e+06 1.30052e+06 1.44012e+06 1.40761e+06 1.41784e+06 1.31337e+06 1.3912e+06 1.44778e+06 1.45409e+06 1.31217e+06 1.4364e+06 1.43353e+06 1.45626e+06 1.3429e+06 1.41303e+06 1.45781e+06 1.44889e+06 
39 1.10075e+06 1.23669e+06 1.24026e+06 1.24852e+06 1.15723e+06 1.24357e+06 1.2314e+06 1.26606e+06 1.1497e+06 1.18746e+06 1.24086e+06 1.22903e+06 1.16563e+06 1.21051e+06 1.21929e+06 1.24651e+06 1.18117e+06 1.24065e+06 1.24178e+06 1.23083e+06 1.14429e+06 1.22907e+06 1.21549e+06 1.18794e+06 
40 1.03327e+06 1.13588e+06 1.15764e+06 1.05291e+06 1.0526e+06 1.09154e+06 1.05291e+06 1.05291e+06 1.06625e+06 1.09315e+06 1.14044e+06 1.13405e+06 1.03888e+06 1.10392e+06 1.05291e+06 1.05291e+06 1.07683e+06 1.05291e+06 1.14226e+06 1.05291e+06 1.03658e+06 1.05291e+06 1.12603e+06 1.12243e+06 
41 1.21321e+06 1.26676e+06 1.27672e+06 1.28513e+06 1.15073e+06 1.28739e+06 1.28769e+06 1.28704e+06 1.20344e+06 1.2589e+06 1.2712e+06 1.28172e+06 1.15105e+06 1.26386e+06 1.29425e+06 1.2767e+06 1.19618e+06 1.24557e+06 1.26876e+06 1.27541e+06 1.16662e+06 1.26572e+06 1.25718e+06 1.279e+06 
42 1.19227e+06 1.29221e+06 1.29417e+06 1.24385e+06 1.19303e+06 1.3021e+06 1.27605e+06 1.24081e+06 1.20899e+06 1.23727e+06 1.29417e+06 1.29417e+06 1.1844e+06 1.25258e+06 1.30731e+06 1.2821e+06 1.22909e+06 1.23727e+06 1.23727e+06 1.24385e+06 1.21453e+06 1.23727e+06 1.24385e+06 1.23727e+06 
43 1.22693e+06 1.33653e+06 1.2701e+06 1.30204e+06 1.18813e+06 1.31128e+06 1.33794e+06 1.32354e+06 1.22982e+06 1.31826e+06 1.336e+06 1.26657e+06 1.24058e+06 1.26657e+06 1.32383e+06 1.26657e+06 1.23021e+06 1.26657e+06 1.31713e+06 1.32509e+06 1.21982e+06 1.26657e+06 1.32806e+06 1.29174e+06 
44 1.17064e+06 1.21768e+06 1.22997e+06 1.23786e+06 1.15583e+06 1.21652e+06 1.24317e+06 1.23181e+06 1.11346e+06 1.25017e+06 1.24176e+06 1.21662e+06 1.12218e+06 1.20989e+06 1.23185e+06 1.26317e+06 1.13778e+06 1.21559e+06 1.24501e+06 1.19744e+06 1.13759e+06 1.22603e+06 1.23666e+06 1.2021e+06 
45 1.22025e+06 1.31177e+06 1.2824e+06 1.32094e+06 1.18352e+06 1.28733e+06 1.3134e+06 1.29799e+06 1.22441e+06 1.29713e+06 1.32044e+06 1.2824e+06 1.20287e+06 1.29236e+06 1.30305e+06 1.31874e+06 1.21463e+06 1.31311e+06 1.33178e+06 1.34239e+06 1.18905e+06 1.27733e+06 1.29828e+06 1.31184e+06 
46 1.08511e+06 1.12753e+06 1.12996e+06 1.11732e+06 1.07236e+06 1.10582e+06 1.13601e+06 1.13194e+06 1.06053e+06 1.10515e+06 1.15051e+06 1.12884e+06 1.08061e+06 1.09066e+06 1.13672e+06 1.11701e+06 1.06951e+06 1.11272e+06 1.13743e+06 1.11895e+06 1.05872e+06 1.1153e+06 1.12024e+06 1.13233e+06 
47 955613 972749 1.02085e+06 1.02087e+06 959854 1.00455e+06 1.00842e+06 1.00666e+06 932516 1.00812e+06 1.00909e+06 997575 940014 1.00178e+06 1.00552e+06 986512 949279 1.01456e+06 995227 1.02808e+06 948410 1.0105e+06 998416 984450 
48 1.17274e+06 1.22018e+06 1.23312e+06 1.21814e+06 1.19091e+06 1.21885e+06 1.21846e+06 1.20348e+06 1.16573e+06 1.20386e+06 1.23716e+06 1.20738e+06 1.17944e+06 1.20239e+06 1.22166e+06 1.20105e+06 1.17371e+06 1.21618e+06 1.22612e+06 1.23153e+06 1.18453e+06 1.19866e+06 1.2197e+06 1.22601e+06 
49 1.05968e+06 1.11229e+06 1.09327e+06 1.0831e+06 1.02699e+06 1.08069e+06 1.09917e+06 1.10233e+06 1.04638e+06 1.0726e+06 1.11702e+06 1.13263e+06 1.05064e+06 1.09478e+06 1.10858e+06 1.05801e+06 1.05832e+06 1.08268e+06 1.09682e+06 1.12202e+06 1.04715e+06 1.07305e+06 1.08813e+06 1.09983e+06 
50 1.02311e+06 1.07625e+06 1.08837e+06 1.11044e+06 1.04574e+06 1.07508e+06 1.09557e+06 1.074e+06 1.0287e+06 1.09151e+06 1.07886e+06 1.05488e+06 1.02034e+06 1.07784e+06 1.07637e+06 1.07882e+06 1.02257e+06 1.08846e+06 1.07994e+06 1.07024e+06 1.01623e+06 1.07188e+06 1.07887e+06 1.046e+06 
51 1.1137e+06 1.18215e+06 1.17861e+06 1.18666e+06 1.09611e+06 1.14931e+06 1.14846e+06 1.15615e+06 1.13567e+06 1.16414e+06 1.15682e+06 1.19097e+06 1.08524e+06 1.15244e+06 1.17215e+06 1.19144e+06 1.09651e+06 1.12675e+06 1.18901e+06 1.14426e+06 1.10101e+06 1.16003e+06 1.16174e+06 1.15678e+06 
52 1.04382e+06 1.12606e+06 1.15859e+06 1.11879e+06 1.06177e+06 1.11462e+06 1.12639e+06 1.12215e+06 1.05332e+06 1.11879e+06 1.15132e+06 1.11384e+06 1.03924e+06 1.11298e+06 1.12257e+06 1.12451e+06 1.05258e+06 1.11762e+06 1.12156e+06 1.13935e+06 1.0778e+06 1.10614e+06 1.10906e+06 1.1383e+06 
53 1.16128e+06 1.21653e+06 1.22531e+06 1.23075e+06 1.11541e+06 1.19127e+06 1.19151e+06 1.22195e+06 1.13756e+06 1.18818e+06 1.19151e+06 1.19151e+06 1.17775e+06 1.18475e+06 1.22941e+06 1.22469e+06 1.14684e+06 1.20722e+06 1.21974e+06 1.23276e+06 1.13613e+06 1.21691e+06 1.19151e+06 1.19969e+06 
54 1.1118e+06 1.1443e+06 1.1443e+06 1.15342e+06 1.03845e+06 1.14197e+06 1.15809e+06 1.1624e+06 1.10716e+06 1.1287e+06 1.17739e+06 1.1443e+06 1.09006e+06 1.13341e+06 1.1443e+06 1.1443e+06 1.08644e+06 1.13279e+06 1.14582e+06 1.17172e+06 1.10094e+06 1.14001e+06 1.16844e+06 1.14582e+06 
55 1.09827e+06 1.20366e+06 1.19693e+06 1.20566e+06 1.09487e+06 1.16621e+06 1.20366e+06 1.20074e+06 1.13111e+06 1.17605e+06 1.20366e+06 1.19588e+06 1.09994e+06 1.1503e+06 1.18001e+06 1.19693e+06 1.1153e+06 1.19493e+06 1.1918e+06 1.18197e+06 1.11826e+06 1.15414e+06 1.20144e+06 1.20019e+06 
56 995206 1.11411e+06 1.11519e+06 1.1255e+06 1.04982e+06 1.11177e+06 1.10945e+06 1.12472e+06 1.00403e+06 1.11411e+06 1.11411e+06 1.11519e+06 1.03448e+06 1.12472e+06 1.12608e+06 1.11519e+06 1.02849e+06 1.11017e+06 1.0784e+06 1.10908e+06 1.0115e+06 1.10908e+06 1.13245e+06 1.11519e+06 
57 936469 1.01566e+06 1.02592e+06 1.02103e+06 909168 997883 985540 1.02438e+06 949272 998253 1.01084e+06 1.03598e+06 919049 1.00797e+06 996679 1.00685e+06 935115 1.01367e+06 991118 1.02523e+06 929276 981636 977258 1.02484e+06 
58 1.09328e+06 1.18009e+06 1.21735e+06 1.21416e+06 1.07896e+06 1.18645e+06 1.19639e+06 1.21321e+06 1.11091e+06 1.1717e+06 1.20145e+06 1.18825e+06 1.11769e+06 1.17631e+06 1.18299e+06 1.20182e+06 1.11e+06 1.20201e+06 1.20153e+06 1.20766e+06 1.11467e+06 1.18233e+06 1.17334e+06 1.19248e+06 
59 1.10459e+06 1.15836e+06 1.17438e+06 1.17154e+06 1.1018e+06 1.15931e+06 1.17897e+06 1.17812e+06 1.06845e+06 1.17462e+06 1.16073e+06 1.18173e+06 1.06449e+06 1.16769e+06 1.18951e+06 1.17208e+06 1.1172e+06 1.14407e+06 1.1414e+06 1.2124e+06 1.10464e+06 1.15904e+06 1.17193e+06 1.19052e+06 
60 1.17597e+06 1.2089e+06 1.24946e+06 1.22245e+06 1.13506e+06 1.20222e+06 1.24113e+06 1.21339e+06 1.1481e+06 1.21497e+06 1.24914e+06 1.22894e+06 1.13132e+06 1.19068e+06 1.21869e+06 1.22413e+06 1.14585e+06 1.21381e+06 1.22801e+06 1.22483e+06 1.10542e+06 1.18156e+06 1.20272e+06 1.22019e+06 
