1 1.40307e+06 1.4923e+06 1.48945e+06 1.49603e+06 1.3744e+06 1.44687e+06 1.49883e+06 1.48451e+06 1.39014e+06 1.47536e+06 1.50961e+06 1.49357e+06 1.34469e+06 1.46059e+06 1.4692e+06 1.48162e+06 1.37209e+06 1.45601e+06 1.4835e+06 1.47658e+06 1.35761e+06 1.42505e+06 1.48605e+06 1.4855e+06 
2 1.11591e+06 1.21296e+06 1.25399e+06 1.22572e+06 1.13349e+06 1.20343e+06 1.22947e+06 1.21346e+06 1.13464e+06 1.22253e+06 1.21328e+06 1.19814e+06 1.10722e+06 1.20556e+06 1.21603e+06 1.23307e+06 1.12583e+06 1.20141e+06 1.21227e+06 1.22004e+06 1.11325e+06 1.20019e+06 1.19513e+06 1.20521e+06 
3 1.35059e+06 1.44921e+06 1.46629e+06 1.4634e+06 1.33271e+06 1.41e+06 1.46854e+06 1.47059e+06 1.34445e+06 1.42404e+06 1.45732e+06 1.45045e+06 1.30691e+06 1.41482e+06 1.43484e+06 1.43554e+06 1.34807e+06 1.43616e+06 1.48146e+06 1.46031e+06 1.30847e+06 1.38211e+06 1.4521e+06 1.45429e+06 
4 1.10455e+06 1.18866e+06 1.19899e+06 1.20326e+06 1.09717e+06 1.20376e+06 1.19538e+06 1.20131e+06 1.10916e+06 1.17856e+06 1.21889e+06 1.22109e+06 1.11865e+06 1.17871e+06 1.19663e+06 1.19917e+06 1.09746e+06 1.17969e+06 1.20589e+06 1.20464e+06 1.07861e+06 1.18586e+06 1.18855e+06 1.18925e+06 
5 1.25241e+06 1.30633e+06 1.3555e+06 1.35398e+06 1.21433e+06 1.33474e+06 1.34352e+06 1.33509e+06 1.24923e+06 1.32612e+06 1.3369e+06 1.33709e+06 1.21586e+06 1.30923e+06 1.32615e+06 1.32908e+06 1.20494e+06 1.31239e+06 1.34311e+06 1.32594e+06 1.20904e+06 1.30276e+06 1.3437e+06 1.32715e+06 
6 1.33949e+06 1.44072e+06 1.4583e+06 1.44501e+06 1.31724e+06 1.41927e+06 1.41711e+06 1.45076e+06 1.28719e+06 1.40676e+06 1.43663e+06 1.44775e+06 1.29609e+06 1.41314e+06 1.42997e+06 1.42464e+06 1.349e+06 1.37883e+06 1.41679e+06 1.44537e+06 1.32464e+06 1.40692e+06 1.42709e+06 1.41031e+06 
7 1.33698e+06 1.37679e+06 1.44156e+06 1.42688e+06 1.30929e+06 1.38463e+06 1.3843e+06 1.41386e+06 1.31702e+06 1.40223e+06 1.42108e+06 1.40667e+06 1.3047e+06 1.3745e+06 1.39968e+06 1.39079e+06 1.33202e+06 1.38997e+06 1.41338e+06 1.42513e+06 1.32597e+06 1.37677e+06 1.41535e+06 1.40231e+06 
8 1.42919e+06 1.51942e+06 1.5486e+06 1.53528e+06 1.41461e+06 1.55316e+06 1.54979e+06 1.56232e+06 1.44113e+06 1.53207e+06 1.54757e+06 1.54782e+06 1.42458e+06 1.51737e+06 1.5409e+06 1.53413e+06 1.4189e+06 1.57431e+06 1.53636e+06 1.53696e+06 1.40615e+06 1.49581e+06 1.53815e+06 1.5275e+06 
9 1.46508e+06 1.50786e+06 1.54041e+06 1.53458e+06 1.42352e+06 1.51097e+06 1.51112e+06 1.52314e+06 1.41191e+06 1.51778e+06 1.51867e+06 1.52003e+06 1.40138e+06 1.49977e+06 1.53039e+06 1.52207e+06 1.36941e+06 1.53131e+06 1.53254e+06 1.53622e+06 1.38753e+06 1.50298e+06 1.522e+06 1.51438e+06 
10 1.29895e+06 1.45655e+06 1.46099e+06 1.4699e+06 1.31147e+06 1.41254e+06 1.44964e+06 1.43942e+06 1.31221e+06 1.43268e+06 1.45261e+06 1.4652e+06 1.28952e+06 1.40168e+06 1.44835e+06 1.45744e+06 1.3548e+06 1.40969e+06 1.45148e+06 1.44659e+06 1.31685e+06 1.39493e+06 1.42982e+06 1.44822e+06 
11 1.22393e+06 1.2516e+06 1.26686e+06 1.28486e+06 1.21256e+06 1.28271e+06 1.28789e+06 1.2972e+06 1.22605e+06 1.25378e+06 1.30773e+06 1.31593e+06 1.18019e+06 1.28009e+06 1.27669e+06 1.29143e+06 1.19734e+06 1.26948e+06 1.25907e+06 1.29721e+06 1.17275e+06 1.27349e+06 1.29275e+06 1.28634e+06 
12 1.31621e+06 1.38682e+06 1.4188e+06 1.41057e+06 1.29189e+06 1.38484e+06 1.39561e+06 1.40246e+06 1.24543e+06 1.40875e+06 1.40719e+06 1.39509e+06 1.26803e+06 1.37383e+06 1.40369e+06 1.40859e+06 1.28891e+06 1.39429e+06 1.40269e+06 1.41108e+06 1.28514e+06 1.38319e+06 1.38612e+06 1.39308e+06 
13 1.4186e+06 1.48224e+06 1.46983e+06 1.49509e+06 1.38859e+06 1.48128e+06 1.47711e+06 1.473e+06 1.40827e+06 1.46852e+06 1.50875e+06 1.47836e+06 1.37763e+06 1.46379e+06 1.46615e+06 1.49912e+06 1.38223e+06 1.48027e+06 1.49046e+06 1.48652e+06 1.36404e+06 1.47186e+06 1.48975e+06 1.49374e+06 
14 1.29227e+06 1.34522e+06 1.37039e+06 1.32135e+06 1.26727e+06 1.34495e+06 1.36544e+06 1.34713e+06 1.28578e+06 1.36973e+06 1.3436e+06 1.37286e+06 1.27029e+06 1.34418e+06 1.3405e+06 1.35185e+06 1.25615e+06 1.3414e+06 1.34785e+06 1.35565e+06 1.24065e+06 1.35274e+06 1.34298e+06 1.35295e+06 
15 1.15957e+06 1.25309e+06 1.25609e+06 1.26583e+06 1.14007e+06 1.23528e+06 1.22273e+06 1.26184e+06 1.12504e+06 1.24394e+06 1.26202e+06 1.24934e+06 1.12861e+06 1.22698e+06 1.25788e+06 1.23761e+06 1.1416e+06 1.20468e+06 1.238e+06 1.23301e+06 1.12522e+06 1.22496e+06 1.24286e+06 1.24289e+06 
16 1.16371e+06 1.2442e+06 1.19725e+06 1.27631e+06 1.16517e+06 1.20657e+06 1.21975e+06 1.24746e+06 1.13504e+06 1.21706e+06 1.21486e+06 1.22243e+06 1.14769e+06 1.2116e+06 1.19032e+06 1.22691e+06 1.13395e+06 1.22666e+06 1.22851e+06 1.21647e+06 1.09623e+06 1.22277e+06 1.22409e+06 1.23271e+06 
17 1.22459e+06 1.27494e+06 1.35212e+06 1.35452e+06 1.22645e+06 1.30257e+06 1.3147e+06 1.3496e+06 1.24162e+06 1.32414e+06 1.34445e+06 1.32393e+06 1.21897e+06 1.32505e+06 1.32528e+06 1.30803e+06 1.21832e+06 1.3005e+06 1.32035e+06 1.33495e+06 1.20861e+06 1.30221e+06 1.29086e+06 1.33048e+06 
18 1.05851e+06 1.09171e+06 1.13219e+06 1.14526e+06 1.03052e+06 1.11086e+06 1.13041e+06 1.15594e+06 1.05707e+06 1.11812e+06 1.13219e+06 1.13773e+06 1.03409e+06 1.1155e+06 1.09794e+06 1.13243e+06 1.04902e+06 1.12279e+06 1.14291e+06 1.11551e+06 1.03307e+06 1.10203e+06 1.12511e+06 1.118e+06 
19 1.29165e+06 1.38794e+06 1.37787e+06 1.36934e+06 1.25234e+06 1.36328e+06 1.37714e+06 1.36766e+06 1.26398e+06 1.35835e+06 1.35252e+06 1.37321e+06 1.23691e+06 1.34936e+06 1.3231e+06 1.34446e+06 1.27248e+06 1.35423e+06 1.34457e+06 1.3708e+06 1.24911e+06 1.31566e+06 1.3677e+06 1.36e+06 
20 1.33978e+06 1.44763e+06 1.42618e+06 1.43353e+06 1.33769e+06 1.39189e+06 1.41717e+06 1.40658e+06 1.32457e+06 1.36117e+06 1.43256e+06 1.39025e+06 1.32213e+06 1.41667e+06 1.36178e+06 1.41426e+06 1.30747e+06 1.39512e+06 1.42205e+06 1.39225e+06 1.32365e+06 1.36975e+06 1.38281e+06 1.41525e+06 
21 1.01797e+06 1.08374e+06 1.11283e+06 1.11645e+06 1.01828e+06 1.09889e+06 1.11406e+06 1.09264e+06 972696 1.08408e+06 1.11281e+06 1.09091e+06 956201 1.06571e+06 1.10627e+06 1.11081e+06 1.02859e+06 1.08083e+06 1.08111e+06 1.10653e+06 1.00577e+06 1.09037e+06 1.06803e+06 1.05695e+06 
22 1.22027e+06 1.34265e+06 1.33471e+06 1.33951e+06 1.22633e+06 1.30147e+06 1.30804e+06 1.30238e+06 1.20845e+06 1.30546e+06 1.31917e+06 1.33507e+06 1.17069e+06 1.32142e+06 1.31072e+06 1.31051e+06 1.23295e+06 1.32732e+06 1.34592e+06 1.31663e+06 1.23613e+06 1.27143e+06 1.32396e+06 1.32648e+06 
23 1.16042e+06 1.28018e+06 1.27626e+06 1.27749e+06 1.1233e+06 1.25952e+06 1.29268e+06 1.27405e+06 1.16963e+06 1.26146e+06 1.26993e+06 1.30357e+06 1.14782e+06 1.25779e+06 1.25205e+06 1.28572e+06 1.17616e+06 1.22706e+06 1.25002e+06 1.27617e+06 1.14484e+06 1.26116e+06 1.26473e+06 1.29485e+06 
24 1.09185e+06 1.17701e+06 1.17051e+06 1.17941e+06 1.07192e+06 1.16407e+06 1.12466e+06 1.17397e+06 1.08848e+06 1.14467e+06 1.14716e+06 1.17447e+06 1.06205e+06 1.1499e+06 1.15836e+06 1.15165e+06 1.08918e+06 1.11271e+06 1.13937e+06 1.13644e+06 1.08171e+06 1.12431e+06 1.16161e+06 1.15193e+06 
25 1.1924e+06 1.25814e+06 1.27441e+06 1.28574e+06 1.18238e+06 1.28022e+06 1.26216e+06 1.27827e+06 1.20351e+06 1.26392e+06 1.27121e+06 1.27121e+06 1.14785e+06 1.28045e+06 1.27121e+06 1.27415e+06 1.19511e+06 1.26392e+06 1.28574e+06 1.28856e+06 1.18527e+06 1.26152e+06 1.2604e+06 1.26392e+06 
26 1.27433e+06 1.33495e+06 1.36303e+06 1.3954e+06 1.24245e+06 1.36365e+06 1.36161e+06 1.40566e+06 1.30691e+06 1.32729e+06 1.34829e+06 1.39454e+06 1.28272e+06 1.35587e+06 1.36934e+06 1.39193e+06 1.27506e+06 1.37303e+06 1.3767e+06 1.38541e+06 1.2698e+06 1.32161e+06 1.39383e+06 1.369e+06 
27 1.17025e+06 1.25533e+06 1.25354e+06 1.28268e+06 1.13219e+06 1.24844e+06 1.2787e+06 1.24888e+06 1.16301e+06 1.23857e+06 1.25133e+06 1.27817e+06 1.15596e+06 1.24048e+06 1.26397e+06 1.26427e+06 1.17441e+06 1.26519e+06 1.2781e+06 1.28148e+06 1.14624e+06 1.26035e+06 1.26692e+06 1.26153e+06 
28 1.30915e+06 1.4099e+06 1.4164e+06 1.45068e+06 1.27932e+06 1.43097e+06 1.42428e+06 1.44051e+06 1.30223e+06 1.39879e+06 1.46434e+06 1.45319e+06 1.31361e+06 1.41939e+06 1.44949e+06 1.44624e+06 1.29353e+06 1.39675e+06 1.44411e+06 1.45514e+06 1.30544e+06 1.41137e+06 1.42628e+06 1.44851e+06 
29 1.12377e+06 1.18746e+06 1.20091e+06 1.23028e+06 1.10026e+06 1.23974e+06 1.22432e+06 1.19362e+06 1.14755e+06 1.24055e+06 1.24299e+06 1.21645e+06 1.16135e+06 1.22307e+06 1.24635e+06 1.22864e+06 1.13734e+06 1.19729e+06 1.2185e+06 1.23571e+06 1.1478e+06 1.22559e+06 1.23297e+06 1.26194e+06 
30 1.22566e+06 1.33774e+06 1.32895e+06 1.32895e+06 1.23431e+06 1.32895e+06 1.37107e+06 1.32895e+06 1.25796e+06 1.35262e+06 1.35313e+06 1.34737e+06 1.25857e+06 1.32895e+06 1.32722e+06 1.32895e+06 1.24642e+06 1.32895e+06 1.39212e+06 1.32895e+06 1.23494e+06 1.31299e+06 1.36021e+06 1.32895e+06 
31 1.00311e+06 1.00538e+06 1.04784e+06 1.06811e+06 995472 1.02027e+06 1.00538e+06 1.01886e+06 993842 1.04975e+06 1.01886e+06 1.00538e+06 993391 1.00538e+06 1.03715e+06 1.00538e+06 996351 1.03995e+06 1.04985e+06 1.05088e+06 979060 1.03167e+06 1.01886e+06 1.04703e+06 
32 1.06127e+06 1.1214e+06 1.1133e+06 1.10224e+06 1.06353e+06 1.13314e+06 1.12559e+06 1.1133e+06 1.07225e+06 1.11257e+06 1.09748e+06 1.13431e+06 1.07201e+06 1.12812e+06 1.12625e+06 1.10939e+06 1.06826e+06 1.09647e+06 1.13645e+06 1.1133e+06 1.03686e+06 1.10995e+06 1.11337e+06 1.1133e+06 
33 1.12801e+06 1.16313e+06 1.17011e+06 1.14386e+06 1.10899e+06 1.15023e+06 1.15023e+06 1.14342e+06 1.11969e+06 1.17011e+06 1.16462e+06 1.15023e+06 1.09896e+06 1.14386e+06 1.15023e+06 1.15023e+06 1.1091e+06 1.15794e+06 1.17011e+06 1.17011e+06 1.08701e+06 1.14386e+06 1.17011e+06 1.16196e+06 
34 1.09156e+06 1.19351e+06 1.19732e+06 1.15837e+06 1.06646e+06 1.17454e+06 1.14743e+06 1.16126e+06 1.08961e+06 1.13852e+06 1.16155e+06 1.17723e+06 1.09677e+06 1.12655e+06 1.15859e+06 1.16788e+06 1.10947e+06 1.14773e+06 1.17756e+06 1.14141e+06 1.09679e+06 1.13988e+06 1.1339e+06 1.17025e+06 
35 1.19074e+06 1.2747e+06 1.28482e+06 1.28578e+06 1.18211e+06 1.27985e+06 1.27927e+06 1.29712e+06 1.22466e+06 1.28985e+06 1.26787e+06 1.29435e+06 1.16876e+06 1.25714e+06 1.25705e+06 1.26671e+06 1.21287e+06 1.2653e+06 1.29398e+06 1.2782e+06 1.16387e+06 1.24169e+06 1.26831e+06 1.27155e+06 
36 1.14242e+06 1.20082e+06 1.20898e+06 1.21935e+06 1.14859e+06 1.18168e+06 1.19209e+06 1.23917e+06 1.13991e+06 1.19014e+06 1.22821e+06 1.20082e+06 1.11575e+06 1.18642e+06 1.22162e+06 1.1917e+06 1.13401e+06 1.17553e+06 1.21563e+06 1.1917e+06 1.11965e+06 1.1917e+06 1.1917e+06 1.21612e+06 
37 1.26501e+06 1.30704e+06 1.33487e+06 1.2695e+06 1.23075e+06 1.34089e+06 1.3367e+06 1.28861e+06 1.2409e+06 1.33228e+06 1.32653e+06 1.2695e+06 1.2271e+06 1.30347e+06 1.30031e+06 1.30995e+06 1.23657e+06 1.28861e+06 1.30468e+06 1.32177e+06 1.19814e+06 1.2695e+06 1.2695e+06 1.32282e+06 
38 1.28798e+06 1.42955e+06 1.45787e+06 1.4474e+06 1.31958e+06 1.40895e+06 1.42811e+06 1.43884e+06 1.30591e+06 1.42981e+06 1.43978e+06 1.4588e+06 1.32822e+06 1.42492e+06 1.42959e+06 1.42606e+06 1.34128e+06 1.41355e+06 1.44174e+06 1.42171e+06 1.27032e+06 1.42524e+06 1.43538e+06 1.42926e+06 
39 1.13623e+06 1.24146e+06 1.26515e+06 1.23103e+06 1.14257e+06 1.23173e+06 1.24653e+06 1.23782e+06 1.17155e+06 1.20341e+06 1.25418e+06 1.2372e+06 1.12371e+06 1.23121e+06 1.24582e+06 1.25629e+06 1.15891e+06 1.22869e+06 1.23813e+06 1.25321e+06 1.13805e+06 1.20528e+06 1.22249e+06 1.21821e+06 
40 1.07149e+06 1.05291e+06 1.15735e+06 1.05291e+06 1.03768e+06 1.05291e+06 1.14503e+06 1.14216e+06 1.01469e+06 1.05291e+06 1.12417e+06 1.16387e+06 1.03568e+06 1.13106e+06 1.13581e+06 1.10771e+06 1.05828e+06 1.11616e+06 1.13497e+06 1.13362e+06 1.03557e+06 1.05291e+06 1.12771e+06 1.05291e+06 
41 1.21352e+06 1.26066e+06 1.2844e+06 1.31983e+06 1.11541e+06 1.27653e+06 1.2835e+06 1.27523e+06 1.16168e+06 1.26362e+06 1.28196e+06 1.27457e+06 1.16348e+06 1.2658e+06 1.29679e+06 1.28687e+06 1.18886e+06 1.27669e+06 1.3115e+06 1.28031e+06 1.17279e+06 1.23327e+06 1.28313e+06 1.29709e+06 
42 1.21403e+06 1.23727e+06 1.33049e+06 1.24385e+06 1.1873e+06 1.22505e+06 1.23727e+06 1.23727e+06 1.22647e+06 1.25893e+06 1.24385e+06 1.31098e+06 1.19184e+06 1.30649e+06 1.29814e+06 1.29112e+06 1.14044e+06 1.27423e+06 1.23727e+06 1.24385e+06 1.22052e+06 1.23727e+06 1.30986e+06 1.30363e+06 
43 1.2272e+06 1.3037e+06 1.3345e+06 1.31536e+06 1.2311e+06 1.25653e+06 1.32917e+06 1.31437e+06 1.244e+06 1.252e+06 1.26657e+06 1.32108e+06 1.21415e+06 1.29905e+06 1.31212e+06 1.31325e+06 1.2347e+06 1.26657e+06 1.33864e+06 1.31539e+06 1.18466e+06 1.28211e+06 1.29617e+06 1.31319e+06 
44 1.15225e+06 1.18883e+06 1.23361e+06 1.23896e+06 1.14671e+06 1.22358e+06 1.22599e+06 1.23824e+06 1.15546e+06 1.23666e+06 1.22504e+06 1.26416e+06 1.12571e+06 1.20901e+06 1.22076e+06 1.22245e+06 1.14224e+06 1.23718e+06 1.23339e+06 1.24614e+06 1.11599e+06 1.19564e+06 1.20421e+06 1.22454e+06 
45 1.21443e+06 1.2824e+06 1.32879e+06 1.32766e+06 1.19123e+06 1.30251e+06 1.30702e+06 1.30145e+06 1.21494e+06 1.29814e+06 1.33678e+06 1.32575e+06 1.20934e+06 1.24531e+06 1.2824e+06 1.2824e+06 1.19488e+06 1.31495e+06 1.33246e+06 1.2824e+06 1.20896e+06 1.2824e+06 1.31991e+06 1.31597e+06 
46 1.09252e+06 1.11939e+06 1.1294e+06 1.14213e+06 1.07385e+06 1.11672e+06 1.11167e+06 1.13622e+06 1.08079e+06 1.11676e+06 1.14249e+06 1.12913e+06 1.05554e+06 1.11254e+06 1.10549e+06 1.15172e+06 1.07974e+06 1.12335e+06 1.12839e+06 1.12025e+06 1.07115e+06 1.09228e+06 1.13602e+06 1.12007e+06 
47 981459 1.02079e+06 1.03039e+06 1.01292e+06 953707 1.00762e+06 1.00765e+06 1.01492e+06 987406 1.013e+06 1.01532e+06 1.00124e+06 952566 995628 994975 985241 966210 1.00021e+06 1.02148e+06 1.00107e+06 962541 984817 1.00705e+06 1.01095e+06 
48 1.21362e+06 1.22172e+06 1.23622e+06 1.23013e+06 1.1717e+06 1.21361e+06 1.21814e+06 1.20605e+06 1.15718e+06 1.23493e+06 1.24049e+06 1.2197e+06 1.1545e+06 1.21306e+06 1.2333e+06 1.20188e+06 1.15677e+06 1.22352e+06 1.22355e+06 1.22849e+06 1.16995e+06 1.20087e+06 1.21469e+06 1.2141e+06 
49 1.0896e+06 1.10477e+06 1.09576e+06 1.10664e+06 1.04432e+06 1.10617e+06 1.10855e+06 1.11534e+06 1.04608e+06 1.09298e+06 1.115e+06 1.10488e+06 1.04095e+06 1.09663e+06 1.09435e+06 1.08326e+06 1.04911e+06 1.08599e+06 1.08337e+06 1.10206e+06 1.02288e+06 1.09371e+06 1.08826e+06 1.08056e+06 
50 1.02791e+06 1.06101e+06 1.09351e+06 1.09577e+06 1.01267e+06 1.07294e+06 1.08268e+06 1.09581e+06 1.03417e+06 1.09975e+06 1.09553e+06 1.09968e+06 1.01153e+06 1.04303e+06 1.09507e+06 1.06071e+06 1.03971e+06 1.07399e+06 1.07177e+06 1.08709e+06 1.00901e+06 1.05475e+06 1.07901e+06 1.07157e+06 
51 1.10643e+06 1.18313e+06 1.14962e+06 1.17099e+06 1.08588e+06 1.16949e+06 1.18131e+06 1.17008e+06 1.12786e+06 1.14853e+06 1.18628e+06 1.17441e+06 1.06607e+06 1.14427e+06 1.15284e+06 1.16218e+06 1.11128e+06 1.15706e+06 1.17526e+06 1.17876e+06 1.08795e+06 1.13982e+06 1.15021e+06 1.16498e+06 
52 1.07725e+06 1.13924e+06 1.15132e+06 1.13935e+06 1.05894e+06 1.14158e+06 1.11141e+06 1.13935e+06 1.07293e+06 1.11879e+06 1.13935e+06 1.12486e+06 1.06552e+06 1.12125e+06 1.12365e+06 1.14601e+06 1.06097e+06 1.10007e+06 1.10015e+06 1.13851e+06 1.04294e+06 1.11799e+06 1.13542e+06 1.12516e+06 
53 1.13935e+06 1.21944e+06 1.22004e+06 1.22275e+06 1.14535e+06 1.21408e+06 1.19127e+06 1.2059e+06 1.17302e+06 1.20025e+06 1.21743e+06 1.24693e+06 1.16027e+06 1.19127e+06 1.2247e+06 1.19151e+06 1.1607e+06 1.20801e+06 1.22392e+06 1.19127e+06 1.12756e+06 1.20748e+06 1.19127e+06 1.22753e+06 
54 1.08584e+06 1.1443e+06 1.17018e+06 1.1443e+06 1.08751e+06 1.14582e+06 1.14123e+06 1.1443e+06 1.10713e+06 1.14315e+06 1.14782e+06 1.14582e+06 1.08794e+06 1.1443e+06 1.13975e+06 1.16038e+06 1.11198e+06 1.1443e+06 1.15772e+06 1.16397e+06 1.09588e+06 1.1522e+06 1.14039e+06 1.1443e+06 
55 1.10629e+06 1.17758e+06 1.19664e+06 1.19693e+06 1.10971e+06 1.1798e+06 1.19974e+06 1.19693e+06 1.08199e+06 1.17907e+06 1.19137e+06 1.19169e+06 1.11144e+06 1.18534e+06 1.19816e+06 1.16345e+06 1.12256e+06 1.17943e+06 1.193e+06 1.20566e+06 1.10223e+06 1.16564e+06 1.19686e+06 1.16755e+06 
56 1.03758e+06 1.12778e+06 1.13114e+06 1.11411e+06 1.05198e+06 1.11218e+06 1.11017e+06 1.12801e+06 1.03309e+06 1.11519e+06 1.12571e+06 1.12007e+06 1.00936e+06 1.11519e+06 1.12472e+06 1.12472e+06 1.06503e+06 1.12472e+06 1.10908e+06 1.12024e+06 1.03917e+06 1.10015e+06 1.12355e+06 1.11411e+06 
57 957134 1.01084e+06 1.0217e+06 1.01221e+06 918902 980132 1.00281e+06 1.00774e+06 949701 1.00621e+06 1.01084e+06 1.02044e+06 934543 1.00027e+06 1.01084e+06 998104 945811 1.00844e+06 1.01084e+06 1.01084e+06 943432 1.00474e+06 1.00309e+06 1.01677e+06 
58 1.10023e+06 1.18196e+06 1.20915e+06 1.18934e+06 1.085e+06 1.18707e+06 1.20018e+06 1.17696e+06 1.09382e+06 1.18986e+06 1.18532e+06 1.213e+06 1.10378e+06 1.16675e+06 1.16002e+06 1.20201e+06 1.10291e+06 1.17992e+06 1.20201e+06 1.17241e+06 1.10144e+06 1.18122e+06 1.19101e+06 1.19168e+06 
59 1.12458e+06 1.13657e+06 1.18652e+06 1.19389e+06 1.06894e+06 1.13904e+06 1.15608e+06 1.19305e+06 1.10195e+06 1.16614e+06 1.16822e+06 1.17084e+06 1.05389e+06 1.14248e+06 1.15089e+06 1.17537e+06 1.12376e+06 1.16691e+06 1.17926e+06 1.20078e+06 1.08358e+06 1.14046e+06 1.1789e+06 1.16371e+06 
60 1.18033e+06 1.21635e+06 1.24364e+06 1.23328e+06 1.14926e+06 1.21923e+06 1.23139e+06 1.22213e+06 1.13615e+06 1.24336e+06 1.25845e+06 1.23552e+06 1.12634e+06 1.19881e+06 1.21093e+06 1.21825e+06 1.14156e+06 1.22603e+06 1.23104e+06 1.23346e+06 1.16258e+06 1.22964e+06 1.23766e+06 1.21207e+06 
