1 1.44728e+06 1.44716e+06 1.50667e+06 1.4865e+06 1.37098e+06 1.48096e+06 1.50072e+06 1.50387e+06 1.36429e+06 1.42439e+06 1.47996e+06 1.48838e+06 1.35944e+06 1.44639e+06 1.45814e+06 1.47521e+06 1.34792e+06 1.44921e+06 1.4778e+06 1.49351e+06 1.27122e+06 1.44354e+06 1.48531e+06 1.49376e+06 
2 1.1176e+06 1.22356e+06 1.21983e+06 1.23432e+06 1.18006e+06 1.19994e+06 1.20842e+06 1.22751e+06 1.11262e+06 1.21233e+06 1.21991e+06 1.2321e+06 1.08594e+06 1.189e+06 1.23216e+06 1.22695e+06 1.10381e+06 1.1951e+06 1.22179e+06 1.21329e+06 1.11044e+06 1.18573e+06 1.20878e+06 1.21023e+06 
3 1.34373e+06 1.44163e+06 1.457e+06 1.47353e+06 1.30927e+06 1.42176e+06 1.45869e+06 1.45711e+06 1.34669e+06 1.43674e+06 1.4506e+06 1.44434e+06 1.31697e+06 1.44001e+06 1.42941e+06 1.44735e+06 1.34043e+06 1.44574e+06 1.44068e+06 1.45903e+06 1.34273e+06 1.42882e+06 1.43327e+06 1.46015e+06 
4 1.11322e+06 1.1946e+06 1.22026e+06 1.21033e+06 1.11961e+06 1.19153e+06 1.19133e+06 1.2226e+06 1.10385e+06 1.18096e+06 1.18019e+06 1.19736e+06 1.08327e+06 1.17232e+06 1.1865e+06 1.19593e+06 1.10637e+06 1.18552e+06 1.20545e+06 1.1919e+06 1.07038e+06 1.18007e+06 1.19613e+06 1.19495e+06 
5 1.26166e+06 1.31068e+06 1.34696e+06 1.35742e+06 1.20889e+06 1.321e+06 1.32137e+06 1.33819e+06 1.23277e+06 1.30508e+06 1.35698e+06 1.35112e+06 1.2264e+06 1.30794e+06 1.2966e+06 1.31895e+06 1.2232e+06 1.30193e+06 1.30639e+06 1.35142e+06 1.19545e+06 1.30881e+06 1.332e+06 1.32584e+06 
6 1.30348e+06 1.44672e+06 1.43881e+06 1.44687e+06 1.32742e+06 1.39573e+06 1.44764e+06 1.43995e+06 1.31637e+06 1.42104e+06 1.42879e+06 1.44071e+06 1.31276e+06 1.40016e+06 1.416e+06 1.41294e+06 1.33925e+06 1.39438e+06 1.42747e+06 1.44643e+06 1.31651e+06 1.42598e+06 1.4229e+06 1.43955e+06 
7 1.29825e+06 1.40241e+06 1.42819e+06 1.42698e+06 1.32081e+06 1.40231e+06 1.39894e+06 1.42782e+06 1.34167e+06 1.40792e+06 1.39638e+06 1.42442e+06 1.30746e+06 1.35378e+06 1.41467e+06 1.41177e+06 1.31606e+06 1.39444e+06 1.41364e+06 1.41588e+06 1.29411e+06 1.37855e+06 1.41297e+06 1.40129e+06 
8 1.43046e+06 1.50028e+06 1.55989e+06 1.56653e+06 1.43055e+06 1.53241e+06 1.5308e+06 1.55354e+06 1.43765e+06 1.57213e+06 1.53689e+06 1.55748e+06 1.41622e+06 1.54556e+06 1.50238e+06 1.53857e+06 1.43642e+06 1.53606e+06 1.54525e+06 1.56357e+06 1.42774e+06 1.51457e+06 1.54496e+06 1.55235e+06 
9 1.43812e+06 1.5117e+06 1.51869e+06 1.54368e+06 1.39669e+06 1.49333e+06 1.53787e+06 1.54422e+06 1.37678e+06 1.51186e+06 1.52984e+06 1.52445e+06 1.40327e+06 1.52291e+06 1.49982e+06 1.52419e+06 1.43087e+06 1.50301e+06 1.51949e+06 1.50518e+06 1.38406e+06 1.47824e+06 1.53644e+06 1.52308e+06 
10 1.33835e+06 1.4591e+06 1.49023e+06 1.47317e+06 1.34975e+06 1.41355e+06 1.48635e+06 1.46053e+06 1.34762e+06 1.42658e+06 1.44524e+06 1.45983e+06 1.3048e+06 1.41562e+06 1.44953e+06 1.42315e+06 1.31506e+06 1.41681e+06 1.43104e+06 1.46115e+06 1.32023e+06 1.44675e+06 1.4269e+06 1.44601e+06 
11 1.25453e+06 1.28028e+06 1.31276e+06 1.28067e+06 1.20296e+06 1.24991e+06 1.28678e+06 1.29963e+06 1.19191e+06 1.27787e+06 1.28672e+06 1.31035e+06 1.17193e+06 1.26386e+06 1.27545e+06 1.28701e+06 1.20371e+06 1.24482e+06 1.28769e+06 1.29135e+06 1.1952e+06 1.2683e+06 1.2987e+06 1.2905e+06 
12 1.30425e+06 1.39885e+06 1.41891e+06 1.41803e+06 1.29593e+06 1.39576e+06 1.36494e+06 1.39605e+06 1.26434e+06 1.36977e+06 1.41126e+06 1.42337e+06 1.25664e+06 1.3675e+06 1.40928e+06 1.397e+06 1.30135e+06 1.34992e+06 1.39985e+06 1.41645e+06 1.27017e+06 1.37964e+06 1.40222e+06 1.39406e+06 
13 1.44504e+06 1.47829e+06 1.49737e+06 1.49756e+06 1.3932e+06 1.45653e+06 1.48124e+06 1.45584e+06 1.3892e+06 1.48242e+06 1.44076e+06 1.48231e+06 1.38669e+06 1.46377e+06 1.46025e+06 1.46337e+06 1.41434e+06 1.46546e+06 1.45392e+06 1.49102e+06 1.39408e+06 1.46385e+06 1.46764e+06 1.48798e+06 
14 1.28042e+06 1.35209e+06 1.35786e+06 1.37572e+06 1.25924e+06 1.35941e+06 1.3582e+06 1.36782e+06 1.27053e+06 1.36547e+06 1.36471e+06 1.3536e+06 1.24343e+06 1.32638e+06 1.34617e+06 1.36615e+06 1.27201e+06 1.33129e+06 1.32317e+06 1.37193e+06 1.26251e+06 1.33501e+06 1.35351e+06 1.35932e+06 
15 1.14928e+06 1.21239e+06 1.25925e+06 1.22581e+06 1.11096e+06 1.22472e+06 1.24555e+06 1.20759e+06 1.11734e+06 1.21789e+06 1.22124e+06 1.27696e+06 1.11716e+06 1.23042e+06 1.25839e+06 1.26077e+06 1.10886e+06 1.19987e+06 1.23483e+06 1.2521e+06 1.11609e+06 1.22956e+06 1.23085e+06 1.25954e+06 
16 1.14221e+06 1.21507e+06 1.28312e+06 1.26334e+06 1.12294e+06 1.2274e+06 1.25124e+06 1.25566e+06 1.13962e+06 1.23017e+06 1.20908e+06 1.23133e+06 1.13126e+06 1.20428e+06 1.22778e+06 1.23869e+06 1.12127e+06 1.2109e+06 1.22109e+06 1.2461e+06 1.11723e+06 1.18907e+06 1.21414e+06 1.22525e+06 
17 1.23201e+06 1.3248e+06 1.31873e+06 1.33952e+06 1.21703e+06 1.30547e+06 1.34018e+06 1.31977e+06 1.20386e+06 1.31026e+06 1.33117e+06 1.30707e+06 1.23797e+06 1.30653e+06 1.31719e+06 1.30717e+06 1.22656e+06 1.30584e+06 1.31725e+06 1.30234e+06 1.23828e+06 1.30779e+06 1.32881e+06 1.3235e+06 
18 1.0639e+06 1.14566e+06 1.13195e+06 1.09796e+06 1.03938e+06 1.096e+06 1.14052e+06 1.13219e+06 1.0492e+06 1.09942e+06 1.11594e+06 1.10933e+06 1.03457e+06 1.12423e+06 1.13088e+06 1.11943e+06 1.02369e+06 1.10337e+06 1.14468e+06 1.1319e+06 1.01687e+06 1.11079e+06 1.09981e+06 1.12699e+06 
19 1.27744e+06 1.38005e+06 1.38971e+06 1.36805e+06 1.28195e+06 1.36262e+06 1.34881e+06 1.37388e+06 1.25082e+06 1.34633e+06 1.3632e+06 1.34924e+06 1.24989e+06 1.32234e+06 1.35278e+06 1.37314e+06 1.28995e+06 1.34933e+06 1.36402e+06 1.3594e+06 1.27676e+06 1.34925e+06 1.36639e+06 1.33981e+06 
20 1.35335e+06 1.39102e+06 1.41364e+06 1.41854e+06 1.33286e+06 1.39712e+06 1.41834e+06 1.4022e+06 1.35609e+06 1.40728e+06 1.41367e+06 1.44105e+06 1.31529e+06 1.41191e+06 1.39882e+06 1.39595e+06 1.34173e+06 1.39663e+06 1.40522e+06 1.41299e+06 1.30382e+06 1.42023e+06 1.39746e+06 1.38598e+06 
21 1.00124e+06 1.04424e+06 1.0973e+06 1.13212e+06 1.02732e+06 1.09314e+06 1.10755e+06 1.11999e+06 1.02964e+06 1.0766e+06 1.08103e+06 1.08827e+06 946214 1.06463e+06 1.09129e+06 1.07728e+06 1.00897e+06 1.09441e+06 1.10316e+06 1.06795e+06 1.00509e+06 1.09582e+06 1.06993e+06 1.09833e+06 
22 1.20827e+06 1.33983e+06 1.35182e+06 1.3229e+06 1.17218e+06 1.2855e+06 1.33951e+06 1.31879e+06 1.23416e+06 1.28581e+06 1.33235e+06 1.32849e+06 1.22114e+06 1.30315e+06 1.30415e+06 1.30388e+06 1.21904e+06 1.31115e+06 1.30946e+06 1.34753e+06 1.18999e+06 1.30731e+06 1.31632e+06 1.3401e+06 
23 1.13213e+06 1.27846e+06 1.27505e+06 1.30233e+06 1.12458e+06 1.21613e+06 1.26302e+06 1.28619e+06 1.18928e+06 1.26333e+06 1.27211e+06 1.27706e+06 1.15845e+06 1.25402e+06 1.27547e+06 1.26572e+06 1.14775e+06 1.26625e+06 1.26063e+06 1.29864e+06 1.1385e+06 1.24359e+06 1.26424e+06 1.2746e+06 
24 1.11342e+06 1.17694e+06 1.16168e+06 1.17522e+06 1.03036e+06 1.14013e+06 1.15308e+06 1.14067e+06 1.09026e+06 1.14565e+06 1.14391e+06 1.17209e+06 1.06463e+06 1.13178e+06 1.1566e+06 1.15287e+06 1.07742e+06 1.13611e+06 1.17121e+06 1.16871e+06 1.06347e+06 1.13747e+06 1.14275e+06 1.15801e+06 
25 1.19533e+06 1.26117e+06 1.27121e+06 1.28022e+06 1.20095e+06 1.26178e+06 1.28022e+06 1.27121e+06 1.18209e+06 1.26518e+06 1.27618e+06 1.27143e+06 1.16006e+06 1.26149e+06 1.2629e+06 1.2626e+06 1.21852e+06 1.27073e+06 1.26779e+06 1.28611e+06 1.15471e+06 1.25113e+06 1.25985e+06 1.26796e+06 
26 1.32303e+06 1.37353e+06 1.37623e+06 1.37257e+06 1.25998e+06 1.36441e+06 1.37481e+06 1.36981e+06 1.25411e+06 1.38467e+06 1.37034e+06 1.3759e+06 1.26452e+06 1.35194e+06 1.38252e+06 1.37399e+06 1.27192e+06 1.36401e+06 1.37996e+06 1.37226e+06 1.24468e+06 1.33766e+06 1.34654e+06 1.39678e+06 
27 1.19249e+06 1.26631e+06 1.28288e+06 1.29997e+06 1.16222e+06 1.27324e+06 1.24728e+06 1.27684e+06 1.19903e+06 1.28581e+06 1.28699e+06 1.27852e+06 1.14965e+06 1.25086e+06 1.27087e+06 1.26693e+06 1.13505e+06 1.24234e+06 1.28091e+06 1.29386e+06 1.14664e+06 1.23214e+06 1.28185e+06 1.26384e+06 
28 1.33857e+06 1.42409e+06 1.4459e+06 1.43716e+06 1.27782e+06 1.4214e+06 1.44729e+06 1.42396e+06 1.32308e+06 1.40123e+06 1.40879e+06 1.43871e+06 1.32596e+06 1.4374e+06 1.44059e+06 1.4507e+06 1.31422e+06 1.40326e+06 1.43445e+06 1.4581e+06 1.29807e+06 1.41288e+06 1.39928e+06 1.41848e+06 
29 1.16263e+06 1.15863e+06 1.23601e+06 1.17292e+06 1.15196e+06 1.20778e+06 1.21562e+06 1.20295e+06 1.14751e+06 1.1941e+06 1.21572e+06 1.25548e+06 1.15507e+06 1.22063e+06 1.23494e+06 1.22214e+06 1.13417e+06 1.24812e+06 1.20427e+06 1.23179e+06 1.14645e+06 1.21723e+06 1.21928e+06 1.22682e+06 
30 1.24535e+06 1.34465e+06 1.36021e+06 1.35709e+06 1.24651e+06 1.32895e+06 1.32895e+06 1.36021e+06 1.24058e+06 1.36021e+06 1.34888e+06 1.34843e+06 1.24841e+06 1.33638e+06 1.35113e+06 1.34587e+06 1.2188e+06 1.32895e+06 1.32895e+06 1.3574e+06 1.22913e+06 1.35244e+06 1.32895e+06 1.32457e+06 
31 999204 1.00538e+06 1.09132e+06 1.01886e+06 980440 1.02827e+06 1.06359e+06 1.06811e+06 995417 1.04181e+06 1.00538e+06 1.05989e+06 976540 1.01886e+06 1.0643e+06 1.00538e+06 1.00395e+06 1.03875e+06 1.05789e+06 1.00538e+06 993780 1.04911e+06 1.04283e+06 1.05218e+06 
32 1.03431e+06 1.12988e+06 1.10505e+06 1.12964e+06 1.05662e+06 1.1133e+06 1.11768e+06 1.112e+06 1.06997e+06 1.10126e+06 1.12497e+06 1.12863e+06 1.04607e+06 1.07359e+06 1.11127e+06 1.14158e+06 1.05305e+06 1.10596e+06 1.14508e+06 1.1233e+06 1.06892e+06 1.08821e+06 1.1133e+06 1.11211e+06 
33 1.10092e+06 1.16626e+06 1.14386e+06 1.14386e+06 1.10786e+06 1.1595e+06 1.16626e+06 1.16196e+06 1.14148e+06 1.16533e+06 1.16196e+06 1.17011e+06 1.10555e+06 1.14297e+06 1.14922e+06 1.14386e+06 1.10923e+06 1.16626e+06 1.16196e+06 1.16196e+06 1.08705e+06 1.16196e+06 1.16196e+06 1.14628e+06 
34 1.12137e+06 1.12803e+06 1.15837e+06 1.17955e+06 1.1012e+06 1.13056e+06 1.14985e+06 1.15837e+06 1.10619e+06 1.15622e+06 1.14383e+06 1.16207e+06 1.10175e+06 1.15174e+06 1.15186e+06 1.15837e+06 1.06833e+06 1.14476e+06 1.16088e+06 1.15837e+06 1.08049e+06 1.15619e+06 1.15974e+06 1.15122e+06 
35 1.2086e+06 1.25686e+06 1.28838e+06 1.26832e+06 1.2013e+06 1.25676e+06 1.2509e+06 1.28246e+06 1.2028e+06 1.24767e+06 1.27393e+06 1.27244e+06 1.17969e+06 1.27089e+06 1.27511e+06 1.26931e+06 1.20261e+06 1.27069e+06 1.2628e+06 1.25416e+06 1.19878e+06 1.24435e+06 1.27791e+06 1.26809e+06 
36 1.10105e+06 1.1917e+06 1.22258e+06 1.22314e+06 1.11484e+06 1.20082e+06 1.1917e+06 1.1917e+06 1.1465e+06 1.20082e+06 1.1917e+06 1.20571e+06 1.14457e+06 1.19785e+06 1.20082e+06 1.20082e+06 1.14766e+06 1.20779e+06 1.1917e+06 1.22309e+06 1.11303e+06 1.19102e+06 1.21628e+06 1.2217e+06 
37 1.2487e+06 1.2695e+06 1.33341e+06 1.30378e+06 1.21061e+06 1.31726e+06 1.2695e+06 1.31861e+06 1.27644e+06 1.31248e+06 1.32835e+06 1.2695e+06 1.22209e+06 1.32318e+06 1.28861e+06 1.32895e+06 1.23712e+06 1.30823e+06 1.29195e+06 1.30581e+06 1.22329e+06 1.26871e+06 1.29835e+06 1.28861e+06 
38 1.34598e+06 1.43292e+06 1.44434e+06 1.44055e+06 1.31678e+06 1.42599e+06 1.44735e+06 1.43703e+06 1.3329e+06 1.44076e+06 1.47283e+06 1.42901e+06 1.32838e+06 1.4329e+06 1.43554e+06 1.45268e+06 1.32468e+06 1.42904e+06 1.3978e+06 1.43831e+06 1.30509e+06 1.42393e+06 1.45692e+06 1.4184e+06 
39 1.12151e+06 1.22324e+06 1.23403e+06 1.25986e+06 1.12312e+06 1.21878e+06 1.25534e+06 1.22793e+06 1.16247e+06 1.24648e+06 1.23129e+06 1.26008e+06 1.15614e+06 1.21896e+06 1.23753e+06 1.20293e+06 1.10507e+06 1.21553e+06 1.23111e+06 1.21773e+06 1.15407e+06 1.21046e+06 1.20626e+06 1.21367e+06 
40 1.03769e+06 1.15168e+06 1.05291e+06 1.13152e+06 1.03342e+06 1.05291e+06 1.11779e+06 1.14932e+06 1.07139e+06 1.11681e+06 1.05291e+06 1.13038e+06 1.07106e+06 1.1204e+06 1.11639e+06 1.13544e+06 1.05291e+06 1.11912e+06 1.08851e+06 1.14763e+06 1.02153e+06 1.10501e+06 1.12314e+06 1.12512e+06 
41 1.13716e+06 1.26924e+06 1.27838e+06 1.29887e+06 1.15808e+06 1.27853e+06 1.29222e+06 1.2862e+06 1.16482e+06 1.26674e+06 1.2791e+06 1.29733e+06 1.16601e+06 1.26894e+06 1.29595e+06 1.28737e+06 1.19673e+06 1.27971e+06 1.29705e+06 1.29309e+06 1.16687e+06 1.24299e+06 1.25213e+06 1.28538e+06 
42 1.19954e+06 1.28241e+06 1.23727e+06 1.24385e+06 1.20086e+06 1.29546e+06 1.33124e+06 1.30981e+06 1.21547e+06 1.24385e+06 1.23727e+06 1.29417e+06 1.18245e+06 1.23727e+06 1.23727e+06 1.29417e+06 1.19454e+06 1.27956e+06 1.31615e+06 1.24385e+06 1.18023e+06 1.23727e+06 1.26667e+06 1.24385e+06 
43 1.22712e+06 1.26606e+06 1.26657e+06 1.26657e+06 1.21678e+06 1.30907e+06 1.292e+06 1.26657e+06 1.24904e+06 1.30062e+06 1.30774e+06 1.33289e+06 1.20045e+06 1.30081e+06 1.26657e+06 1.3078e+06 1.24625e+06 1.29828e+06 1.32656e+06 1.26657e+06 1.19946e+06 1.26657e+06 1.30396e+06 1.31976e+06 
44 1.14525e+06 1.2222e+06 1.25496e+06 1.21803e+06 1.12027e+06 1.23816e+06 1.24092e+06 1.26374e+06 1.11441e+06 1.24482e+06 1.23761e+06 1.2339e+06 1.16059e+06 1.20702e+06 1.24986e+06 1.21741e+06 1.14378e+06 1.24387e+06 1.23933e+06 1.23351e+06 1.13934e+06 1.2301e+06 1.23435e+06 1.23682e+06 
45 1.20796e+06 1.2824e+06 1.2824e+06 1.31307e+06 1.22895e+06 1.28217e+06 1.33605e+06 1.30346e+06 1.21556e+06 1.26825e+06 1.31597e+06 1.32803e+06 1.21021e+06 1.31457e+06 1.32402e+06 1.28034e+06 1.21322e+06 1.31573e+06 1.2824e+06 1.31801e+06 1.21705e+06 1.3031e+06 1.2824e+06 1.2824e+06 
46 1.10529e+06 1.15172e+06 1.12494e+06 1.15499e+06 1.07543e+06 1.13579e+06 1.13363e+06 1.15172e+06 1.10114e+06 1.14023e+06 1.14809e+06 1.09286e+06 1.07095e+06 1.13271e+06 1.12329e+06 1.13568e+06 1.08931e+06 1.10579e+06 1.11825e+06 1.14278e+06 1.08348e+06 1.09222e+06 1.12809e+06 1.10053e+06 
47 972102 1.012e+06 1.02065e+06 1.06021e+06 961772 974288 1.02972e+06 1.0121e+06 973885 982886 1.02517e+06 1.02375e+06 974611 984988 1.00634e+06 1.01769e+06 951993 998171 1.01789e+06 993333 947534 1.00704e+06 998260 998050 
48 1.16578e+06 1.22972e+06 1.22824e+06 1.22233e+06 1.17217e+06 1.2277e+06 1.22904e+06 1.19933e+06 1.16648e+06 1.22113e+06 1.2353e+06 1.22626e+06 1.16722e+06 1.2207e+06 1.22052e+06 1.22395e+06 1.20059e+06 1.22905e+06 1.22712e+06 1.22266e+06 1.16623e+06 1.20709e+06 1.23268e+06 1.22746e+06 
49 1.05697e+06 1.08468e+06 1.12187e+06 1.12183e+06 1.04076e+06 1.08542e+06 1.11596e+06 1.0953e+06 1.04616e+06 1.08538e+06 1.09896e+06 1.12475e+06 1.04553e+06 1.07276e+06 1.08416e+06 1.10078e+06 1.058e+06 1.0884e+06 1.12808e+06 1.10413e+06 1.04252e+06 1.06081e+06 1.09212e+06 1.0844e+06 
50 1.05183e+06 1.03692e+06 1.10337e+06 1.09978e+06 1.03054e+06 1.07484e+06 1.12132e+06 1.09132e+06 1.02819e+06 1.07288e+06 1.05661e+06 1.09739e+06 1.03541e+06 1.07116e+06 1.07036e+06 1.08573e+06 1.05116e+06 1.08353e+06 1.09864e+06 1.0928e+06 1.02367e+06 1.05503e+06 1.10153e+06 1.07466e+06 
51 1.09974e+06 1.17488e+06 1.16514e+06 1.20395e+06 1.04354e+06 1.17452e+06 1.16456e+06 1.18616e+06 1.09597e+06 1.15582e+06 1.16601e+06 1.19011e+06 1.09973e+06 1.147e+06 1.15468e+06 1.1638e+06 1.1166e+06 1.15169e+06 1.16557e+06 1.16588e+06 1.09151e+06 1.14944e+06 1.14116e+06 1.16594e+06 
52 1.06399e+06 1.12673e+06 1.12673e+06 1.15147e+06 1.04098e+06 1.12238e+06 1.12486e+06 1.12486e+06 1.09502e+06 1.11248e+06 1.1047e+06 1.11879e+06 1.05015e+06 1.10775e+06 1.11879e+06 1.12486e+06 1.07563e+06 1.12344e+06 1.1512e+06 1.12246e+06 1.08759e+06 1.11639e+06 1.13944e+06 1.13651e+06 
53 1.12058e+06 1.19776e+06 1.19151e+06 1.19127e+06 1.13878e+06 1.20879e+06 1.19151e+06 1.19151e+06 1.11844e+06 1.21037e+06 1.24083e+06 1.24673e+06 1.12418e+06 1.17914e+06 1.19151e+06 1.21652e+06 1.14577e+06 1.16908e+06 1.19151e+06 1.22823e+06 1.14961e+06 1.17348e+06 1.19127e+06 1.22762e+06 
54 1.09698e+06 1.14083e+06 1.15328e+06 1.18015e+06 1.094e+06 1.11907e+06 1.14582e+06 1.14582e+06 1.06011e+06 1.1443e+06 1.14582e+06 1.14582e+06 1.10553e+06 1.12761e+06 1.16489e+06 1.15958e+06 1.09301e+06 1.1443e+06 1.12401e+06 1.18678e+06 1.10733e+06 1.14381e+06 1.15838e+06 1.1443e+06 
55 1.12258e+06 1.17398e+06 1.19693e+06 1.19199e+06 1.11384e+06 1.20001e+06 1.18269e+06 1.15716e+06 1.08341e+06 1.19258e+06 1.19103e+06 1.19693e+06 1.11977e+06 1.15545e+06 1.19453e+06 1.2033e+06 1.10314e+06 1.17578e+06 1.16816e+06 1.19224e+06 1.12877e+06 1.1881e+06 1.18895e+06 1.17083e+06 
56 1.03469e+06 1.12472e+06 1.13431e+06 1.12611e+06 1.03772e+06 1.11353e+06 1.11017e+06 1.11411e+06 1.03236e+06 1.10995e+06 1.1074e+06 1.11411e+06 1.04878e+06 1.11755e+06 1.12161e+06 1.12412e+06 1.08364e+06 1.12472e+06 1.12472e+06 1.09138e+06 1.05175e+06 1.10908e+06 1.12472e+06 1.12284e+06 
57 963659 987314 1.034e+06 1.01849e+06 929183 998196 967046 1.01084e+06 947203 1.00505e+06 996342 1.01808e+06 929030 984497 1.01151e+06 991891 939852 1.01084e+06 1.01084e+06 1.00124e+06 927050 988986 999038 1.02189e+06 
58 1.11012e+06 1.1774e+06 1.19545e+06 1.21089e+06 1.08045e+06 1.18755e+06 1.1982e+06 1.17616e+06 1.11197e+06 1.18935e+06 1.18481e+06 1.21997e+06 1.102e+06 1.16573e+06 1.16997e+06 1.18743e+06 1.10323e+06 1.17817e+06 1.20506e+06 1.20678e+06 1.09858e+06 1.1759e+06 1.1886e+06 1.1655e+06 
59 1.09696e+06 1.12843e+06 1.18652e+06 1.15293e+06 1.08762e+06 1.16111e+06 1.16925e+06 1.17896e+06 1.11236e+06 1.16983e+06 1.18679e+06 1.19611e+06 1.10429e+06 1.15535e+06 1.19051e+06 1.17101e+06 1.11581e+06 1.15642e+06 1.17893e+06 1.20416e+06 1.088e+06 1.13966e+06 1.1867e+06 1.16797e+06 
60 1.16079e+06 1.21987e+06 1.22814e+06 1.23237e+06 1.12767e+06 1.22087e+06 1.22804e+06 1.2338e+06 1.11487e+06 1.22128e+06 1.23281e+06 1.25439e+06 1.12098e+06 1.21977e+06 1.20531e+06 1.22937e+06 1.12868e+06 1.21636e+06 1.21369e+06 1.23956e+06 1.13335e+06 1.21074e+06 1.22928e+06 1.23453e+06 
