1 0 
2 0 
3 1 
4 0 
5 1 
6 0 
7 0 
8 1 
9 0 
10 1 
11 0 
12 1 
13 0 
14 0 
15 1 
16 0 
17 1 
18 0 
19 0 
20 1 
21 0 
22 1 
23 0 
24 1 
25 0 
26 1 
27 0 
28 1 
29 0 
30 1 
31 0 
32 1 
33 0 
34 1 
35 1 
36 0 
37 1 
38 0 
39 1 
40 0 
41 1 
42 0 
43 1 
44 0 
45 1 
46 1 
47 0 
48 1 
49 0 
50 1 
51 0 
52 1 
53 0 
54 1 
55 1 
56 0 
57 1 
58 0 
59 1 
60 0 
61 1 
62 0 
63 1 
64 1 
65 0 
66 1 
67 1 
68 0 
69 1 
70 0 
71 1 
72 1 
73 0 
74 1 
75 0 
76 1 
77 1 
78 1 
79 0 
80 1 
81 1 
82 0 
83 1 
84 0 
85 1 
86 1 
87 0 
88 1 
89 1 
90 0 
91 1 
92 0 
93 1 
94 1 
95 0 
96 1 
97 1 
98 0 
99 3 
100 0 
101 1 
102 1 
103 1 
104 0 
105 1 
106 1 
107 0 
108 1 
109 1 
110 0 
111 1 
112 1 
113 0 
114 1 
115 1 
116 1 
117 1 
118 0 
119 1 
120 1 
121 1 
122 1 
123 1 
124 0 
125 1 
126 1 
127 1 
128 1 
129 1 
130 0 
131 1 
132 1 
133 1 
134 1 
135 1 
136 0 
137 1 
138 1 
139 1 
140 1 
141 0 
142 1 
143 1 
144 0 
145 1 
146 1 
147 1 
148 1 
149 1 
150 0 
151 1 
152 1 
153 1 
154 1 
155 2 
156 1 
157 1 
158 1 
159 1 
160 1 
161 1 
162 1 
163 1 
164 1 
165 1 
166 1 
167 1 
168 1 
169 1 
170 1 
171 1 
172 1 
173 1 
174 1 
175 1 
176 1 
177 2 
178 1 
179 1 
180 1 
181 1 
182 1 
183 1 
184 1 
185 1 
186 1 
187 2 
188 1 
189 1 
190 1 
191 1 
192 2 
193 0 
194 2 
195 1 
196 1 
197 1 
198 1 
199 1 
200 1 
201 2 
202 1 
203 1 
204 1 
205 1 
206 1 
207 1 
208 2 
209 1 
210 1 
211 1 
212 1 
213 2 
214 1 
215 1 
216 1 
217 1 
218 2 
219 1 
220 1 
221 1 
222 1 
223 1 
224 2 
225 1 
226 1 
227 1 
228 2 
229 1 
230 2 
231 1 
232 2 
233 1 
234 1 
235 2 
236 2 
237 6 
238 1 
239 2 
240 1 
241 1 
242 2 
243 1 
244 2 
245 1 
246 1 
247 2 
248 1 
249 2 
250 1 
251 2 
252 2 
253 1 
254 2 
255 1 
256 2 
257 1 
258 1 
259 2 
260 1 
261 2 
262 1 
263 2 
264 1 
265 1 
266 2 
267 1 
268 2 
269 1 
270 2 
271 1 
272 2 
273 1 
274 2 
275 1 
276 2 
277 1 
278 1 
279 2 
280 1 
281 2 
282 1 
283 2 
284 1 
285 2 
286 1 
287 1 
288 2 
289 1 
290 2 
291 1 
292 2 
293 1 
294 2 
295 1 
296 1 
297 2 
298 2 
299 1 
300 1 
