1 1 
2 0 
3 1 
4 0 
5 0 
6 0 
7 1 
8 1 
9 0 
10 0 
11 1 
12 0 
13 1 
14 0 
15 0 
16 1 
17 0 
18 1 
19 0 
20 0 
21 1 
22 0 
23 1 
24 0 
25 1 
26 0 
27 1 
28 0 
29 1 
30 0 
31 1 
32 1 
33 0 
34 1 
35 0 
36 1 
37 0 
38 1 
39 0 
40 1 
41 0 
42 1 
43 0 
44 1 
45 1 
46 0 
47 1 
48 0 
49 1 
50 0 
51 1 
52 1 
53 0 
54 1 
55 0 
56 1 
57 0 
58 1 
59 0 
60 1 
61 0 
62 1 
63 0 
64 1 
65 1 
66 0 
67 1 
68 0 
69 1 
70 1 
71 0 
72 1 
73 1 
74 0 
75 1 
76 0 
77 1 
78 1 
79 0 
80 1 
81 1 
82 1 
83 0 
84 1 
85 0 
86 1 
87 1 
88 0 
89 1 
90 1 
91 0 
92 1 
93 0 
94 1 
95 0 
96 1 
97 1 
98 0 
99 3 
100 0 
101 1 
102 1 
103 1 
104 0 
105 1 
106 1 
107 0 
108 1 
109 1 
110 0 
111 1 
112 1 
113 0 
114 1 
115 1 
116 1 
117 0 
118 1 
119 1 
120 1 
121 0 
122 1 
123 1 
124 1 
125 1 
126 1 
127 0 
128 1 
129 1 
130 1 
131 1 
132 0 
133 1 
134 1 
135 1 
136 1 
137 1 
138 0 
139 1 
140 1 
141 1 
142 0 
143 1 
144 1 
145 1 
146 1 
147 1 
148 0 
149 1 
150 1 
151 1 
152 1 
153 1 
154 1 
155 1 
156 1 
157 1 
158 1 
159 1 
160 1 
161 2 
162 1 
163 1 
164 1 
165 1 
166 1 
167 0 
168 2 
169 1 
170 0 
171 2 
172 1 
173 1 
174 1 
175 1 
176 1 
177 1 
178 1 
179 1 
180 1 
181 1 
182 2 
183 1 
184 1 
185 1 
186 1 
187 1 
188 2 
189 1 
190 1 
191 1 
192 1 
193 1 
194 1 
195 2 
196 1 
197 1 
198 1 
199 1 
200 1 
201 1 
202 1 
203 2 
204 1 
205 1 
206 1 
207 1 
208 1 
209 2 
210 1 
211 1 
212 1 
213 1 
214 2 
215 1 
216 1 
217 1 
218 1 
219 1 
220 1 
221 1 
222 1 
223 2 
224 1 
225 1 
226 1 
227 2 
228 1 
229 2 
230 1 
231 2 
232 1 
233 1 
234 2 
235 1 
236 2 
237 5 
238 1 
239 2 
240 2 
241 1 
242 2 
243 1 
244 1 
245 2 
246 1 
247 2 
248 1 
249 1 
250 2 
251 1 
252 2 
253 1 
254 2 
255 1 
256 2 
257 1 
258 2 
259 1 
260 2 
261 1 
262 2 
263 1 
264 1 
265 2 
266 1 
267 2 
268 2 
269 1 
270 2 
271 1 
272 2 
273 1 
274 2 
275 1 
276 2 
277 1 
278 2 
279 1 
280 2 
281 1 
282 2 
283 1 
284 2 
285 1 
286 1 
287 2 
288 1 
289 2 
290 1 
291 2 
292 1 
293 2 
294 1 
295 1 
296 2 
297 1 
298 2 
299 1 
300 1 
