55156.1 52005.1 52098.8 0 1 1
58151.7 52783 52783 1 1 3
48172.5 45135.5 45412.8 0 1 3
45611.2 40218.4 41776.9 0 1 2
58626.4 52776.7 52776.7 1 1 2
50621.3 47413.6 47751.7 0 1 2
42644.4 37986.4 37986.4 0 2 3
52378.9 48182.1 51903.1 0 1 2
54779.7 47421.3 47659.3 0 1 2
50627.1 46520.3 46520.3 1 1 2
58934.2 53249.3 53444.2 0 1 2
52655.3 48099.9 48099.9 1 2 2
47846.6 41954.1 42558.1 0 1 2
42669 41230.9 41325.3 0 1 2
38233.3 33531.1 33531.1 0 2 2
56056.1 46561.4 46561.4 0 1 3
50046.9 44273.5 44273.5 0 1 3
47780.7 42401.8 43334.9 0 1 2
31937 26573.7 27033.7 0 2 1
53199.2 48483.8 48566 1 2 2
48788.6 44100.5 46488.9 0 1 1
50278 42668.4 42668.4 1 1 3
51923.6 47793 47793 0 1 3
37432.6 34136.4 34136.4 0 2 3
49905.8 42774 42774 0 2 3
47239.2 40542.7 40542.7 0 1 2
56095.5 52285.3 52285.3 0 2 3
57071 49718.5 49718.5 0 2 2
72710.8 67385.8 67385.8 1 1 3
51960.5 47427 47544.3 1 2 2
48851.2 44433.6 44433.6 1 1 3
52707 46587.9 46587.9 1 2 2
52475 47055.4 47055.4 0 2 2
64883.4 58481.4 58481.4 0 3 3
59801.6 54123.1 54123.1 0 2 2
46757.8 43203.5 43203.5 0 2 2
50954.1 46300.5 46383.8 0 2 4
45386 40163.1 40163.1 0 1 3
48754.1 42874.6 43339.5 0 2 2
46170.8 41822.3 41822.3 0 2 3
59205.6 51542.8 51542.8 1 1 3
50500.1 44654.3 44654.3 0 2 4
55122.4 47746.6 47746.6 0 2 3
40237 34411.4 34411.4 0 3 3
71552.7 63228 63228 0 2 4
51391.8 45088.5 45088.5 0 2 3
51937 45665.6 45665.6 1 1 3
48423.1 43295.2 44761 1 1 2
54301.4 47933.7 47939.6 0 1 3
56656.5 51926.6 51926.6 0 2 2
53715 46170.9 46170.9 1 2 3
56289.4 51615.5 51615.5 1 2 3
54241.9 47104.9 47104.9 0 1 2
57901 53207.4 53207.4 1 2 3
41273.2 35540.4 35540.4 0 2 2
60778 51654.1 51654.1 1 2 3
50965.3 45995.8 45995.8 0 2 4
57845.1 52203.9 52203.9 0 1 2
64934 60796.8 60796.8 0 2 3
56682.7 51116.9 51116.9 1 1 3
51697.2 48023.8 49212 1 1 2
53932.6 47777 47777 1 2 3
43762.5 37842.9 37842.9 1 1 3
67783.9 60880.2 60880.2 0 2 4
60006.9 55877.8 55877.8 0 2 3
50771.2 43615.8 43615.8 1 2 2
64334 57784.3 57784.3 1 2 3
44272.9 42016.2 42534.2 0 2 2
58502.7 50497.9 50497.9 0 2 3
40616.7 35193 35193 0 2 4
47573.8 43858.3 43858.3 0 2 3
54336.8 49817.8 49817.8 1 2 3
61250.6 54921.8 54921.8 0 3 3
47225 43242.5 43242.5 0 1 2
58634.1 52608 52660.4 1 2 2
44596.1 40516.9 40516.9 1 2 3
42166.1 39735.2 39735.2 0 2 3
43352.9 39941.5 39941.5 1 2 2
54693.4 51516.5 51593.2 1 1 2
47490.6 43533.7 43533.7 0 2 3
60363.7 54624.2 54624.2 1 1 3
52591.3 48215.5 48215.5 1 2 3
52040.6 46941.6 47536.7 0 1 2
43067.5 39097 39558.9 1 1 2
42555.9 39221.3 39221.3 1 2 3
49334.2 44808.9 44808.9 0 2 2
54040.3 50497.8 50979.5 0 1 2
48105.6 46344.7 46344.7 1 1 2
37941.7 36396.4 36396.4 1 2 3
48423.8 41731.6 43856.6 1 1 3
48331.2 44824.5 44887.7 0 1 2
47307.6 42331.3 43667.4 1 1 2
56479.3 53191.9 53191.9 1 1 4
45231.5 42315.1 42315.1 0 2 2
55735.9 50652.9 50901.3 0 1 2
53713.4 49614.8 49614.8 1 2 2
51577.7 45309.9 45309.9 1 1 3
45072 39796.9 39796.9 1 1 2
44928.4 38146 41707.7 2 2 12
43154 39791.1 41136.3 1 1 1
43288 41791.9 41791.9 1 2 4
46593.2 43506.4 44158 0 2 2
41004.9 36107 36107 0 2 3
58428.1 52231.3 52231.3 0 2 3
42843.4 38570.2 38603.6 1 1 2
49682.8 46802.7 46802.7 0 2 3
39549.7 33239.1 33239.1 0 2 2
45030.4 39899.4 39899.4 1 1 3
66680.4 62237 62579.5 1 1 3
50114.9 45081 45121.1 1 1 3
47434.7 42673 42673 0 1 2
46521.4 40843.1 40843.1 1 2 2
50913.8 47949.5 47949.5 1 2 3
62098.4 59117.8 59271.1 1 1 2
57270.5 55218.4 55218.4 1 2 3
48546.4 44603.2 44603.2 0 2 4
48288.8 45454.3 45454.3 0 2 3
36744.9 35016.4 35182.4 1 2 3
71875.6 65446.9 65446.9 1 3 3
47143.1 44078.8 44078.8 1 1 3
59297.2 53631.4 55462.9 0 2 2
52506.5 48340.6 48340.6 1 2 4
43507.3 36872.4 36872.4 1 2 4
57047.8 53678 53678 1 2 4
58331.1 53306.3 53306.3 1 2 3
52384.2 46387.6 46604.5 1 2 4
49279.5 44421.9 44421.9 1 2 4
64819.7 63201.7 63201.7 0 3 3
46310.3 41710.3 41710.3 0 3 5
56199.8 52213.5 52565.1 1 1 2
49777.4 45643.8 45643.8 1 2 3
53267.5 47177.3 47177.3 1 2 3
55625.2 50869.1 50869.1 1 2 3
50199.8 45816.9 45816.9 1 2 3
50952.1 46587.8 46587.8 1 2 3
48445.1 46668.3 46668.3 0 2 3
52699.9 50308.5 50308.5 0 2 3
50296.7 46125.9 46125.9 1 2 3
68151.3 63433.5 63433.5 1 2 3
53028.8 49852.1 50174.8 0 2 2
60274 54250.1 54250.1 0 1 2
53728.4 46727.5 46727.5 1 1 3
55035.4 49957.2 49957.2 1 2 3
43977.4 42156.7 42156.7 0 1 2
51534.8 47196 47196 1 2 3
44913.9 41503 41503 1 2 3
48505.9 42283.9 42283.9 1 2 3
43241.5 39459.3 39459.3 0 3 3
40992.6 37741.2 38560.1 0 2 2
41875 39659.2 39659.2 0 2 2
48013.6 46557.6 47040 1 1 3
43588.1 40611.6 40611.6 0 2 3
47224.2 45240.9 45240.9 1 1 3
39573.3 38802.5 38802.5 1 2 3
53746.2 52322 52368.6 0 2 3
46122.6 45148 45148 1 2 2
43114.9 40729 40769.3 1 2 3
47284.1 43522.9 44544.1 1 1 3
35245.7 33300.8 33300.8 1 2 3
47649 44556.6 44556.6 1 1 3
41814.2 38835.7 38835.7 1 2 3
42509.2 41959 41959 1 2 3
40747.1 38827.5 38827.5 1 1 2
50704.1 48606.3 49450.2 1 1 4
42097.2 40382.4 41127.5 0 1 3
41572.1 41394.2 41510.7 0 2 2
34946.3 34529.7 35062.6 1 1 2
43438.9 40031.1 40806.4 1 2 3
42747.5 41023.6 41023.6 1 1 3
37998.1 36721.7 36721.7 1 1 2
46487.2 43665.7 43956.3 0 2 3
28363.3 27704.4 27704.4 1 2 3
45773.1 42843.1 42843.1 1 2 3
45921.1 43063.9 43658.8 0 1 3
39911.1 37351.8 37351.8 0 2 3
49258.9 49258.9 49258.9 1 2 3
61433.4 61099.7 61099.7 1 2 2
41989.1 41593.4 41593.4 1 4 4
56227.7 53359.2 53359.2 0 2 3
45675.3 43569.4 43569.4 1 2 4
44442.6 41746.7 41746.7 0 2 3
41160 39391.3 39391.3 1 2 3
38956.5 36387 36387 1 2 2
45316.5 43603.2 43603.2 1 2 3
42143.9 40416.4 40416.4 1 3 4
46735.7 45523.4 45523.4 1 3 3
38347.5 35870.5 36390.5 1 2 4
45527.6 44122.2 44185.4 1 2 5
34097.4 33015 33505.1 0 2 4
48700.1 47263.6 47263.6 1 3 4
44252.1 42377.1 42718.9 1 2 3
45167.4 42998.4 43317.2 1 2 3
44349.2 43342.3 43427.5 1 1 2
42123.6 38585 38697.8 1 2 3
41296.2 39578.8 39578.8 1 2 3
40341.1 38046.2 38046.2 1 2 3
45193.6 42599.5 42599.5 1 2 3
40815.9 39056.2 39056.2 1 2 2
53864 51462.4 51705.7 1 2 3
41157.2 40853.2 40998.6 1 2 3
43580.2 42546.6 42546.6 1 3 3
54292.4 52623 52623 1 2 3
57095.1 55167.6 55167.6 1 2 3
50893.6 49642.8 49642.8 1 3 2
61200.6 59144.1 59182.5 1 2 4
50624 49763.3 49763.3 1 1 4
40599.7 39160.9 39160.9 0 2 3
43344.7 41398 41398 1 2 2
39477.6 37707.6 37707.6 1 3 2
51013 48747.6 48747.6 1 2 3
63198.9 58984.1 58984.1 1 2 3
44637 43168.3 43201.1 1 2 3
59146.4 57104 57104 1 2 3
53818.4 50249.5 50436.1 1 2 3
47078.5 46394.5 46394.5 1 2 3
52063.7 49856 50272.6 1 2 3
43108.9 40276.7 40276.7 1 2 2
41124.2 39009.5 39009.5 1 3 3
54544 51456.3 51456.3 1 2 3
43456 39074.8 39074.8 1 2 3
43739.5 40273.1 40273.1 1 2 3
47769.3 44962.5 45009.8 1 2 3
38803.8 37693.4 37693.4 1 2 3
53467 49668.9 49668.9 1 2 3
41085.5 39274.5 39274.5 1 2 3
46540.3 46220 46220 1 2 3
43313.9 42006.1 42695.3 0 2 5
47972.5 47328.4 47522.9 1 2 3
40785.4 40056.8 40277.3 1 2 2
42988.1 41993.2 41993.2 1 3 3
43504.4 42796.6 42796.6 1 3 4
43900.5 42844.7 42844.7 2 3 3
48513.9 48306.5 48306.5 2 2 3
47389.9 45889.2 45889.2 1 2 3
42581.4 41831.7 42131.7 1 3 3
44984.3 44536.2 44536.2 1 3 3
50693.2 47698.6 48267.4 3 8 22
48247.7 46712.5 46712.5 2 2 4
41760.1 40964.4 40964.4 1 2 4
48166.4 46587.4 46587.4 1 3 2
46514.4 44895.2 45411.2 1 3 3
45299 44284.9 44324.9 1 3 3
37321 36296.8 37034.7 1 2 3
43416.9 41637.6 41689.4 1 3 3
45983.2 44566.9 44566.9 1 2 3
46565.6 45345.3 46120.2 2 2 3
51815.2 51184.7 51744.7 1 3 3
38727.3 37480.9 37783.1 1 2 4
43357.6 41878.8 42053.6 1 3 2
41011.5 38939.7 39008.3 1 2 3
43427.6 42764 42884 2 2 4
42290.8 40932.3 40932.3 1 3 4
48515.7 48214.9 48270.5 1 3 3
49671.1 49181.7 49181.7 2 2 4
59588.6 57914.9 57337 1 2 2
36504.2 35705.7 35705.7 1 3 4
55230.8 54370.3 54370.3 1 2 3
49426 47360.2 47545.4 1 2 3
42795.8 42378.7 42378.7 1 2 3
50738.4 49877.8 49877.8 1 3 3
52523.9 51665.8 51665.8 1 2 2
46720.3 45790.2 45790.2 2 2 5
51842.1 50975.2 51083.5 2 3 3
57964.6 55435.1 56939.3 1 2 3
44895.1 43651.9 44086.9 1 3 4
31820.7 31181.1 31181.1 1 2 3
43481.8 42360.6 42360.6 2 2 3
52460.8 50594.3 51005.2 2 2 3
46716.8 46403.8 46403.8 1 3 4
46025.7 45377.9 45554.8 1 2 3
45961 44679.7 45104.2 1 3 4
49246.4 46226 47082.7 1 2 3
37029.2 35408.9 35829.7 2 2 3
48624.5 47860 47860 1 3 3
42138.4 41138.2 41138.2 1 3 4
50550.5 48761.7 48797.6 1 2 3
58869.2 57107.6 57136.1 1 2 4
48320.6 46545.6 46545.6 1 2 3
45577.8 43839.7 44172.3 1 3 3
53359.4 51723.9 51723.9 1 2 4
41110.7 40583.8 41110.7 1 3 3
38707.1 36842.6 36942.6 2 2 3
50077.8 47380.6 47380.6 2 2 4
49619.5 47216.8 48327.1 1 2 4
37431.7 36539.8 37466 1 2 3
40621.8 40075.3 40266.7 1 2 4
44524.4 43195.8 43653 1 2 4
54601.6 51393.5 51414.9 1 2 4
50459.2 48392.9 48549.9 2 2 3
44952.8 40529.9 40529.9 1 2 3
55408.4 53011.6 53438.7 1 2 4
56782.3 56296.6 56397 1 3 3
51228.8 47338.4 47338.4 1 2 3
47833.8 46903 46903 1 2 4
59331 56504.7 56504.7 1 2 3
48216.4 45474.7 45474.7 1 2 3
45694.4 43486 43701.8 1 3 4
46256.6 44928.2 44928.2 1 2 5
44123.7 40804.9 41383.4 1 2 4
36712.8 36204.7 36204.7 1 2 4
