51688.3 53057.8 2 1
52783 52783 2 2
45135.5 45618.9 3 1
40218.4 40218.4 3 2
52776.7 52884.5 2 1
47279.8 47680.6 2 1
37986.4 37986.4 3 2
47910.5 48128.3 1 2
47421.3 47421.3 3 1
46520.3 46520.3 2 2
53249.3 54425.3 2 1
48099.9 48099.9 3 2
41954.1 42433 2 1
41230.9 41298.6 2 1
33531.1 33531.1 3 1
46561.4 46561.4 3 1
44273.5 44834.8 3 2
42401.8 43594 2 2
26573.7 26573.7 2 1
48483.8 48483.8 3 2
43481.3 46873.2 1 2
42668.4 42668.4 3 2
47793 48481.2 2 2
34136.4 34136.4 3 2
42774 42774 4 2
40542.7 40542.7 1 2
52285.3 52285.3 3 2
49718.5 49718.5 3 2
67385.8 67385.8 3 2
47427 47427 4 2
44433.6 44433.6 3 2
46587.9 46587.9 3 2
47055.4 47055.4 2 2
58481.4 58481.4 4 2
54123.1 54123.1 3 2
43203.5 43203.5 2 2
46300.5 46300.5 3 2
40163.1 40163.1 3 2
42874.6 42874.6 2 2
41822.3 41822.3 4 1
51542.8 51542.8 3 2
44654.3 44654.3 4 3
47746.6 47746.6 3 2
34411.4 34411.4 4 2
63228 63228 4 3
45088.5 45088.5 3 2
45665.6 45665.6 4 2
43295.2 44647 2 2
47933.7 48531.7 2 1
51926.6 51926.6 3 2
46170.9 46170.9 4 2
51615.5 51615.5 4 2
47104.9 49349.6 2 2
53207.4 53207.4 3 2
35540.4 35540.4 3 2
51654.1 51654.1 3 3
45995.8 45995.8 4 2
52203.9 52203.9 2 2
60796.8 60796.8 3 2
51116.9 51116.9 4 2
48023.8 48023.8 2 2
47777 47777 4 2
37842.9 37842.9 3 2
60880.2 60880.2 4 3
55877.8 55877.8 4 2
43615.8 44101.1 3 2
57784.3 57784.3 4 2
42016.2 42321.7 3 2
50497.9 50497.9 3 2
35193 35193 4 3
43858.3 43858.3 3 3
49817.8 49817.8 4 2
54921.8 54921.8 4 2
43242.5 43613.8 3 1
52608 52660.4 4 2
40516.9 40516.9 3 3
39735.2 39735.2 3 2
39941.5 39941.5 3 2
51516.5 51547.1 2 2
43533.7 43533.7 3 2
54624.2 54624.2 3 2
48215.5 48215.5 3 2
46941.6 47669.3 2 2
39097 39531.1 2 2
39221.3 39221.3 3 2
44808.9 44808.9 2 2
50497.8 50497.8 2 1
46344.7 46686.4 3 1
36396.4 36396.4 4 2
41731.6 43418.2 3 1
44824.5 44824.5 2 2
42331.3 43909 2 1
53191.9 53191.9 4 2
42315.1 42315.1 2 2
50652.9 51183.5 2 2
49614.8 49790.3 3 2
45309.9 45309.9 3 2
39796.9 41041 2 2
38087.5 42530.2 4 13
39954.5 41006.1 1 2
41791.9 41791.9 4 3
43506.4 43506.4 2 2
36107 36223.6 3 2
52231.3 52231.3 4 2
38570.2 38570.2 2 2
46802.7 46802.7 3 2
33239.1 33239.1 3 2
39899.4 39899.4 3 2
62237 62237 3 2
45081 45081 3 2
42673 42673 2 2
40843.1 40843.1 4 2
47949.5 47949.5 4 3
58901.2 59621 2 2
55218.4 55218.4 4 2
44603.2 44603.2 4 2
45454.3 45479.7 4 2
35016.4 35016.4 4 3
65446.9 65446.9 3 2
44078.8 44419 3 2
53631.4 53631.4 3 1
48340.6 48340.6 5 2
36872.4 36872.4 4 3
53678 53678 4 3
53306.3 53306.3 4 2
46387.6 46387.6 4 3
44421.9 44421.9 3 2
63201.7 63201.7 4 3
41710.3 41710.3 4 3
52213.5 52213.5 2 2
45643.8 45643.8 4 2
47177.3 47177.3 4 2
50869.1 50869.1 4 3
45816.9 45816.9 4 3
46587.8 46587.8 4 3
46668.3 46668.3 4 2
50308.5 50308.5 4 3
46125.9 46203.7 4 3
63433.5 63433.5 4 3
49852.1 49852.1 3 2
54250.1 54250.1 3 1
46727.5 46727.5 4 2
49957.2 49957.2 5 2
42156.7 42432 3 1
47196 47196 4 3
41503 41503 5 3
42283.9 42283.9 4 3
39459.3 39459.3 4 3
37741.2 39296.8 3 1
39659.2 39659.2 4 2
46557.6 46557.6 2 3
40611.6 40611.6 4 2
45240.9 45240.9 4 2
38802.5 38802.5 5 3
52322 52368.6 4 4
45148 45148 4 3
40729 40729 4 3
43522.9 43522.9 3 2
33300.8 33538.5 5 3
44556.6 44556.6 4 3
38785 38835.7 3 2
41959 41997.6 4 3
38827.5 39036.9 2 2
48606.3 48606.3 4 2
40382.4 41348.6 3 2
41394.2 41397 3 2
34529.7 34529.7 3 2
40031.1 40476.6 4 2
41023.6 41023.6 6 3
36721.7 36721.7 2 2
43665.7 43665.7 2 4
27704.4 27704.4 5 3
42843.1 42843.1 3 2
43063.9 44589.7 3 2
37351.8 37351.8 4 3
49258.9 49258.9 4 3
61099.7 61099.7 5 3
41593.4 41593.4 5 3
53359.2 53359.2 4 3
43569.4 43569.4 4 3
41746.7 41746.7 5 4
39391.3 39391.3 4 3
36387 36387 3 3
43603.2 43603.2 4 2
40416.4 40916.4 5 3
45523.4 45523.4 4 3
35870.5 35870.5 5 2
44122.2 44122.2 5 3
33015 33851.8 3 3
47263.6 47263.6 4 3
42377.1 42377.1 4 3
43178.4 42998.4 5 2
43342.3 43342.3 4 2
38585 38585 5 3
39578.8 39578.8 6 4
38046.2 38046.2 7 2
42599.5 42599.5 6 3
39056.2 39056.2 4 3
51462.4 51705.7 4 3
40853.2 40853.2 5 3
42546.6 42726.6 5 5
52623 52809.2 5 4
55167.6 55167.6 5 3
49642.8 49642.8 5 3
59144.1 59182.5 5 3
49763.3 49763.3 4 3
39160.9 39160.9 4 3
41398 41398 4 3
37707.6 37760.8 5 3
48747.6 48747.6 5 3
58984.1 58984.1 5 4
43168.3 43201.1 4 3
57104 57104 7 5
50249.5 50476.1 6 5
46394.5 46394.5 5 4
49856 50528.9 7 4
40276.7 40555.2 6 3
39009.5 39009.5 6 5
51456.3 51456.3 7 4
39074.8 39074.8 4 3
40273.1 40273.1 5 4
44962.5 45009.8 6 3
37693.4 37693.4 6 3
49668.9 49668.9 5 4
39274.5 39274.5 5 4
46220 46220 5 2
42101.6 42118.3 4 6
47328.4 47328.4 4 4
40056.8 40419.9 6 3
41993.2 41993.2 4 3
42796.6 42796.6 6 4
42844.7 42844.7 4 3
48306.5 48306.5 6 2
45889.2 45929.2 6 3
41831.7 42157 6 2
44536.2 44576.3 7 4
47698.6 48280.8 9 24
46712.5 46712.5 4 3
40835.2 40819.8 6 3
46587.4 46587.4 4 3
44895.2 45275.2 4 3
44284.9 44704.2 6 2
36296.8 36555.5 4 3
41637.6 41689.4 6 3
44566.9 44566.9 6 3
45345.3 45764.9 5 3
51184.7 51184.7 6 2
37480.9 37502.9 5 3
41878.8 42580.4 6 4
38939.7 38939.7 5 3
42764 42764 6 3
40932.3 40932.3 6 3
48214.9 48214.9 6 4
49181.7 49181.7 7 5
56886.1 58846 4 3
35705.7 35705.7 6 4
54370.3 54681.9 4 3
47360.2 47360.2 5 3
42378.7 42378.7 4 3
49877.8 49877.8 4 3
51665.8 51665.8 4 3
45790.2 45790.2 6 3
50975.2 50975.2 8 5
56068.2 57159.8 5 5
43651.9 43851.9 6 3
31181.1 31285.7 6 3
42360.6 42600.6 6 3
50594.3 50614.3 7 3
46403.8 46403.8 5 4
44547.3 44547.3 8 4
44679.7 44959.7 9 3
46226 47082.7 6 3
35408.9 35829.7 6 3
47860 47860 5 4
41138.2 41138.2 5 4
48761.7 48761.7 5 3
57107.6 57267.6 5 4
46545.6 46545.6 5 3
43839.7 44349.7 7 3
51723.9 51723.9 6 4
40583.8 40583.8 5 3
36842.6 36942.6 5 3
47380.6 47380.6 5 4
47216.8 48327.1 4 3
36539.8 36539.8 5 3
40075.3 40075.3 5 3
43195.8 43195.8 6 4
51393.5 51599 5 4
48392.9 48392.9 5 2
40529.9 40569.9 4 3
53011.6 53438.7 6 3
56397 56397 6 3
47338.4 47338.4 4 2
46903 46903 4 3
56504.7 56864.6 5 3
45474.7 45474.7 4 3
43486 43701.8 4 3
44928.2 44928.2 5 3
40804.9 41144.9 6 2
36204.7 36485.5 5 2
