1 1 0.5
20
3
53 25 93 97 27 59 41 49 90 13 58 73 11 29 64 71 59 28 44 17
521 328 453 335 280 239 387 491 325 246 412 416 266 353 361 391 398 171 484 301
35 23 67 79 5 35 28 24 33 10 35 62 4 2 36 31 5 23 34 11
2.2 1.2 1.4 3.6 1.4 1.3 4.4 2.2 4.4 1.4 1.8 4.3 3 2.9 1.9 4.3 3.9 4.5 2.2 2
192 201 203
3840 4020 4060
0 274 189 110 165 197 140 290 246 184 215 289 211 215 277 245 282 230 88 248 257
274 0 119 345 299 233 406 486 515 281 192 496 295 476 38 224 325 483 187 510 448
189 119 0 285 180 243 329 452 412 273 219 377 178 370 102 123 218 373 104 437 329
110 345 285 0 269 182 77 180 242 140 220 349 319 232 358 355 390 257 181 166 330
165 299 180 269 0 339 268 448 274 341 340 198 54 225 281 134 123 218 162 365 149
197 233 243 182 339 0 259 264 418 55 48 486 371 398 262 358 433 418 181 338 453
140 406 329 77 268 259 0 195 169 216 296 301 321 168 413 376 391 195 227 107 292
290 486 452 180 448 264 195 0 339 210 312 495 499 354 507 533 570 383 352 170 487
246 515 412 242 274 418 169 339 0 382 449 186 323 50 511 408 378 69 328 178 204
184 281 273 140 341 55 216 210 382 0 103 469 379 367 307 380 445 390 193 288 440
215 192 219 220 340 48 296 312 449 103 0 501 365 425 223 340 423 443 178 381 465
289 496 377 349 198 486 301 495 186 469 501 0 222 148 479 318 249 120 334 353 50
211 295 178 319 54 371 321 499 323 379 365 222 0 273 270 95 71 263 190 419 171
215 476 370 232 225 398 168 354 50 367 425 148 273 0 470 359 329 29 291 204 159
277 38 102 358 281 262 413 507 511 307 223 479 270 470 0 193 295 475 188 519 430
245 224 123 355 134 358 376 533 408 380 340 318 95 359 193 0 101 353 188 481 267
282 325 218 390 123 433 391 570 378 445 423 249 71 329 295 101 0 314 253 487 201
230 483 373 257 218 418 195 383 69 390 443 120 263 29 475 353 314 0 301 233 135
88 187 104 181 162 181 227 352 328 193 178 334 190 291 188 188 253 301 0 334 293
248 510 437 166 365 338 107 170 178 288 381 353 419 204 519 481 487 233 334 0 357
257 448 329 330 149 453 292 487 204 440 465 50 171 159 430 267 201 135 293 357 0

2 1 0.5
20
3
41 58 41 95 17 21 38 93 25 8 73 7 89 57 58 67 70 85 86 90
392 455 543 375 360 309 339 578 516 362 412 440 371 370 324 426 427 508 306 432
7 20 17 16 3 17 10 86 23 2 38 6 74 55 39 54 38 12 68 7
2 4 2.1 4.5 1.6 2.3 1.4 3.7 3.2 2.2 1.7 1.9 3.6 2.2 4.7 3.8 4.2 1 4.1 3.6
247 252 209
4940 5040 4180
0 83 232 226 191 297 219 275 269 196 204 245 252 259 143 86 295 228 279 158 255
83 0 150 143 237 311 302 358 350 224 151 222 333 182 213 114 275 232 218 199 190
232 150 0 50 372 355 448 507 500 347 120 222 483 123 361 252 264 329 131 333 104
226 143 50 0 344 391 446 500 488 314 162 264 471 74 343 229 309 289 182 305 153
191 237 372 344 0 476 240 242 206 49 386 437 190 334 85 123 487 118 456 38 428
297 311 355 391 476 0 345 421 446 490 235 140 439 461 403 383 126 524 268 450 275
219 302 448 446 240 345 0 76 103 283 391 382 100 475 159 250 416 349 466 242 448
275 358 507 500 242 421 76 0 44 290 461 458 55 521 177 287 493 359 536 256 517
269 350 500 488 206 446 103 44 0 256 464 470 18 503 152 267 508 325 540 225 518
196 224 347 314 49 490 283 290 256 0 376 437 239 296 124 114 488 68 442 44 413
204 151 120 162 386 235 391 461 464 376 0 102 449 235 348 263 148 380 76 349 57
245 222 222 264 437 140 382 458 470 437 102 0 458 337 382 323 52 454 128 403 135
252 333 483 471 190 439 100 55 18 239 449 458 0 485 134 249 497 308 525 207 503
259 182 123 74 334 461 475 521 503 296 235 337 485 0 352 236 383 256 254 298 227
143 213 361 343 85 403 159 177 152 124 348 382 134 352 0 116 428 189 422 83 397
86 114 252 229 123 383 250 287 267 114 263 323 249 236 116 0 374 141 333 85 305
295 275 264 309 487 126 416 493 508 488 148 52 497 383 428 374 0 506 153 453 168
228 232 329 289 118 524 349 359 325 68 380 454 308 256 189 141 506 0 439 106 409
279 218 131 182 456 268 466 536 540 442 76 128 525 254 422 333 153 439 0 418 30
158 199 333 305 38 450 242 256 225 44 349 403 207 298 83 85 453 106 418 0 390
255 190 104 153 428 275 448 517 518 413 57 135 503 227 397 305 168 409 30 390 0

3 1 0.5
20
3
91 88 97 5 26 28 12 4 52 9 42 42 82 20 60 12 74 69 29 61
432 445 469 294 391 498 215 346 531 302 362 383 391 309 245 260 208 210 469 373
44 26 97 1 26 3 1 1 49 2 3 39 80 8 20 5 8 7 14 33
2.4 4.9 2 3 4.5 3.4 1.7 4 3.7 2 2.3 4 4.8 3.1 3.1 2.4 1.3 4.8 2.9 1.5
186 217 122
3720 4340 2440
0 250 265 132 114 236 292 126 213 268 273 113 126 219 280 109 191 131 36 286 258
250 0 161 303 228 328 175 204 95 515 325 211 264 272 456 317 220 375 282 260 366
265 161 0 239 175 437 332 295 237 485 185 294 199 149 359 367 112 395 281 104 471
132 303 239 0 75 368 399 253 305 248 161 241 41 123 160 228 129 207 111 209 388
114 228 175 75 0 340 336 208 238 311 162 200 36 106 230 223 80 229 115 174 366
236 328 437 368 340 0 222 142 235 408 503 146 360 445 506 156 406 231 259 495 38
292 175 332 399 336 222 0 175 101 548 472 189 370 414 559 297 362 376 328 424 258
126 204 295 253 208 142 175 0 125 373 369 14 234 310 406 126 267 201 161 353 176
213 95 237 305 238 235 101 125 0 480 371 136 273 313 465 250 261 320 249 324 273
268 515 485 248 311 408 548 373 480 0 385 359 286 365 226 261 377 180 234 453 405
273 325 185 161 162 503 472 369 371 385 0 361 148 59 198 380 109 368 264 92 529
113 211 294 241 200 146 189 14 136 359 361 0 224 302 394 114 261 188 147 349 177
126 264 199 41 36 360 370 234 273 286 148 224 0 99 194 231 92 225 116 179 383
219 272 149 123 106 445 414 310 313 365 59 302 99 0 210 328 52 324 214 87 472
280 456 359 160 230 506 559 406 465 226 198 394 194 210 0 352 249 299 249 287 519
109 317 367 228 223 156 297 126 250 261 380 114 231 328 352 0 301 81 117 395 167
191 220 112 129 80 406 362 267 261 377 109 261 92 52 249 301 0 309 195 94 435
131 375 395 207 229 231 376 201 320 180 368 188 225 324 299 81 309 0 115 402 233
36 282 281 111 115 259 328 161 249 234 264 147 116 214 249 117 195 115 0 289 277
286 260 104 209 174 495 424 353 324 453 92 349 179 87 287 395 94 402 289 0 525
258 366 471 388 366 38 258 176 273 405 529 177 383 472 519 167 435 233 277 525 0

4 1 0.5
20
3
90 15 81 4 9 22 79 43 97 44 20 25 95 47 74 8 60 15 37 67
475 153 377 244 478 107 388 412 321 512 459 319 426 230 341 290 467 371 485 439
67 4 18 3 7 17 18 12 64 15 16 4 58 38 15 1 8 10 37 20
3.8 3.6 2.4 1.6 1.6 2.9 3.5 1.8 4.6 2 3.1 3.4 1.1 3.2 3.2 4.1 4.9 4.6 4 2.9
153 207 120
3060 4140 2400
0 197 29 172 148 271 37 208 241 195 259 253 235 146 49 241 77 240 265 254 262
197 0 226 365 235 200 203 190 244 376 68 295 178 328 182 437 219 233 319 442 422
29 226 0 147 150 289 43 223 257 174 287 263 252 126 69 214 76 257 265 227 246
172 365 147 0 268 430 186 361 308 53 430 283 394 54 185 72 204 316 366 173 139
148 235 150 268 0 177 111 106 378 310 267 398 146 267 192 319 73 374 116 248 390
271 200 289 430 177 0 246 71 431 463 179 472 36 416 294 489 227 422 177 425 533
37 203 43 186 111 246 0 180 276 217 258 290 210 169 85 250 39 275 227 239 289
208 190 223 361 106 71 180 0 395 396 195 430 40 349 238 418 157 387 135 354 469
241 244 257 308 378 431 276 395 0 281 304 61 401 254 191 372 315 15 492 462 274
195 376 174 53 310 463 217 396 281 0 443 248 427 49 194 93 241 291 413 224 86
259 68 287 430 267 179 258 195 304 443 0 358 169 394 249 500 267 291 330 493 491
253 295 263 283 398 472 290 430 61 248 358 0 440 230 205 341 330 76 515 448 225
235 178 252 394 146 36 210 40 401 427 169 440 0 379 258 454 191 392 166 395 497
146 328 126 54 267 416 169 349 254 49 394 230 379 0 145 121 196 262 375 221 122
49 182 69 185 192 294 85 238 191 194 249 205 258 145 0 257 125 190 309 294 247
241 437 214 72 319 489 250 418 372 93 500 341 454 121 257 0 262 381 405 157 153
77 219 76 204 73 227 39 157 315 241 267 330 191 196 125 262 0 314 189 226 319
240 233 257 316 374 422 275 387 15 291 291 76 392 262 190 381 314 0 487 467 287
265 319 265 366 116 177 227 135 492 413 330 515 166 375 309 405 189 487 0 295 497
254 442 227 173 248 425 239 354 462 224 493 448 395 221 294 157 226 467 295 0 303
262 422 246 139 390 533 289 469 274 86 491 225 497 122 247 153 319 287 497 303 0

5 1 0.5
20
3
39 68 85 99 96 16 51 36 43 32 99 98 83 49 86 2 20 12 49 99
540 473 459 413 524 235 191 261 571 502 515 265 560 595 608 173 257 229 456 331
12 49 48 3 96 12 50 4 13 2 5 52 62 48 55 1 14 7 32 65
2 2.1 3.2 2.1 4.9 4.4 2.4 3.3 3.9 4.6 4.2 4.8 2.1 3.8 2 4.7 1.6 1.6 2.7 4.1
249 295 134
4980 5900 2680
0 212 272 182 290 130 149 68 114 242 233 247 92 275 266 255 121 176 84 199 106
212 0 296 274 355 342 360 202 97 454 134 356 148 361 397 50 333 362 296 251 279
272 296 0 449 556 324 334 203 266 406 412 519 316 97 174 294 326 250 304 72 376
182 274 449 0 107 236 249 248 210 313 191 82 144 458 442 324 224 330 206 378 107
290 355 556 107 0 329 340 355 307 388 242 73 244 565 547 403 318 430 306 485 205
130 342 324 236 329 0 18 160 244 112 352 265 214 286 238 384 12 108 45 258 129
149 360 334 249 340 18 0 177 263 94 370 274 232 291 239 402 29 106 64 269 143
68 202 203 248 355 160 177 0 115 269 262 315 131 213 217 236 156 160 122 131 174
114 97 266 210 307 244 263 115 0 357 152 291 66 308 327 142 236 272 199 204 189
242 454 406 313 388 112 94 269 357 0 457 316 322 346 278 496 121 157 157 347 215
233 134 412 191 242 352 370 262 152 457 0 264 141 460 479 173 341 409 308 355 247
247 356 519 82 73 265 274 315 291 316 264 0 224 518 491 406 254 369 248 447 149
92 148 316 144 244 214 232 131 66 322 141 224 0 343 347 198 203 267 169 248 131
275 361 97 458 565 286 291 213 308 346 460 518 343 0 82 369 291 191 279 110 368
266 397 174 442 547 238 239 217 327 278 479 491 347 82 0 415 246 132 244 160 342
255 50 294 324 403 384 402 236 142 496 173 406 198 369 415 0 376 394 339 260 328
121 333 326 224 318 12 29 156 236 121 341 254 203 291 246 376 0 117 36 258 117
176 362 250 330 430 108 106 160 272 157 409 369 267 191 132 394 117 0 124 197 225
84 296 304 206 306 45 64 122 199 157 308 248 169 279 244 339 36 124 0 234 101
199 251 72 378 485 258 269 131 204 347 355 447 248 110 160 260 258 197 234 0 303
106 279 376 107 205 129 143 174 189 215 247 149 131 368 342 328 117 225 101 303 0

1 1 1
20
3
33 90 92 65 32 39 1 46 76 1 90 28 61 46 19 52 87 98 65 23
176 582 525 254 563 410 529 376 510 264 345 367 195 508 339 515 434 464 566 527
27 54 21 45 5 30 1 13 34 1 22 20 23 45 8 31 72 51 32 2
4.3 3 3.4 1.5 2.9 1.9 1.1 2.9 2.7 3.5 4.4 1.1 2.7 3.2 4.6 3.5 4.2 4.6 1.1 3.9
209 148 200
4180 2960 4000
0 22 293 267 147 272 163 295 80 247 197 142 198 50 283 176 270 267 246 290 270
22 0 292 269 141 251 173 276 77 231 203 158 188 71 303 198 279 245 246 274 268
293 292 0 39 431 302 170 488 215 200 121 224 471 324 325 320 558 431 47 212 24
267 269 39 0 410 312 133 483 192 212 84 187 452 295 286 282 527 428 29 231 33
147 141 431 410 0 311 310 214 217 333 343 284 58 148 402 285 186 218 386 372 407
272 251 302 312 311 0 325 229 233 102 313 352 312 323 510 431 495 166 284 108 285
163 173 170 133 310 325 0 434 113 248 49 54 361 175 189 151 402 391 126 284 152
295 276 488 483 214 229 434 0 320 311 447 432 171 327 579 469 381 62 454 332 466
80 77 215 192 217 233 113 320 0 183 132 122 261 122 280 198 350 278 169 225 191
247 231 200 212 333 102 248 311 183 0 226 285 351 296 437 376 504 250 185 43 184
197 203 121 84 343 313 49 447 132 226 0 103 391 217 221 199 447 399 78 257 104
142 158 224 187 284 352 54 432 122 285 103 0 338 139 158 98 356 395 180 324 206
198 188 471 452 58 312 361 171 261 351 391 338 0 204 460 343 210 190 427 387 446
50 71 324 295 148 323 175 327 122 296 217 139 204 0 257 143 233 305 277 339 302
283 303 325 286 402 510 189 579 280 437 221 158 460 257 0 117 407 548 294 473 316
176 198 320 282 285 431 151 469 198 376 199 98 343 143 117 0 301 444 277 416 303
270 279 558 527 186 495 402 381 350 504 447 356 210 233 407 301 0 399 510 546 535
267 245 431 428 218 166 391 62 278 250 399 395 190 305 548 444 399 0 399 270 409
246 246 47 29 386 284 126 454 169 185 78 180 427 277 294 277 510 399 0 206 26
290 274 212 231 372 108 284 332 225 43 257 324 387 339 473 416 546 270 206 0 200
270 268 24 33 407 285 152 466 191 184 104 206 446 302 316 303 535 409 26 200 0

2 1 1
20
3
26 6 17 70 97 28 64 41 8 86 27 92 43 88 16 11 20 98 31 76
396 447 426 381 464 270 525 397 438 610 376 318 373 498 239 268 493 423 364 431
4 1 2 37 85 19 29 7 6 15 27 28 12 70 8 8 6 21 22 62
2.8 1.8 2.2 5 1.4 5 2.4 2 1.9 1.7 4 4.8 5 1.7 2 1 4.9 1.3 1.1 1.1
231 198 210
4620 3960 4200
0 125 279 259 128 251 161 239 199 209 299 125 126 170 235 173 38 232 146 245 244
125 0 347 362 190 126 185 324 77 84 390 155 176 289 274 167 147 242 128 158 162
279 347 0 117 158 441 169 58 381 398 83 403 170 331 500 204 304 509 234 503 321
259 362 117 0 181 475 221 70 415 431 58 370 199 248 445 262 271 467 279 503 386
128 190 158 181 0 296 56 133 236 252 200 253 18 241 361 93 160 360 100 344 212
251 126 441 475 296 0 271 429 60 44 496 254 279 412 357 239 272 309 206 149 157
161 185 169 221 56 271 0 163 212 229 229 280 42 294 395 41 198 387 65 343 165
239 324 58 70 133 429 163 0 368 385 67 360 150 274 450 203 260 464 225 474 326
199 77 381 415 236 60 212 368 0 17 436 225 219 365 339 181 224 298 147 167 119
209 84 398 431 252 44 229 385 17 0 452 226 235 373 337 198 232 294 164 154 133
299 390 83 58 200 496 229 67 436 452 0 415 217 305 497 268 315 516 292 538 391
125 155 403 370 253 254 280 360 225 226 415 0 250 190 121 283 100 107 249 173 316
126 176 170 199 18 279 42 150 219 235 217 250 0 251 361 76 161 357 81 332 193
170 289 331 248 241 412 294 274 365 373 305 190 251 0 213 321 141 253 305 363 411
235 274 500 445 361 357 395 450 339 337 497 121 361 213 0 402 200 61 369 239 436
173 167 204 262 93 239 41 203 181 198 268 283 76 321 402 0 211 387 39 325 123
38 147 304 271 160 272 198 260 224 232 315 100 161 141 200 211 0 204 185 244 279
232 242 509 467 360 309 387 464 298 294 516 107 357 253 61 387 204 0 351 181 405
146 128 234 279 100 206 65 225 147 164 292 249 81 305 369 39 185 351 0 286 114
245 158 503 503 344 149 343 474 167 154 538 173 332 363 239 325 244 181 286 0 287
244 162 321 386 212 157 165 326 119 133 391 316 193 411 436 123 279 405 114 287 0

3 1 1
20
3
89 19 26 22 4 64 74 77 46 43 62 37 66 77 25 81 10 47 82 34
421 143 359 396 445 251 472 310 410 433 363 363 426 528 272 247 294 520 412 387
55 16 17 18 1 9 66 4 3 31 56 33 50 14 3 70 4 20 78 7
3.9 1.6 2.1 1.2 2.9 2.9 4.8 1.8 3.9 4.3 3.1 1 3.7 4 1.5 1.8 3.7 4.9 2 3.4
187 140 233
3740 2800 4660
0 76 40 224 266 294 39 234 149 274 218 203 213 228 252 180 111 188 295 236 285
76 0 94 257 336 275 67 226 95 322 186 173 147 294 196 162 132 114 220 269 349
40 94 0 184 242 334 29 274 181 236 194 178 210 245 284 152 74 194 302 272 254
224 257 184 0 198 517 198 458 352 87 190 180 289 365 452 153 124 306 397 441 167
266 336 242 198 0 524 270 457 415 140 366 352 434 253 517 320 244 431 537 385 55
294 275 334 517 524 0 320 67 190 565 454 443 371 330 155 436 398 319 364 183 558
39 67 29 198 270 320 0 264 158 258 179 163 183 264 260 141 78 166 274 275 281
234 226 274 458 457 67 264 0 156 502 412 400 341 267 161 389 342 290 354 129 491
149 95 181 352 415 190 158 156 0 416 264 254 185 315 103 249 228 135 210 239 434
274 322 236 87 140 565 258 502 416 0 277 268 373 360 518 239 195 387 482 463 94
218 186 194 190 366 454 179 412 264 277 0 16 118 439 340 47 136 157 220 450 349
203 173 178 180 352 443 163 400 254 268 16 0 118 423 333 32 120 153 223 435 337
213 147 210 289 434 371 183 341 185 373 118 118 0 440 237 137 191 52 108 410 430
228 294 245 365 253 330 264 267 315 360 439 423 440 0 391 395 309 408 510 154 304
252 196 284 452 517 155 260 161 103 518 340 333 237 391 0 335 327 187 211 282 537
180 162 152 153 320 436 141 389 249 239 47 32 137 395 335 0 89 164 245 416 306
111 132 74 124 244 398 78 342 228 195 136 120 191 309 327 89 0 194 296 346 240
188 114 194 306 431 319 166 290 135 387 157 153 52 408 187 164 194 0 108 365 433
295 220 302 397 537 364 274 354 210 482 220 223 108 510 211 245 296 108 0 450 536
236 269 272 441 385 183 275 129 239 463 450 435 410 154 282 416 346 365 450 0 429
285 349 254 167 55 558 281 491 434 94 349 337 430 304 537 306 240 433 536 429 0
