1 0 
2 2 
3 1 
4 1 
5 1 
6 1 
7 1 
8 1 
9 1 
10 1 
11 0 
12 2 
13 1 
14 0 
15 2 
16 1 
17 1 
18 1 
19 1 
20 1 
21 1 
22 1 
23 1 
24 2 
25 1 
26 1 
27 1 
28 1 
29 2 
30 1 
31 2 
32 1 
33 1 
34 1 
35 2 
36 1 
37 1 
38 1 
39 1 
40 2 
41 1 
42 2 
43 1 
44 2 
45 1 
46 2 
47 1 
48 1 
49 1 
50 1 
51 2 
52 2 
53 0 
54 2 
55 1 
56 1 
57 2 
58 1 
59 1 
60 2 
61 1 
62 1 
63 2 
64 2 
65 1 
66 1 
67 2 
68 1 
69 1 
70 2 
71 1 
72 2 
73 2 
74 1 
75 1 
76 1 
77 2 
78 1 
79 1 
80 1 
81 2 
82 1 
83 1 
84 1 
85 1 
86 1 
87 1 
88 1 
89 1 
90 2 
91 1 
92 0 
93 2 
94 1 
95 1 
96 1 
97 2 
98 1 
99 0 
100 1 
101 1 
102 1 
103 2 
104 1 
105 1 
106 2 
107 1 
108 1 
109 2 
110 1 
111 1 
112 1 
113 1 
114 1 
115 1 
116 2 
117 2 
118 1 
119 1 
120 2 
121 1 
122 1 
123 2 
124 2 
125 2 
126 1 
127 2 
128 1 
129 1 
130 2 
131 1 
132 2 
133 1 
134 2 
135 2 
136 1 
137 2 
138 1 
139 2 
140 2 
141 1 
142 1 
143 2 
144 1 
145 1 
146 2 
147 2 
148 2 
149 1 
150 1 
151 1 
152 2 
153 1 
154 2 
155 1 
156 2 
157 2 
158 1 
159 2 
160 1 
161 1 
162 2 
163 1 
164 2 
165 1 
166 1 
167 1 
168 1 
169 2 
170 1 
171 1 
172 2 
173 1 
174 1 
175 2 
176 2 
177 1 
178 2 
179 2 
180 1 
181 2 
182 2 
183 1 
184 2 
185 2 
186 1 
187 2 
188 2 
189 1 
190 2 
191 2 
192 1 
193 2 
194 1 
195 2 
196 2 
197 1 
198 2 
199 2 
200 2 
201 1 
202 2 
203 2 
204 1 
205 2 
206 2 
207 2 
208 1 
209 2 
210 2 
211 2 
212 2 
213 2 
214 1 
215 2 
216 2 
217 1 
218 2 
219 2 
220 2 
221 2 
222 2 
223 1 
224 2 
225 2 
226 2 
227 1 
228 1 
229 2 
230 1 
231 2 
232 2 
233 2 
234 1 
235 2 
236 2 
237 1 
238 1 
239 2 
240 2 
241 2 
242 2 
243 1 
244 1 
245 2 
246 2 
247 1 
248 2 
249 1 
250 2 
251 1 
252 3 
253 1 
254 2 
255 2 
256 2 
257 1 
258 1 
259 2 
260 1 
261 2 
262 2 
263 2 
264 2 
265 1 
266 2 
267 2 
268 1 
269 2 
270 2 
271 1 
272 2 
273 2 
274 1 
275 2 
276 2 
277 1 
278 2 
279 2 
280 2 
281 2 
282 2 
283 2 
284 2 
285 1 
286 2 
287 2 
288 2 
289 2 
290 1 
291 2 
292 2 
293 1 
294 2 
295 2 
296 2 
297 2 
298 2 
299 2 
300 2 
