1 35 39 70 70 58 73 106 125 44 71 85 117 89 149 214 216 47 89 104 125 88 155 239 312 
2 20 45 55 64 60 89 101 171 34 74 100 100 73 109 174 178 41 93 105 114 84 149 193 248 
3 33 45 69 70 40 78 151 133 36 75 81 94 70 121 169 202 43 77 117 126 84 142 230 238 
4 30 45 60 76 57 80 124 132 34 71 85 95 57 107 164 206 47 90 106 120 98 134 232 228 
5 20 38 55 67 41 65 119 120 35 68 84 94 61 107 166 201 41 77 100 125 91 146 191 300 
6 37 56 68 90 84 99 142 167 41 91 97 106 78 165 188 260 44 94 156 143 95 212 259 292 
7 37 63 66 77 61 126 165 158 41 84 104 122 71 165 229 237 50 86 149 116 92 180 247 273 
8 42 53 60 70 49 116 163 138 49 65 111 101 87 186 176 225 50 88 119 129 106 183 210 262 
9 28 53 77 109 70 92 130 156 46 89 110 142 83 152 206 264 59 89 117 142 89 212 304 314 
10 27 49 64 69 47 91 127 167 47 77 111 110 73 193 209 243 54 90 126 167 100 182 252 274 
11 30 53 72 92 61 99 152 144 42 88 106 135 81 140 202 210 58 90 148 151 98 191 285 323 
12 30 39 60 65 71 97 116 129 34 65 97 123 64 128 168 208 58 83 109 117 106 189 204 268 
13 33 57 93 106 68 117 174 168 47 86 111 132 90 155 223 294 71 114 125 171 103 216 299 356 
14 31 63 74 103 52 120 176 167 47 96 103 132 71 149 216 263 52 100 124 133 134 188 290 334 
15 24 61 72 96 51 87 177 129 40 72 101 125 81 139 195 230 42 87 133 137 84 165 230 289 
16 25 42 51 56 50 66 108 204 34 61 91 111 59 117 185 197 38 72 96 115 81 126 199 256 
17 36 33 36 52 39 104 74 79 30 63 69 77 62 89 152 146 34 67 78 86 68 113 161 210 
18 24 30 40 49 35 67 74 86 26 46 74 80 55 102 134 159 34 62 94 101 59 133 172 228 
19 22 37 53 56 53 77 94 125 27 53 71 111 53 111 140 172 34 72 109 128 62 131 185 220 
20 26 50 50 72 57 90 115 161 38 65 92 112 62 140 167 195 43 73 112 112 72 143 223 243 
21 19 39 68 67 48 97 122 123 33 58 79 124 67 107 159 182 38 70 100 112 86 136 194 210 
22 29 40 63 63 57 87 113 136 42 73 89 99 61 122 168 207 46 84 100 121 72 146 203 221 
23 23 46 56 77 46 79 111 130 32 59 82 115 62 119 164 235 44 69 109 117 89 152 207 251 
24 28 56 58 69 41 84 108 123 33 59 83 112 65 113 188 199 44 80 101 132 76 140 206 256 
25 27 42 57 69 59 103 106 134 48 66 110 92 70 132 164 247 46 86 111 127 77 151 235 276 
26 30 41 58 81 46 71 114 128 33 80 83 99 67 124 210 193 43 86 99 137 82 130 230 230 
27 29 51 61 80 37 95 106 132 40 66 79 98 67 128 172 210 45 78 104 141 78 157 204 253 
28 26 49 54 70 50 68 131 143 36 61 89 134 82 131 197 177 43 72 103 130 84 147 217 222 
29 25 40 54 60 39 80 123 102 35 53 82 87 77 135 185 199 47 74 94 112 74 152 190 205 
30 25 46 62 67 50 74 101 144 39 69 87 110 73 127 160 243 39 81 118 141 93 153 239 281 
31 23 35 55 59 45 67 87 106 30 46 83 94 51 101 170 177 36 56 115 95 68 115 183 191 
32 19 28 43 53 27 58 77 97 27 57 69 76 49 129 148 160 30 58 82 99 55 132 163 184 
33 22 36 38 46 34 55 119 111 33 43 66 80 53 90 148 166 33 62 85 81 69 105 145 209 
34 23 34 64 62 52 59 118 111 31 48 81 84 61 105 138 174 36 58 96 99 66 125 189 251 
35 19 35 53 69 34 74 101 101 29 60 69 97 65 93 174 163 38 65 88 102 75 134 191 167 
36 23 34 50 57 41 86 102 105 30 58 78 92 68 108 168 182 36 66 90 107 64 137 203 225 
37 26 40 49 67 39 66 87 154 34 56 88 92 58 135 163 232 38 74 98 109 68 134 210 222 
38 23 42 51 71 47 96 105 114 32 65 70 96 61 119 189 184 54 69 109 101 74 147 213 230 
39 25 41 52 55 44 69 106 125 33 60 75 101 63 121 162 166 46 66 94 121 76 139 217 259 
40 24 31 62 55 38 66 97 117 33 56 102 135 60 116 149 168 37 67 90 118 76 147 183 232 
41 25 38 59 72 42 101 149 160 35 69 96 130 77 119 182 231 41 74 109 128 89 138 210 229 
42 19 34 49 54 38 72 82 157 31 55 84 90 65 116 149 180 44 65 102 107 68 133 180 230 
43 22 38 67 61 43 96 88 123 32 59 81 115 65 121 162 197 45 75 96 126 70 146 192 237 
44 26 48 59 68 55 84 140 137 45 62 88 100 71 122 169 203 37 76 113 132 79 136 210 255 
45 23 40 50 58 55 78 100 108 39 58 79 94 55 115 168 214 38 79 94 121 76 134 203 227 
46 17 38 44 52 36 64 94 119 26 53 65 74 52 92 150 159 30 55 85 93 68 119 161 217 
47 18 34 44 54 40 78 98 106 32 50 63 85 48 99 142 163 35 57 78 102 73 110 199 203 
48 20 28 39 47 32 60 86 114 24 48 73 83 47 91 136 161 32 53 90 95 55 132 172 216 
49 24 27 55 61 50 79 86 100 29 51 72 104 65 115 144 211 39 65 95 111 65 127 166 200 
50 24 31 43 51 45 58 98 111 32 53 79 81 48 122 156 154 34 69 92 109 70 114 176 208 
51 32 33 47 58 36 83 85 132 35 54 73 88 60 107 143 170 38 59 92 105 79 136 166 219 
52 24 35 68 62 36 88 91 122 36 56 85 104 67 107 168 187 51 73 97 104 69 136 184 243 
53 17 31 47 60 35 71 102 112 36 49 68 75 51 90 127 153 29 71 85 111 69 116 170 184 
54 21 31 44 53 36 96 91 104 28 47 65 82 50 95 130 150 30 59 85 100 63 133 173 195 
55 21 43 42 60 32 77 120 110 30 53 98 83 58 131 156 196 38 63 89 111 83 127 173 198 
56 25 52 58 67 45 76 116 121 34 60 85 101 89 120 183 233 49 74 108 130 78 131 194 245 
57 23 44 55 54 42 78 111 122 31 58 89 89 71 105 157 191 38 72 100 131 69 120 175 228 
58 24 43 52 60 42 68 111 132 34 62 95 90 59 113 154 167 43 67 94 132 77 145 187 239 
59 19 49 45 56 36 62 107 107 31 68 73 92 57 117 164 208 36 79 93 107 79 136 174 230 
60 25 42 56 66 45 73 124 112 31 60 88 93 81 126 160 204 45 74 102 116 70 158 218 262 
