1 29 43 61 72 51 103 142 146 43 79 97 102 66 157 179 242 56 83 132 154 99 165 197 254 
2 26 40 58 59 45 102 104 148 33 73 86 94 74 122 171 186 40 75 104 133 88 149 235 273 
3 20 42 52 70 54 104 137 124 39 57 86 104 59 149 207 215 45 75 118 113 79 150 223 262 
4 30 42 51 58 51 82 93 119 34 68 76 90 69 137 165 212 43 82 97 134 86 146 214 260 
5 23 39 50 55 45 81 138 108 34 62 107 92 66 121 196 194 39 91 96 117 75 137 233 265 
6 50 55 69 87 74 97 154 215 48 74 107 138 86 155 235 255 55 91 137 173 116 180 246 307 
7 30 46 84 107 59 100 123 217 52 74 103 121 72 147 230 233 52 106 134 159 123 170 274 268 
8 33 51 73 72 67 109 120 159 43 68 91 98 87 170 206 243 55 83 118 141 117 185 273 267 
9 29 47 73 72 53 98 136 187 49 79 120 133 72 152 254 258 52 97 139 147 115 172 274 300 
10 29 56 69 79 57 130 127 165 42 86 137 118 74 174 227 256 50 94 120 160 94 205 248 287 
11 29 68 70 80 50 107 149 168 40 73 119 134 91 135 222 238 54 93 123 146 104 215 253 308 
12 26 44 55 70 49 81 129 155 41 69 98 116 75 129 172 209 50 91 114 120 80 164 205 270 
13 36 61 90 86 75 110 126 171 51 89 133 136 95 186 226 265 60 100 162 149 140 215 257 359 
14 42 53 71 90 63 96 148 141 51 90 103 125 82 135 210 222 49 86 132 140 101 196 233 341 
15 31 60 68 81 46 91 152 144 45 64 90 119 66 146 229 215 42 98 125 131 87 160 251 309 
16 22 43 55 56 40 82 104 159 30 58 89 100 62 104 152 219 46 77 110 117 68 144 200 229 
17 17 39 42 51 35 59 75 139 23 47 63 69 49 130 134 170 31 66 92 103 60 109 151 187 
18 18 33 37 45 38 61 104 115 30 53 79 78 52 115 181 145 34 60 81 105 69 116 178 223 
19 17 29 48 48 38 63 113 105 28 60 86 77 60 98 139 165 37 73 92 104 69 141 187 216 
20 21 46 57 87 43 100 124 156 41 67 84 97 69 108 170 181 38 67 104 139 85 139 214 225 
21 24 35 53 61 38 78 109 144 37 63 87 91 65 124 154 184 40 80 93 114 90 154 198 214 
22 26 39 52 78 47 77 112 136 44 66 87 103 73 127 186 208 41 69 99 125 73 137 258 221 
23 28 42 52 68 44 75 139 132 41 54 88 96 56 122 201 245 34 85 102 130 74 161 215 302 
24 24 46 56 72 51 84 103 136 34 73 78 88 62 161 174 207 40 79 106 115 84 130 211 253 
25 28 41 60 86 45 93 163 153 37 73 98 103 67 133 194 215 38 75 111 138 77 154 211 247 
26 22 44 56 59 49 78 126 170 36 64 81 114 66 114 160 182 44 83 99 113 81 148 223 241 
27 26 45 63 61 46 76 119 148 35 57 85 111 76 140 172 228 44 79 121 119 80 144 221 239 
28 29 52 57 91 52 85 153 134 38 59 93 100 69 133 169 218 46 74 111 133 80 148 213 269 
29 26 37 54 50 42 74 113 95 40 57 89 85 61 148 205 172 52 85 96 121 74 135 184 240 
30 27 37 59 67 38 76 125 195 32 64 98 105 57 119 181 209 44 83 108 135 71 163 200 260 
31 20 44 57 54 34 76 91 106 25 55 65 79 48 110 136 153 34 75 110 102 62 116 175 198 
32 14 32 47 49 43 64 76 84 30 49 63 72 47 93 135 136 35 54 93 101 62 119 177 219 
33 25 33 39 42 34 64 91 110 31 59 62 79 52 103 131 149 35 53 75 95 64 107 153 193 
34 18 36 54 69 51 80 88 108 27 52 67 82 55 105 140 173 31 59 79 106 60 112 152 190 
35 23 38 45 68 31 56 85 134 37 53 69 90 57 131 144 149 32 55 91 106 75 120 185 199 
36 22 46 59 62 39 76 108 125 37 49 81 92 69 101 177 189 38 73 106 112 80 136 180 219 
37 23 45 49 47 39 81 105 114 38 58 75 87 89 123 172 179 47 64 113 122 81 151 209 207 
38 21 38 54 65 39 102 117 113 32 66 91 81 61 111 170 179 43 66 101 133 70 134 180 214 
39 20 51 47 55 41 78 108 162 36 56 79 88 69 102 152 189 38 67 104 107 71 139 175 258 
40 18 37 71 54 38 68 77 146 28 49 79 79 56 112 147 171 41 66 102 96 74 135 203 210 
41 20 36 64 74 39 82 136 143 35 56 92 101 58 115 166 193 40 81 104 135 78 137 192 263 
42 22 35 50 59 46 58 97 103 33 52 79 80 54 95 142 180 37 69 94 103 67 132 183 231 
43 24 34 48 54 43 67 123 114 31 51 70 88 57 102 154 170 37 71 87 103 72 125 185 230 
44 23 44 54 77 36 85 126 135 34 59 88 115 61 135 178 182 39 66 110 146 67 144 217 269 
45 18 43 49 56 48 74 93 110 37 55 78 86 52 96 171 190 35 71 90 115 65 128 208 237 
46 17 40 48 61 43 62 83 140 24 44 65 80 50 104 134 157 34 56 86 91 63 107 149 192 
47 20 42 51 49 33 58 79 92 26 51 65 79 62 96 130 160 34 66 74 88 64 110 163 202 
48 24 26 47 42 32 65 84 84 27 47 62 81 50 94 135 148 30 58 85 98 62 111 145 182 
49 22 36 49 58 38 80 100 113 29 51 62 77 50 89 143 157 32 60 85 95 64 115 172 225 
50 19 30 48 54 40 84 110 183 24 56 81 93 47 101 149 197 35 56 85 107 67 116 191 223 
51 27 41 47 50 38 70 97 103 31 56 72 84 50 97 137 178 40 61 87 93 60 141 162 209 
52 24 46 47 56 35 90 94 124 35 52 76 107 52 104 164 161 37 76 103 107 67 148 194 218 
53 22 30 41 44 42 71 82 101 26 46 73 75 49 99 133 177 34 63 88 102 63 115 145 179 
54 23 32 43 48 32 66 102 99 26 55 66 70 45 98 122 152 31 56 91 105 68 106 176 192 
55 19 37 49 57 33 64 84 107 33 49 77 85 50 104 130 179 40 65 94 95 62 111 168 192 
56 23 47 67 82 43 79 126 130 35 59 92 86 59 104 171 191 50 76 103 120 70 159 191 244 
57 17 58 53 68 32 85 96 111 29 59 86 100 56 107 151 183 41 67 93 110 82 129 189 229 
58 25 47 49 71 38 82 108 114 30 59 86 82 59 117 157 195 42 64 93 120 70 135 194 219 
59 20 39 55 68 41 85 95 117 30 64 82 110 57 101 136 199 29 63 92 105 71 133 174 228 
60 31 42 62 76 40 73 112 138 33 57 89 98 67 122 163 180 40 81 103 109 68 145 201 249 
