1 26 48 55 84 50 69 116 151 37 62 87 90 77 143 185 189 40 86 117 127 78 161 204 254 
2 21 47 52 76 45 92 125 124 42 70 84 104 68 126 147 207 40 72 97 115 80 130 199 207 
3 28 37 53 81 46 72 99 140 33 57 83 101 67 129 165 192 42 79 100 108 93 159 209 221 
4 26 42 50 57 53 82 109 137 42 57 86 106 69 115 184 203 41 88 104 113 76 146 213 272 
5 20 35 47 58 42 86 86 118 36 55 75 83 61 121 178 211 45 91 99 113 86 142 191 231 
6 30 45 66 94 65 140 162 139 40 78 105 137 80 144 188 223 56 103 127 153 99 156 244 267 
7 27 57 69 78 66 94 153 150 38 68 115 103 78 154 199 195 56 89 112 134 96 172 242 259 
8 29 46 62 65 65 94 126 146 39 67 94 122 95 130 166 202 50 85 105 137 101 171 217 293 
9 38 58 69 110 55 94 156 182 53 78 100 120 73 147 214 229 55 100 135 134 107 162 235 280 
10 29 46 69 75 62 94 142 170 38 71 99 131 83 135 210 228 53 88 126 135 106 193 239 258 
11 40 42 61 83 48 88 114 197 44 88 107 126 73 132 195 221 63 83 118 138 101 163 218 324 
12 23 44 62 66 63 86 128 137 39 69 93 98 75 125 169 191 45 86 119 122 90 161 211 274 
13 33 59 72 84 76 99 134 163 49 81 126 144 93 171 248 235 62 97 140 186 101 231 280 338 
14 31 90 84 77 59 76 157 141 41 66 105 111 80 164 193 226 52 86 123 129 98 184 236 302 
15 31 46 69 75 52 97 167 153 38 70 105 109 75 137 177 229 44 85 115 149 74 163 212 295 
16 27 35 54 60 40 61 105 111 37 60 73 95 63 119 149 197 38 73 106 112 81 130 172 195 
17 16 30 33 43 36 63 89 88 28 45 60 72 48 88 136 156 35 64 92 89 67 98 181 192 
18 17 36 42 51 39 86 73 101 22 46 66 82 50 95 121 186 36 56 75 91 66 129 168 229 
19 16 33 43 50 28 68 86 99 27 48 68 89 50 88 145 177 32 69 82 101 79 135 156 180 
20 24 33 53 65 51 90 104 97 37 53 99 98 51 110 151 177 44 65 95 123 70 138 191 256 
21 24 48 55 53 46 74 99 126 32 60 76 98 62 100 149 169 39 77 87 109 69 160 186 226 
22 33 39 56 62 44 83 115 117 31 58 81 85 69 116 178 211 48 74 102 123 72 154 189 210 
23 28 43 64 71 35 67 127 120 31 62 74 84 78 103 155 216 41 76 106 116 70 159 178 223 
24 27 51 63 69 52 80 94 128 28 56 84 110 67 98 166 190 51 79 103 117 99 129 185 214 
25 25 40 56 67 49 87 125 148 39 65 98 105 82 137 170 241 45 74 130 138 89 128 227 255 
26 24 51 64 68 45 86 121 110 44 61 100 88 73 108 192 187 41 85 99 116 90 133 210 263 
27 25 38 45 83 38 73 127 112 31 71 82 99 64 114 178 192 42 80 105 124 85 135 196 247 
28 25 44 51 74 48 85 115 146 32 59 86 90 68 116 181 176 37 87 102 127 77 156 199 215 
29 24 33 47 57 41 77 89 108 27 59 73 97 65 112 152 162 37 65 111 130 63 145 185 240 
30 28 40 53 74 55 78 147 153 53 73 86 94 73 132 174 285 46 77 116 140 81 137 199 229 
31 24 32 46 52 31 67 86 96 26 51 66 77 48 86 125 148 32 59 81 105 58 104 188 180 
32 19 32 35 48 41 55 82 81 29 48 63 92 51 105 124 174 31 56 94 94 59 113 168 167 
33 23 30 37 44 32 54 92 118 25 55 66 70 61 86 127 203 30 52 91 83 59 113 149 157 
34 20 27 48 47 35 63 89 103 28 52 61 81 45 100 163 157 32 64 80 105 64 131 175 201 
35 18 35 47 46 47 60 96 113 26 54 71 74 47 100 130 164 39 59 93 107 59 108 168 214 
36 18 36 48 57 37 82 117 106 29 49 74 108 59 99 136 163 32 60 94 106 68 148 162 215 
37 24 38 58 62 40 80 97 105 33 50 70 91 57 105 156 170 37 68 92 104 71 134 184 236 
38 28 35 43 60 38 70 130 142 27 55 78 80 70 95 164 150 33 68 96 103 83 118 176 252 
39 19 45 56 52 40 84 109 101 36 62 71 82 59 123 147 191 47 76 100 115 70 133 190 215 
40 19 39 71 75 34 78 93 108 33 59 63 86 58 108 155 155 37 68 103 108 80 128 183 203 
41 23 39 66 71 42 87 103 129 38 66 83 107 66 121 164 217 48 75 102 121 82 144 201 238 
42 20 35 44 51 42 59 86 94 29 55 66 86 56 106 131 159 37 68 87 105 72 132 179 239 
43 25 36 47 54 40 77 103 142 36 66 80 93 71 102 181 175 42 71 91 127 69 145 192 208 
44 25 38 48 61 41 75 105 116 32 56 92 105 80 101 161 174 49 71 101 119 85 130 196 221 
45 21 40 53 53 36 61 130 119 28 49 73 94 56 100 168 181 38 65 99 119 58 122 180 249 
46 18 37 47 61 32 65 93 92 30 44 55 77 41 82 128 170 30 58 77 93 59 134 172 168 
47 20 34 41 52 31 61 106 90 27 47 70 81 45 115 120 168 32 70 92 99 60 120 162 204 
48 20 32 44 49 30 61 70 104 26 42 59 79 48 90 123 145 32 57 80 91 62 111 165 203 
49 15 33 50 46 44 59 102 123 26 50 67 76 51 97 129 183 38 56 87 94 62 113 176 231 
50 16 28 54 68 37 61 95 122 25 52 60 92 49 97 151 185 32 70 80 96 57 117 156 256 
51 25 39 47 47 30 56 96 104 25 51 67 86 48 92 152 176 31 63 93 103 79 124 172 198 
52 22 44 43 73 48 76 106 126 31 53 96 89 53 99 155 181 38 61 86 113 76 127 179 255 
53 25 31 53 52 40 51 92 95 30 57 61 75 55 99 125 165 35 59 80 98 63 109 158 177 
54 23 30 50 54 36 58 96 85 29 46 75 78 44 94 140 159 29 62 76 91 64 131 170 216 
55 16 39 55 52 35 66 103 113 33 53 89 90 60 101 152 182 38 66 93 102 60 114 172 201 
56 20 40 62 70 44 69 97 127 39 58 76 93 63 134 163 190 43 73 102 117 74 151 201 217 
57 21 38 49 60 33 59 114 139 34 61 86 99 53 92 160 179 44 67 87 124 75 118 172 229 
58 17 45 69 62 47 80 105 128 30 59 75 97 60 106 137 183 40 79 92 109 79 145 187 219 
59 27 31 49 58 39 76 83 104 26 56 75 84 46 110 127 167 36 69 100 117 71 126 156 214 
60 23 40 55 91 60 80 114 138 35 75 77 97 64 116 158 206 40 75 107 115 79 149 203 229 
