1 24 49 62 82 36 83 123 143 37 65 101 97 70 142 167 195 45 91 110 120 72 158 231 240 
2 32 39 48 61 52 76 96 134 37 55 79 115 72 112 170 220 60 72 113 127 81 131 251 226 
3 26 35 47 87 42 74 118 106 34 61 81 85 72 130 184 177 38 72 100 131 69 156 212 210 
4 20 45 55 65 52 78 117 110 36 59 85 94 58 150 210 185 41 70 95 120 73 155 213 238 
5 20 39 58 63 41 71 124 112 36 63 79 123 62 129 201 224 38 65 100 116 76 158 186 216 
6 41 51 77 78 60 84 110 140 50 72 117 129 66 135 205 275 51 86 135 159 105 225 228 252 
7 24 48 85 80 54 97 158 137 39 66 119 111 84 157 178 234 51 79 111 132 93 159 218 301 
8 39 47 61 82 50 113 115 174 39 67 98 105 98 127 176 202 43 81 116 127 108 160 205 227 
9 25 42 61 85 41 100 169 147 39 71 106 108 73 140 182 231 56 87 154 172 90 192 220 274 
10 28 45 75 66 51 98 134 134 40 79 112 121 76 161 227 259 59 92 123 153 104 208 263 311 
11 32 53 79 95 53 109 146 158 50 77 119 124 84 126 217 226 52 90 137 140 88 184 244 298 
12 32 46 71 72 58 76 95 122 33 76 87 110 66 145 186 217 75 82 101 125 80 176 232 231 
13 36 61 72 99 53 114 154 201 49 86 118 136 88 161 213 228 64 102 124 161 97 191 259 341 
14 30 47 75 73 75 105 135 141 46 70 110 116 73 156 194 222 52 78 123 133 116 220 246 295 
15 31 44 59 104 50 90 155 137 40 65 101 110 85 126 194 241 42 81 129 142 80 152 264 248 
16 18 36 60 62 57 102 95 108 36 55 76 96 65 107 167 195 35 64 90 125 78 127 217 271 
17 14 26 43 46 30 51 82 99 28 47 71 95 51 95 110 143 32 57 94 92 63 104 161 199 
18 17 38 45 69 31 59 87 146 24 47 60 70 43 92 134 144 31 68 104 93 61 113 176 201 
19 19 39 44 63 32 68 84 117 31 44 74 92 51 94 165 161 29 60 86 104 64 115 171 217 
20 25 41 48 58 51 70 97 137 36 56 72 117 54 129 171 177 39 70 95 107 78 145 196 264 
21 26 44 56 52 53 87 125 108 35 69 70 105 82 121 156 177 42 77 102 110 78 142 180 247 
22 24 46 50 73 49 63 105 136 34 69 103 99 61 115 148 259 40 65 114 105 80 124 207 236 
23 25 46 66 73 43 73 122 145 31 65 91 107 53 115 153 168 41 78 99 131 67 141 190 228 
24 21 37 48 75 40 69 94 143 34 60 70 106 68 114 157 203 36 66 94 116 74 134 180 228 
25 30 34 61 79 45 93 128 153 33 84 88 115 63 121 192 178 41 79 149 124 93 137 228 273 
26 24 35 62 56 43 74 104 154 35 69 83 87 67 137 147 203 47 73 107 108 76 152 262 205 
27 25 39 54 76 56 94 122 105 31 66 93 104 77 102 193 191 41 78 112 115 79 143 213 218 
28 38 40 49 59 55 67 130 130 34 65 74 103 69 110 175 190 43 72 112 107 64 145 203 259 
29 22 50 39 55 37 73 108 96 29 54 82 74 66 116 213 149 38 67 86 123 72 154 175 240 
30 22 42 67 80 51 72 114 128 39 66 77 102 65 129 180 219 41 77 112 134 74 162 209 238 
31 17 30 48 50 44 65 79 86 29 52 67 78 50 115 136 148 34 61 81 92 71 126 152 206 
32 14 30 39 51 33 57 75 95 25 45 70 74 49 83 129 185 36 53 96 95 55 101 171 236 
33 17 38 43 54 33 68 82 101 28 42 70 84 53 105 135 148 32 58 84 112 63 121 164 183 
34 18 30 56 61 42 79 94 88 28 65 61 76 50 117 127 151 33 58 95 96 63 133 198 195 
35 20 38 46 47 38 55 131 102 27 53 67 80 59 83 131 182 34 56 79 95 62 111 178 188 
36 24 43 46 60 35 75 106 133 37 60 74 86 48 109 158 200 32 63 91 102 66 130 170 203 
37 23 43 46 67 48 76 88 110 30 55 77 100 52 111 139 167 37 62 94 114 83 125 213 222 
38 31 43 50 63 51 77 97 115 30 53 75 97 61 130 155 173 38 70 86 100 79 137 173 223 
39 21 36 44 61 45 74 91 107 32 59 71 79 66 108 160 176 37 66 85 104 77 136 188 207 
40 17 29 58 50 34 62 97 130 30 52 77 89 60 105 144 168 39 64 89 115 66 124 185 220 
41 23 44 51 70 40 93 120 150 32 64 103 110 55 116 171 182 42 70 102 115 73 131 230 268 
42 22 41 48 49 35 59 83 126 32 59 81 77 54 94 156 150 40 61 84 100 77 131 175 211 
43 19 44 50 49 38 70 96 95 26 49 79 83 64 108 175 169 36 71 88 103 74 119 171 231 
44 20 48 56 69 44 78 103 122 32 56 82 89 66 111 160 224 40 74 120 132 70 132 214 250 
45 23 40 56 68 41 72 99 123 26 63 76 96 48 96 140 174 39 72 92 106 75 115 191 195 
46 17 32 45 44 30 77 114 102 30 48 63 79 43 76 139 169 31 53 90 102 65 123 146 200 
47 17 33 46 55 41 72 97 117 23 44 68 97 52 98 127 127 32 56 83 99 66 108 190 184 
48 23 28 46 43 37 55 97 91 27 53 62 74 44 97 132 148 36 62 76 85 58 118 192 202 
49 19 30 42 48 43 111 127 131 26 49 68 76 47 91 129 158 37 67 83 107 69 125 179 239 
50 16 50 41 55 36 72 92 103 26 51 65 99 58 104 190 182 37 59 82 87 65 111 168 249 
51 24 35 48 56 30 82 80 113 28 53 77 93 72 109 142 173 34 66 77 89 61 136 168 191 
52 25 36 62 55 42 64 120 105 35 52 70 95 61 131 158 164 37 72 101 113 64 123 198 229 
53 16 35 42 50 35 77 101 124 28 44 62 67 54 102 116 147 35 55 86 87 64 117 208 190 
54 21 39 38 48 40 67 75 109 32 59 58 72 42 98 142 147 34 58 93 93 60 112 150 175 
55 22 45 46 54 42 59 82 116 30 49 66 82 58 119 167 161 39 59 83 114 64 115 180 220 
56 26 51 71 75 60 106 102 122 33 57 85 85 75 116 160 182 41 70 107 124 79 145 178 224 
57 22 52 50 62 41 97 83 118 27 49 71 97 63 100 141 189 38 75 98 110 59 130 187 240 
58 21 40 54 59 37 90 108 113 37 72 73 90 58 115 171 199 37 61 100 112 68 131 195 214 
59 21 37 50 60 35 72 89 126 33 51 82 95 60 111 142 169 37 62 108 104 62 127 177 230 
60 23 34 57 62 44 69 142 128 32 70 77 100 67 120 180 209 38 88 106 114 66 136 200 254 
