1 35 43 65 75 47 69 117 113 49 71 99 109 72 130 165 183 39 80 96 147 89 171 211 269 
2 33 44 49 53 40 97 103 123 33 65 94 97 63 125 156 209 54 74 101 111 80 145 198 240 
3 21 40 52 59 43 83 100 108 32 57 88 106 76 124 171 188 44 75 101 130 86 163 193 223 
4 21 45 52 67 38 72 105 124 34 64 83 89 81 102 181 192 42 74 111 121 90 169 173 278 
5 30 51 54 62 46 68 129 109 34 54 80 110 66 103 157 184 40 65 90 133 70 136 190 237 
6 29 40 64 90 57 107 117 157 38 74 110 117 75 165 212 234 53 94 136 162 86 162 254 258 
7 29 46 78 72 72 112 139 149 41 92 106 114 76 131 193 213 55 99 112 134 94 179 233 258 
8 26 55 58 65 50 93 108 120 40 66 91 98 76 162 194 206 50 75 109 129 112 163 216 239 
9 34 63 94 75 48 103 139 128 58 96 96 114 81 178 181 215 51 96 122 145 103 184 231 253 
10 33 52 82 93 53 99 128 145 44 73 115 122 90 152 220 216 57 96 123 143 102 185 225 277 
11 29 41 89 68 52 101 152 155 47 82 106 143 75 161 197 228 54 90 128 164 103 176 277 339 
12 24 35 62 63 48 95 131 150 40 61 89 110 64 129 154 216 49 82 114 105 88 144 229 252 
13 36 56 92 91 52 93 136 142 51 78 133 127 86 158 221 281 56 110 124 159 116 197 265 295 
14 36 49 72 96 59 86 184 166 42 78 95 120 92 135 208 212 55 88 124 166 107 180 233 264 
15 24 44 57 72 46 91 110 133 34 61 103 105 74 125 207 245 43 83 117 138 106 167 230 283 
16 20 31 57 63 36 73 91 128 32 52 82 94 64 126 133 210 39 65 94 112 78 143 209 222 
17 16 33 52 48 30 65 125 100 35 52 65 70 54 91 113 161 39 62 78 97 51 146 170 194 
18 18 35 41 48 44 67 84 124 28 41 89 70 53 104 134 182 29 60 85 103 59 112 145 213 
19 21 30 47 51 39 72 78 98 27 44 77 89 60 87 128 153 40 58 84 96 57 124 166 197 
20 27 40 55 62 42 66 108 155 37 65 84 92 65 121 153 192 45 79 97 126 83 120 210 272 
21 22 37 62 53 36 89 115 107 32 53 85 113 70 118 193 190 41 81 93 110 73 147 200 218 
22 18 46 57 57 45 79 113 138 38 56 77 86 58 98 163 181 48 83 90 131 79 126 210 212 
23 23 41 59 82 45 75 95 141 27 72 91 97 63 111 158 181 41 69 107 133 93 140 233 214 
24 24 42 50 70 46 77 86 107 32 68 80 97 82 112 150 178 40 71 99 101 76 142 189 221 
25 24 44 50 74 48 78 116 130 36 62 104 103 57 152 145 198 50 79 105 111 73 133 200 269 
26 29 52 68 72 38 94 144 112 36 69 87 92 75 129 158 179 46 70 101 119 82 155 196 216 
27 27 41 51 60 60 64 105 145 38 63 94 92 75 116 169 190 48 80 97 134 83 154 199 257 
28 25 40 58 75 52 106 146 114 33 56 82 110 62 117 187 212 43 72 105 116 69 138 206 265 
29 17 36 43 47 46 63 108 123 30 56 82 81 66 114 140 191 34 71 92 118 76 119 202 192 
30 23 41 60 81 37 85 111 141 32 77 100 122 56 120 179 233 46 78 102 130 85 137 233 260 
31 18 28 45 43 34 83 83 98 30 43 62 72 54 112 130 154 32 53 78 97 69 124 169 181 
32 14 29 35 56 48 58 70 115 23 44 62 76 50 102 158 138 29 54 77 93 55 131 138 187 
33 25 29 44 44 32 79 82 133 28 43 86 62 61 95 111 184 26 56 77 82 63 126 159 163 
34 20 32 55 51 32 70 86 163 28 62 64 102 55 113 135 168 33 60 88 116 66 123 180 196 
35 23 34 53 52 36 71 92 149 26 54 74 99 48 103 132 168 32 56 80 88 77 120 164 209 
36 25 32 57 59 45 64 102 100 33 56 84 99 47 111 168 167 32 77 92 117 69 149 187 204 
37 26 31 44 59 31 71 97 114 30 60 82 89 48 108 155 188 33 72 90 125 70 129 182 223 
38 29 57 80 53 40 84 90 136 34 60 76 96 58 103 154 145 36 66 94 116 77 135 168 259 
39 27 40 57 64 43 73 91 113 33 49 64 91 55 105 148 167 47 60 106 117 70 150 187 204 
40 27 33 46 54 32 70 102 104 29 57 79 86 59 124 181 173 36 72 99 123 67 124 193 215 
41 24 49 64 74 35 77 107 129 45 58 86 109 62 127 162 212 35 71 95 116 96 144 205 250 
42 21 35 44 59 36 66 91 97 33 54 74 78 60 112 133 162 35 72 91 112 68 132 168 232 
43 21 34 52 58 39 69 96 112 34 60 80 105 66 111 133 203 41 67 97 118 82 158 177 226 
44 23 40 59 74 52 71 137 133 34 64 72 99 80 118 185 198 48 85 103 113 76 129 214 236 
45 22 34 52 65 43 59 133 112 30 58 83 92 58 119 135 153 40 68 102 115 72 151 204 210 
46 19 44 50 48 44 66 109 123 27 51 67 86 48 98 132 196 30 69 81 90 61 121 177 176 
47 22 45 45 45 33 70 93 100 31 43 61 81 53 94 128 158 38 60 80 88 65 101 150 189 
48 18 32 51 45 32 51 78 100 25 46 63 83 44 87 139 162 32 55 79 100 55 107 156 202 
49 24 34 58 57 51 101 87 112 24 47 83 76 46 103 147 151 37 55 92 95 70 112 205 195 
50 14 35 37 48 49 58 93 97 25 54 61 80 48 91 138 180 28 72 78 86 74 142 186 225 
51 24 33 42 69 32 70 94 114 31 56 77 87 57 100 148 144 35 60 93 94 68 117 169 242 
52 23 44 53 72 32 81 100 120 27 64 81 89 53 99 142 175 39 66 87 108 59 128 182 211 
53 24 42 44 58 40 81 78 108 25 42 65 81 56 95 127 142 34 60 76 101 72 95 151 173 
54 18 34 46 45 40 66 83 105 26 47 75 76 51 97 150 139 32 57 82 93 58 118 155 200 
55 23 44 47 50 34 74 104 94 30 58 74 80 56 89 133 166 35 72 90 96 64 120 170 202 
56 24 51 59 78 41 100 130 123 34 52 79 87 51 110 145 165 45 76 94 127 74 135 194 232 
57 23 31 55 54 43 76 105 109 32 60 84 84 61 114 162 174 36 61 100 106 73 117 178 224 
58 20 37 53 67 48 105 112 116 31 56 76 104 58 100 156 205 42 64 100 126 79 134 184 217 
59 18 27 38 53 46 78 121 129 27 68 64 97 60 102 159 194 37 63 89 104 64 124 215 246 
60 22 35 57 74 39 84 117 135 30 54 95 98 58 121 170 178 44 80 107 118 72 130 207 224 
