1 27 41 59 68 52 91 109 143 38 65 91 95 77 161 169 180 39 79 98 121 79 163 222 246 
2 26 43 52 70 44 70 100 162 34 64 81 108 74 122 154 197 39 74 103 119 83 161 186 256 
3 33 41 55 70 37 78 104 121 37 64 73 90 60 143 148 211 45 78 108 119 84 156 194 207 
4 23 41 55 59 50 61 100 132 37 62 76 95 58 140 145 183 42 80 117 106 79 127 212 232 
5 28 37 49 51 39 82 116 102 35 70 88 93 61 107 178 230 42 79 104 114 69 129 179 215 
6 30 52 81 86 77 99 141 157 38 82 114 116 70 157 197 225 62 89 137 158 94 165 259 266 
7 30 56 88 84 58 98 159 162 43 75 107 131 73 141 167 224 47 92 116 150 89 171 231 289 
8 31 50 63 62 63 81 131 147 38 67 93 126 83 167 191 197 50 89 117 130 125 155 221 246 
9 31 61 64 101 68 91 140 177 39 66 109 119 88 135 217 217 50 90 123 148 94 172 260 334 
10 27 58 59 76 59 90 125 162 49 73 112 105 72 175 184 226 48 88 145 150 97 165 317 336 
11 31 62 63 78 46 102 142 148 41 78 110 143 89 152 222 214 65 82 136 139 93 170 238 294 
12 31 43 59 58 57 86 96 163 35 68 83 120 76 117 166 209 54 82 110 136 91 157 192 254 
13 27 59 85 101 53 104 173 196 46 98 137 130 85 147 247 221 53 94 138 144 96 210 266 318 
14 28 42 74 101 47 90 147 144 48 75 114 128 91 149 193 223 56 93 119 130 117 178 212 316 
15 24 57 61 69 63 94 119 136 43 64 94 120 68 160 195 229 50 82 102 150 86 148 226 277 
16 21 46 57 61 39 81 92 118 37 59 82 99 64 100 155 177 33 79 86 120 70 133 179 228 
17 23 31 33 47 28 59 108 87 28 47 64 74 40 87 139 174 30 56 81 78 58 106 203 172 
18 22 37 45 46 32 57 79 89 25 46 77 97 46 86 143 166 32 58 105 91 60 123 164 229 
19 27 39 49 47 30 75 86 121 32 63 69 88 51 84 146 163 37 56 73 116 62 111 170 199 
20 25 43 48 68 41 65 123 128 32 52 97 111 78 113 184 191 37 74 111 108 74 131 192 233 
21 23 42 56 59 48 76 95 116 34 64 81 101 60 110 154 181 39 81 87 112 75 136 170 262 
22 22 41 48 56 44 71 97 134 30 56 90 95 58 130 144 174 39 65 100 109 71 141 206 239 
23 31 37 51 59 60 78 104 103 28 63 99 85 60 118 158 176 33 72 139 121 80 144 229 233 
24 24 38 60 60 42 62 107 125 27 59 99 100 57 99 164 194 47 66 102 120 73 136 173 208 
25 28 45 51 95 39 87 107 182 31 62 86 101 78 112 195 189 43 70 100 117 87 149 191 271 
26 23 47 55 79 52 85 110 130 36 58 78 100 71 119 160 184 39 93 100 116 85 147 182 255 
27 20 48 64 57 40 80 99 149 34 67 81 111 55 140 204 176 46 72 98 137 72 146 235 239 
28 24 40 68 61 60 71 127 172 53 62 81 99 78 127 169 200 45 72 92 137 72 149 210 302 
29 28 32 45 49 41 72 84 116 46 53 79 81 68 105 143 181 37 64 97 111 72 130 213 243 
30 27 41 66 57 62 98 119 159 36 66 96 114 85 124 192 194 36 82 140 136 77 142 194 279 
31 16 29 49 53 30 56 97 132 26 50 64 80 52 89 124 190 34 58 84 105 72 123 177 238 
32 14 29 38 54 30 70 72 94 27 43 58 76 54 86 187 149 29 53 75 92 49 108 158 178 
33 16 39 45 40 33 65 91 105 28 44 60 73 51 93 112 157 32 54 99 82 74 114 175 150 
34 17 36 49 48 37 65 85 118 27 52 62 79 49 96 144 182 34 60 88 111 60 115 169 193 
35 16 34 43 55 33 68 101 109 26 48 76 84 50 96 144 205 39 73 80 98 59 110 149 235 
36 16 42 52 61 49 60 88 122 33 51 69 104 64 98 167 164 40 67 97 104 67 116 179 215 
37 21 36 57 64 47 68 121 133 30 60 75 82 66 117 134 196 35 70 87 110 83 127 174 226 
38 25 41 55 50 45 70 86 123 32 49 95 82 50 122 142 172 40 72 95 105 79 139 167 252 
39 20 41 44 58 48 71 143 98 38 53 70 92 61 122 139 207 53 66 86 116 76 126 217 217 
40 21 34 49 57 38 75 97 96 29 52 76 84 54 113 138 155 39 76 97 95 71 127 182 219 
41 25 38 64 73 37 91 137 139 31 59 106 99 58 112 177 203 37 82 121 110 79 137 198 223 
42 18 40 50 67 35 64 92 98 31 48 80 78 56 107 148 180 34 65 91 105 75 135 201 208 
43 20 33 41 63 42 70 95 106 34 55 87 101 56 139 169 195 42 70 103 122 80 137 172 212 
44 20 40 57 63 43 90 112 138 35 66 89 111 64 117 162 223 47 75 104 117 73 132 192 230 
45 21 43 62 65 43 67 113 118 30 52 82 92 57 113 150 189 33 74 87 108 66 131 194 190 
46 17 34 39 67 37 71 80 104 33 45 79 70 50 103 121 142 31 59 75 95 69 98 151 209 
47 18 35 62 50 40 68 81 104 29 47 73 97 53 92 125 154 31 67 73 93 69 135 165 207 
48 15 31 42 44 38 48 80 87 28 50 66 80 52 82 143 149 29 56 83 92 59 104 174 176 
49 16 34 48 64 36 62 97 134 28 52 77 79 48 91 163 174 32 65 97 113 55 129 186 223 
50 18 27 53 49 42 64 67 109 30 55 62 71 52 93 154 152 36 52 95 96 55 111 190 194 
51 17 35 50 57 34 62 90 94 30 60 65 90 62 87 150 176 42 78 86 100 69 113 178 176 
52 23 43 56 60 42 78 139 116 29 62 80 88 58 98 155 202 41 66 103 113 63 146 174 234 
53 17 43 57 51 30 56 77 117 26 54 68 75 48 95 133 158 36 60 87 94 57 105 177 196 
54 19 39 42 47 31 68 76 89 26 48 71 74 43 88 129 165 35 56 79 90 67 105 156 208 
55 17 41 49 56 48 70 104 114 29 48 72 77 71 98 127 173 42 62 90 95 83 122 176 197 
56 25 40 67 65 53 98 105 127 36 59 94 104 59 128 183 198 38 70 102 108 84 156 200 225 
57 23 37 50 65 57 92 120 127 33 57 74 91 61 124 159 176 33 71 82 112 74 118 166 208 
58 22 40 57 62 47 75 95 121 29 56 78 115 54 122 177 180 39 62 109 116 74 141 187 204 
59 19 40 48 50 37 56 83 126 33 49 77 89 67 111 140 175 45 55 86 118 73 118 166 229 
60 21 42 63 71 55 76 129 153 28 61 85 99 60 125 161 233 36 85 112 115 78 160 202 232 
