1 26 41 55 83 55 78 154 116 38 61 100 91 77 140 161 193 42 77 100 144 93 157 218 257 
2 21 34 56 63 46 73 111 131 34 62 91 91 60 126 181 192 41 71 95 106 83 144 193 216 
3 21 49 48 65 50 84 124 144 36 54 83 98 60 140 161 178 37 83 93 109 77 153 197 209 
4 31 44 59 79 36 90 110 146 34 65 92 88 75 116 168 158 48 74 105 120 74 147 175 242 
5 25 42 47 75 41 83 106 146 31 62 92 87 63 122 156 220 40 68 88 127 90 145 207 214 
6 35 65 58 81 56 119 131 159 36 76 102 120 93 151 221 236 53 103 124 146 88 196 229 297 
7 30 68 72 78 57 102 176 138 46 74 98 122 68 133 183 213 49 88 129 136 87 157 222 263 
8 31 52 58 59 53 75 100 115 39 67 99 119 86 134 166 192 52 88 114 145 123 159 237 277 
9 25 45 76 101 63 96 114 131 44 81 111 135 71 135 232 243 53 82 137 171 87 199 242 287 
10 34 43 73 80 48 101 155 153 52 73 107 108 76 147 213 233 46 91 153 153 87 194 242 271 
11 30 48 62 91 50 110 115 179 41 71 121 116 96 138 190 269 51 96 127 156 97 180 260 282 
12 28 41 62 68 48 77 115 135 38 68 79 99 83 117 186 242 47 88 99 134 80 140 210 230 
13 32 58 95 110 60 109 131 141 41 85 123 121 98 184 240 251 48 99 149 181 102 188 302 336 
14 25 43 83 69 56 100 147 165 50 82 105 116 71 136 206 258 53 116 138 135 79 165 234 354 
15 22 42 68 79 47 80 128 136 51 79 100 103 76 160 186 225 47 89 114 158 74 164 257 291 
16 20 36 51 58 42 65 88 146 36 58 82 94 60 122 131 168 33 77 96 110 72 146 221 208 
17 17 27 39 49 46 68 92 81 32 61 56 71 43 110 138 160 28 51 86 90 52 133 158 185 
18 21 28 46 42 31 59 85 95 30 44 79 69 47 91 147 160 34 59 80 92 61 131 149 206 
19 18 35 53 59 30 64 97 105 33 53 70 84 68 118 130 155 31 53 86 100 57 118 171 203 
20 23 36 55 56 36 75 126 123 34 56 87 103 53 103 171 186 39 71 94 120 69 142 192 218 
21 21 40 47 52 44 70 92 135 34 64 72 101 54 115 165 176 35 71 122 103 74 121 215 205 
22 30 34 52 77 36 82 112 137 31 63 77 84 71 112 154 187 39 80 91 124 69 131 228 199 
23 24 42 66 67 50 76 136 123 37 53 90 95 62 143 161 192 34 69 103 118 67 120 205 242 
24 30 41 49 54 36 74 108 106 30 64 73 82 60 113 144 170 39 73 113 110 88 129 173 211 
25 23 49 69 70 39 95 104 129 34 60 88 98 68 126 179 211 40 80 115 129 72 156 237 261 
26 24 39 51 72 45 93 105 143 36 69 81 98 66 108 154 179 47 70 96 111 73 146 177 255 
27 26 34 53 58 51 116 99 149 48 68 83 87 62 123 143 202 43 68 101 123 87 147 239 263 
28 24 56 63 53 39 76 109 117 42 60 82 98 72 121 149 207 40 77 103 120 66 156 251 213 
29 19 39 47 45 35 74 92 93 24 68 99 81 64 93 143 210 45 71 83 103 69 135 195 232 
30 27 48 58 62 55 83 123 152 38 60 92 97 65 103 206 249 44 80 118 123 82 145 219 232 
31 20 38 40 67 27 56 72 99 29 45 56 80 47 101 151 179 39 57 85 116 67 109 155 188 
32 18 33 38 38 31 75 68 109 25 58 73 88 52 81 126 143 37 65 72 104 55 121 152 204 
33 20 29 40 50 38 72 85 88 23 44 71 75 59 99 125 130 33 65 70 87 73 115 152 160 
34 20 28 46 48 34 53 102 102 29 46 62 87 50 92 183 166 33 70 88 113 84 118 172 177 
35 14 35 48 72 38 88 98 113 29 51 82 81 48 94 132 158 35 54 80 92 59 118 158 190 
36 21 32 51 64 50 60 86 119 33 50 74 94 62 106 165 181 38 73 94 104 74 123 175 212 
37 22 34 45 62 44 65 104 122 31 55 71 101 57 102 139 180 37 68 92 105 62 134 179 231 
38 30 37 50 65 49 75 122 117 31 63 68 87 66 112 159 185 43 73 104 99 72 126 168 210 
39 25 38 55 56 45 76 91 99 30 64 72 82 60 99 161 174 36 78 94 106 72 153 187 218 
40 22 30 43 52 46 79 113 155 38 50 73 93 53 127 217 168 38 61 93 99 73 136 195 214 
41 28 39 60 62 55 81 134 153 37 68 86 100 64 107 154 185 36 76 99 122 84 136 218 274 
42 23 34 52 51 36 63 84 91 31 62 80 103 55 97 135 170 36 71 87 100 70 131 186 224 
43 18 45 44 75 38 80 95 115 28 53 97 92 65 112 143 165 38 63 99 112 69 163 188 199 
44 28 36 72 74 41 78 110 115 32 64 78 93 58 115 171 190 39 72 96 103 70 130 188 233 
45 26 34 53 68 40 72 106 107 28 54 69 96 52 109 145 169 38 66 88 116 63 120 198 242 
46 28 31 41 73 39 70 100 90 23 51 60 75 51 93 130 169 27 51 83 96 51 108 153 216 
47 22 29 48 51 35 59 119 86 28 46 66 81 40 86 123 140 31 56 89 91 63 117 173 190 
48 16 29 47 46 32 53 74 100 24 51 65 74 48 88 132 148 34 60 78 93 61 102 160 179 
49 19 36 58 59 34 61 89 137 28 61 63 93 46 98 151 160 33 59 86 88 70 126 201 188 
50 17 34 62 52 29 55 79 96 28 43 81 82 46 99 131 139 33 65 86 96 74 123 196 196 
51 27 32 48 50 37 55 91 104 28 52 69 83 49 100 146 162 30 69 79 110 66 128 183 205 
52 21 42 61 55 42 81 102 129 28 57 77 105 55 112 153 172 38 72 89 119 63 124 171 206 
53 18 31 41 55 37 74 84 119 27 50 68 78 45 103 134 144 33 61 74 94 56 112 154 216 
54 18 31 40 54 33 56 97 123 26 48 79 76 56 88 123 162 33 63 74 87 70 109 161 182 
55 20 31 62 68 35 85 90 120 23 67 72 87 58 94 151 169 37 64 93 92 63 113 170 223 
56 28 36 60 59 40 80 98 126 36 65 91 89 61 130 164 197 36 68 111 127 63 142 206 228 
57 19 47 54 55 53 62 115 144 29 51 75 86 66 97 149 179 39 67 116 118 66 129 194 243 
58 25 44 61 59 40 72 104 141 32 51 80 94 57 103 175 163 34 76 96 106 67 137 204 219 
59 17 35 57 55 32 57 82 102 27 52 65 96 62 139 142 165 32 61 100 111 66 135 170 197 
60 28 46 68 61 41 83 96 142 33 54 76 107 70 138 187 181 44 81 104 119 75 134 203 217 
