1 25 43 59 64 49 80 100 143 31 67 94 95 77 110 154 204 51 77 110 125 96 179 219 268 
2 20 43 62 62 44 103 105 103 36 63 87 95 73 106 182 200 42 74 98 117 76 177 184 230 
3 28 46 58 88 41 70 98 112 33 58 94 91 62 117 171 177 44 81 99 111 85 166 193 222 
4 23 53 51 60 42 67 116 138 40 54 87 100 67 121 188 162 40 71 95 136 76 139 192 253 
5 20 35 51 63 37 71 111 99 35 54 85 89 60 106 141 164 40 79 90 104 81 138 192 213 
6 34 45 80 78 57 106 148 181 48 74 116 118 74 148 190 219 53 82 148 145 101 191 234 275 
7 22 42 55 84 49 85 120 165 36 66 82 115 80 167 213 207 58 82 106 122 101 205 228 242 
8 32 48 48 67 50 76 118 150 44 65 98 124 75 154 182 185 48 85 109 146 92 170 200 237 
9 34 44 95 100 43 119 122 153 47 74 95 104 94 153 215 205 55 90 137 148 105 185 251 309 
10 36 54 77 74 58 105 149 147 39 78 120 114 87 145 252 216 53 87 140 139 104 175 327 352 
11 25 54 81 90 64 113 148 226 41 78 105 113 76 140 190 297 79 83 142 132 95 162 259 304 
12 33 45 60 68 54 70 136 146 35 56 82 92 82 118 159 233 40 93 122 126 91 151 218 275 
13 24 58 66 89 56 98 162 190 46 78 109 139 102 154 231 277 50 90 132 172 109 190 273 295 
14 25 61 71 72 54 99 140 166 38 75 107 119 88 125 232 260 48 92 121 139 97 162 228 260 
15 19 39 63 69 49 95 144 175 36 64 96 111 78 147 233 237 40 79 109 123 82 156 256 264 
16 20 30 50 63 31 77 104 117 37 55 84 94 61 99 154 164 44 70 91 119 69 130 178 198 
17 15 32 36 50 30 79 78 87 26 49 66 78 48 90 135 183 29 57 86 122 62 100 135 175 
18 19 41 38 57 44 55 86 97 31 47 59 75 56 102 182 165 36 58 101 106 79 121 145 232 
19 17 36 58 52 31 67 75 119 33 49 69 105 47 118 132 165 34 68 77 102 60 113 170 188 
20 27 33 52 55 50 75 95 142 28 60 76 115 52 114 144 218 34 69 104 110 80 139 216 253 
21 26 43 52 68 39 75 118 129 29 63 85 90 69 109 153 192 44 70 88 118 77 124 191 234 
22 21 35 54 74 59 86 115 140 35 59 72 100 63 103 178 182 55 79 98 115 86 145 203 243 
23 25 36 54 61 36 68 117 142 31 55 92 87 64 112 144 179 34 78 95 117 79 134 184 237 
24 23 39 51 69 51 69 88 111 28 51 81 92 61 102 139 186 41 72 91 119 69 146 218 215 
25 29 44 52 64 45 101 123 134 40 68 90 121 72 116 175 194 40 83 95 136 75 157 221 219 
26 22 39 50 53 49 87 112 153 34 67 84 102 71 114 178 186 45 67 112 123 74 133 190 225 
27 25 39 53 62 40 85 119 124 35 58 93 90 70 134 170 209 52 83 97 126 78 139 226 242 
28 28 47 59 64 46 71 124 134 29 56 87 102 69 111 150 211 36 70 98 113 77 150 197 250 
29 24 38 52 49 33 98 98 92 35 61 77 101 66 100 149 172 35 62 90 103 72 121 187 242 
30 28 36 65 69 45 74 143 146 47 61 90 123 80 144 199 194 49 84 113 138 80 133 201 248 
31 16 42 43 53 54 76 78 92 25 43 82 75 50 86 143 153 35 57 81 98 57 128 163 177 
32 17 31 34 41 33 69 92 99 27 44 61 73 49 86 134 159 31 54 80 80 65 102 189 238 
33 17 42 36 41 26 46 73 90 30 46 56 63 49 89 124 165 33 59 73 81 55 126 137 161 
34 18 36 39 45 35 62 99 149 26 49 67 81 54 97 155 175 34 62 87 97 59 115 160 186 
35 21 35 51 63 32 75 78 114 31 55 79 77 53 111 140 182 33 56 79 95 59 116 183 198 
36 17 39 52 61 29 67 102 135 34 50 72 82 62 92 176 194 35 67 88 106 66 138 182 189 
37 20 31 49 55 38 59 110 138 34 47 81 86 53 98 138 177 41 60 97 112 68 144 172 207 
38 20 53 52 55 40 69 86 126 32 62 74 101 70 96 146 175 39 79 94 114 71 121 214 222 
39 18 41 47 57 52 85 89 128 34 71 72 92 65 121 150 171 45 63 98 110 82 145 191 200 
40 19 36 57 58 36 75 89 98 32 54 74 92 50 107 150 168 34 80 87 120 60 114 236 331 
41 21 38 51 61 54 80 135 149 38 63 83 137 75 129 183 190 47 69 108 126 83 131 196 233 
42 21 45 36 58 43 76 91 91 26 55 76 84 52 126 137 190 40 65 89 104 67 126 171 200 
43 22 38 54 53 45 68 91 104 32 52 89 92 52 111 142 168 45 68 87 111 76 132 190 248 
44 25 46 57 60 43 72 101 181 43 72 77 91 57 111 162 198 40 74 111 117 89 141 227 234 
45 17 41 44 64 39 61 92 123 33 50 82 80 59 119 150 168 34 65 92 100 69 145 192 198 
46 16 32 56 51 30 60 101 124 28 49 65 75 43 103 118 137 29 53 83 103 55 117 167 171 
47 24 38 47 60 37 61 105 92 28 50 64 68 51 91 135 153 35 64 85 105 58 109 168 191 
48 21 37 45 66 28 61 76 130 27 43 62 86 59 82 150 139 34 55 73 90 57 118 156 186 
49 25 36 50 51 39 55 98 155 29 50 84 90 50 84 150 145 32 58 89 111 59 114 187 249 
50 21 28 39 50 44 53 83 97 29 51 77 81 52 98 140 154 28 65 77 95 57 119 191 191 
51 27 33 59 48 44 54 86 92 30 52 65 81 59 96 188 156 32 71 88 105 88 110 172 188 
52 23 38 56 96 40 77 89 159 32 51 75 92 50 105 143 205 38 65 99 104 68 127 195 282 
53 16 36 49 57 45 54 87 87 25 46 68 74 57 96 147 144 35 59 77 99 64 111 155 182 
54 18 29 41 57 42 66 80 93 29 61 65 79 48 104 114 155 35 61 90 88 72 106 183 203 
55 25 44 48 67 38 64 115 105 28 47 71 83 59 109 152 209 36 56 84 103 66 118 188 203 
56 28 40 45 57 48 87 125 107 31 56 86 102 71 102 144 197 43 76 105 136 72 132 196 269 
57 20 36 49 74 54 80 130 116 26 62 78 88 54 119 149 191 40 70 98 102 67 122 206 217 
58 23 33 45 64 50 76 104 134 33 50 82 92 56 118 191 183 36 74 86 110 79 150 178 219 
59 24 29 53 47 31 70 109 99 30 51 70 80 57 116 134 179 31 60 83 106 69 129 164 246 
60 27 44 63 78 43 89 116 126 38 62 96 96 62 109 148 196 38 74 98 133 69 149 194 228 
