1 12238.1 
2 11473.8 
3 13295.8 
4 13691 
5 17309.1 
6 12707.1 
7 9572.5 
8 9831.8 
9 13540 
10 9455 
11 11684.3 
12 12347.8 
13 10349.9 
14 8073.2 
15 12240.7 
16 10799.7 
17 9826.8 
18 13461.4 
19 9996.8 
20 10990.6 
21 9187.2 
22 9047.5 
23 12021.6 
24 9686.9 
25 11670 
26 12961.7 
27 13733.5 
28 8401 
29 11855.9 
30 12411.3 
31 16786.5 
32 11968.9 
33 15418.6 
34 11018.4 
35 10776.6 
36 13426.6 
37 16568.6 
38 16475.2 
39 12901.3 
40 14711.8 
41 17234.7 
42 13945.9 
43 12547.8 
44 13183.2 
45 8499.7 
46 12088 
47 12210.7 
48 13330.6 
49 9643.8 
50 11771.4 
51 11801.7 
52 16825.8 
53 14475.2 
54 18235.5 
55 10222.2 
56 17110.8 
57 13101.5 
58 8739.1 
59 14204 
60 12238.8 
61 10149.3 
62 10010.9 
63 12572.3 
64 16803.9 
65 18718.3 
66 13538.1 
67 19938.3 
68 12415.4 
69 11244.1 
70 13401.7 
71 16283.9 
72 10890.9 
73 11094.1 
74 13707.6 
75 10288.1 
76 15177.2 
77 10642.1 
78 13476.8 
79 12224.9 
80 18424.3 
81 9696.1 
82 9823.8 
83 11968.6 
84 10253 
85 12679.2 
86 15118.6 
87 13090.3 
88 15187.8 
89 12467.9 
90 15775.2 
91 11616.4 
92 10994.2 
93 12169.5 
94 12460.7 
95 14206.9 
96 12034.3 
97 10933.3 
98 11956 
99 8070.3 
100 11766.1 
101 11861.4 
102 13437.7 
103 14054 
104 15722.9 
105 12728.2 
106 15832.4 
107 12429.5 
108 11205.3 
109 14040.4 
110 15338 
111 12983.4 
112 12427.5 
113 12297.1 
114 11113 
115 7811.8 
116 13995.5 
117 11344.1 
118 11475.8 
119 14473.5 
120 15175.9 
121 12379.7 
122 12623.3 
123 10786.6 
124 6960.5 
125 12813 
126 17520.5 
127 14792.7 
128 10412.8 
129 18359.5 
130 15725.9 
131 14227.2 
132 12453.9 
133 10616.5 
134 12424.2 
135 19393.9 
136 16892.6 
137 12609.3 
138 13554.6 
139 15909.9 
140 11631.3 
141 11147.5 
142 15091.9 
143 10629.5 
144 10671.7 
145 12797.2 
146 13459.5 
147 13258 
148 14758.7 
149 10427.9 
150 8478.9 
151 10406.1 
152 14429.8 
153 14973.2 
154 15078.8 
155 12843.8 
156 12764.1 
157 7142.7 
158 16115.2 
159 16201.6 
160 17064.1 
161 11388.2 
162 14405.6 
163 14959.8 
164 13530 
165 10971.8 
166 12230.4 
167 18445 
168 11397.9 
169 16447.7 
170 17714.9 
171 14225.6 
172 13105.8 
173 15524.6 
174 13317.8 
175 11620.1 
176 14103.6 
177 13460.9 
178 14380.5 
179 16379.2 
180 13252 
181 14740.7 
182 14164.8 
183 14795.9 
184 16176.6 
185 12951.9 
186 18269.9 
187 12678.3 
188 16353.3 
189 12506.9 
190 15556.4 
191 10036.5 
192 14500.3 
193 11383.7 
194 13985.4 
195 11902.7 
196 10785.6 
197 14455.4 
198 13805.2 
199 15071.8 
200 15053.7 
201 15166 
202 14350.4 
203 14937.1 
204 18081.7 
205 13717.6 
206 15062.8 
207 15675.3 
208 11912.9 
209 14281.3 
210 15814.2 
211 11724.7 
212 11881.2 
213 9024 
214 11965.6 
215 11756.3 
216 13672.9 
217 10833.6 
218 16203.3 
219 15139.8 
220 10523 
221 15032.4 
222 8861 
223 14425.2 
224 13335.1 
225 13867.6 
226 12561.9 
227 11135.8 
228 11429.1 
229 11240.7 
230 11800.1 
231 14758.7 
232 13138.3 
233 17265.4 
234 12441.4 
235 16479.2 
236 14663.9 
237 11971.3 
238 11112.1 
239 18623 
240 13551.4 
241 16001.2 
242 13209.3 
243 13752.8 
244 15838 
245 10924.8 
246 12773.9 
247 16041.7 
248 13338.3 
249 11956.9 
250 14596.6 
251 17997.5 
252 15216.2 
253 14151 
254 17055.6 
255 10294.3 
256 13753 
257 16446.3 
258 16610.1 
259 15985.7 
260 13730.8 
261 12140.2 
262 13534.5 
263 15414.7 
264 14403.2 
265 15310 
266 13846.9 
267 14802.6 
268 13806.6 
269 15941.1 
270 12981.4 
271 10742.7 
272 12461.4 
273 14917.9 
274 12702.8 
275 16834.9 
276 12188.4 
277 13198.1 
278 16138.4 
279 15089.9 
280 14061.8 
281 11797.3 
282 13237 
283 13294.9 
284 7998.5 
285 16224.3 
286 10503.2 
287 13650.9 
288 14708.9 
289 15689.5 
290 12757.6 
291 15341.9 
292 16224.1 
293 15601.5 
294 19386.7 
295 19970.4 
296 17572.2 
297 13522.5 
298 11121.1 
299 12828.1 
300 13865.9 
