1 272572 
2 280434 
3 269047 
4 279205 
5 262284 
6 272975 
7 242927 
8 322352 
9 249611 
10 299927 
11 290292 
12 264079 
13 258100 
14 308906 
15 255803 
16 312382 
17 304499 
18 296018 
19 331884 
20 282998 
21 285767 
22 294718 
23 302247 
24 283274 
25 300966 
26 318891 
27 280876 
28 269599 
29 271187 
30 277337 
31 292680 
32 317854 
33 298783 
34 281028 
35 238677 
36 327980 
37 302932 
38 308606 
39 303204 
40 318768 
41 315528 
42 316873 
43 249265 
44 315435 
45 301553 
46 314534 
47 228572 
48 247596 
49 217464 
50 258044 
51 242502 
52 266975 
53 268860 
54 239265 
55 251916 
56 267337 
57 289186 
58 249065 
59 244724 
60 208114 
61 247580 
62 325962 
63 296550 
64 277259 
65 255702 
66 287423 
67 255742 
68 266831 
69 227966 
70 280560 
71 280910 
72 271000 
73 256349 
74 251632 
75 288286 
76 268974 
77 265214 
78 295761 
79 252951 
80 271554 
81 261385 
82 303846 
83 305598 
84 295298 
85 301363 
86 272533 
87 254762 
88 278505 
89 258929 
90 296523 
91 245414 
92 222164 
93 250441 
94 245258 
95 242449 
96 282468 
97 253290 
98 229495 
99 259333 
100 273237 
101 246345 
102 262378 
103 229102 
104 245404 
105 257122 
106 252702 
107 255558 
108 247562 
109 284009 
110 264870 
111 256258 
112 244331 
113 241328 
114 295650 
115 286094 
116 259410 
117 238959 
118 254952 
119 264161 
120 282632 
121 246582 
122 283550 
123 251454 
124 252794 
125 269338 
126 260814 
127 247093 
128 277819 
129 251526 
130 224909 
131 255882 
132 255642 
133 268857 
134 252990 
135 230752 
136 227778 
137 233071 
138 227476 
139 286443 
140 243162 
141 222833 
142 258904 
143 229504 
144 224842 
145 273964 
146 277141 
147 255141 
148 242242 
149 250706 
150 243949 
151 245680 
152 232225 
153 247861 
154 241430 
155 263811 
156 244391 
157 236301 
158 216732 
159 246287 
160 230493 
161 223445 
162 236112 
163 285373 
164 286278 
165 254867 
166 244455 
167 297522 
168 259672 
169 265900 
170 274431 
171 272765 
172 264243 
173 257091 
174 214700 
175 309936 
176 227195 
177 233410 
178 234972 
179 235082 
180 200298 
