1 273048 
2 277924 
3 269047 
4 270002 
5 260326 
6 271071 
7 236658 
8 317914 
9 250359 
10 297305 
11 286046 
12 264775 
13 254100 
14 321879 
15 254260 
16 311282 
17 296616 
18 294154 
19 327585 
20 283574 
21 286129 
22 291904 
23 293330 
24 281174 
25 298910 
26 314119 
27 276776 
28 265239 
29 267583 
30 276468 
31 306074 
32 317224 
33 307273 
34 277363 
35 237839 
36 324200 
37 295401 
38 307051 
39 313789 
40 315910 
41 311930 
42 331815 
43 245442 
44 319699 
45 298606 
46 314156 
47 227883 
48 245474 
49 214453 
50 254251 
51 234962 
52 258568 
53 264504 
54 232856 
55 248422 
56 261884 
57 289394 
58 246464 
59 244198 
60 206731 
61 241940 
62 322643 
63 288419 
64 275807 
65 252394 
66 280951 
67 252811 
68 256173 
69 227627 
70 275428 
71 278810 
72 264919 
73 256506 
74 252511 
75 277571 
76 267499 
77 251290 
78 292273 
79 247073 
80 264466 
81 260030 
82 298015 
83 299422 
84 281988 
85 295129 
86 268719 
87 249280 
88 277050 
89 242280 
90 290212 
91 240181 
92 212437 
93 248392 
94 237088 
95 238108 
96 272510 
97 250191 
98 229007 
99 252433 
100 267482 
101 239373 
102 259551 
103 222840 
104 238963 
105 251085 
106 250322 
107 248705 
108 245095 
109 280377 
110 263368 
111 253816 
112 240512 
113 233479 
114 289991 
115 282680 
116 251343 
117 234605 
118 247211 
119 256452 
120 277586 
121 242690 
122 282380 
123 245164 
124 248368 
125 263554 
126 248867 
127 242782 
128 262418 
129 250773 
130 221014 
131 251135 
132 246819 
133 257052 
134 248851 
135 223921 
136 226228 
137 231242 
138 224320 
139 280812 
140 239214 
141 216238 
142 252414 
143 224854 
144 224200 
145 267183 
146 270859 
147 250080 
148 238703 
149 247128 
150 240613 
151 242068 
152 226066 
153 238500 
154 236628 
155 258016 
156 240353 
157 234211 
158 209238 
159 242288 
160 224821 
161 219744 
162 230916 
163 280116 
164 280536 
165 243623 
166 239119 
167 285117 
168 249705 
169 259918 
170 269690 
171 270422 
172 255047 
173 250583 
174 209165 
175 302704 
176 221941 
177 222566 
178 232173 
179 227471 
180 196170 
