1 1 1 2 2 2 3 4 4 2 3 3 3 3 4 7 7 2 3 4 4 4 6 7 9 
2 1 1 2 3 2 3 5 3 2 2 4 3 3 5 5 7 2 3 4 3 4 8 8 6 
3 1 1 3 2 3 2 4 3 2 2 3 3 3 4 6 5 3 2 4 3 4 6 8 7 
4 1 1 2 2 2 3 4 3 2 3 3 3 3 5 6 8 2 3 3 4 4 5 7 7 
5 1 2 3 2 2 3 4 5 2 2 3 3 4 5 6 7 2 4 3 5 4 7 8 7 
6 1 1 2 2 2 3 3 4 2 2 3 4 3 6 6 6 2 3 4 4 4 7 6 7 
7 1 2 2 2 2 4 4 4 1 2 3 3 3 5 7 7 2 3 3 4 4 6 8 8 
8 2 2 1 3 2 4 5 4 1 3 3 4 2 6 6 6 2 3 4 3 4 7 7 9 
9 1 2 2 2 2 4 3 4 2 2 3 3 3 5 7 7 2 3 3 4 4 5 9 8 
10 1 1 2 2 2 3 4 4 2 2 3 3 3 5 6 6 2 3 4 4 4 6 7 7 
11 1 2 2 2 2 3 4 3 1 2 3 4 3 5 7 6 2 3 4 4 4 7 7 8 
12 0 2 2 1 2 3 3 4 1 3 2 3 3 5 5 6 1 4 3 4 4 6 7 7 
13 1 2 1 2 3 3 5 5 2 3 3 3 3 4 5 7 2 2 4 4 4 6 7 9 
14 1 1 3 1 2 4 5 5 1 3 3 3 4 5 6 6 2 3 4 4 5 7 8 7 
15 1 2 2 2 1 3 3 4 2 2 3 3 3 4 6 6 2 3 4 3 4 6 7 8 
16 2 1 3 2 2 5 4 5 2 3 4 4 5 5 7 8 2 5 4 5 6 7 9 10 
17 2 2 1 2 3 3 7 5 2 3 4 4 5 5 7 7 3 3 4 5 5 9 10 8 
18 2 2 3 3 3 5 5 5 3 4 3 5 4 7 9 7 4 5 5 4 8 9 8 10 
19 2 2 3 3 3 5 5 5 3 4 4 5 4 6 10 8 3 4 5 5 6 8 11 9 
20 1 2 3 3 3 5 4 6 3 3 3 3 4 7 6 6 3 4 4 4 5 8 8 9 
21 1 2 2 2 3 4 4 4 2 3 4 3 4 5 7 7 3 4 3 4 5 7 8 9 
22 1 2 2 2 2 3 6 5 2 3 3 3 4 5 5 7 3 3 4 4 5 7 7 8 
23 2 2 2 2 3 5 5 5 2 3 4 3 5 6 7 8 3 4 4 5 5 8 9 9 
24 2 2 2 1 4 5 5 4 2 4 4 3 4 7 7 7 4 4 5 5 7 8 9 11 
25 1 2 2 2 3 4 5 4 2 4 4 3 4 8 7 8 3 4 4 4 5 8 9 8 
26 1 2 2 1 4 3 5 5 2 3 4 4 4 5 8 8 3 4 5 5 5 8 10 9 
27 1 2 2 3 4 3 4 7 2 3 3 4 4 6 7 9 2 5 5 4 6 8 9 9 
28 1 1 3 1 3 4 5 4 2 3 4 3 5 7 7 7 2 4 4 4 4 7 8 9 
29 1 2 2 3 2 5 5 4 3 3 4 5 4 6 8 8 2 4 6 4 5 7 9 10 
30 1 2 2 1 3 4 5 4 2 3 4 3 4 6 7 8 2 4 5 4 5 7 8 8 
31 2 2 3 3 4 5 5 5 2 4 5 4 6 8 10 7 4 5 5 6 7 9 8 10 
32 2 3 2 3 3 3 5 6 3 3 4 4 5 8 7 9 3 4 6 5 6 10 11 11 
33 1 3 2 2 4 5 7 5 3 4 5 4 6 7 8 9 4 5 6 5 8 10 8 11 
34 2 2 2 3 3 4 5 6 3 4 4 5 5 9 9 8 3 5 5 6 7 8 11 11 
35 2 3 3 3 3 4 6 7 3 3 5 4 7 8 8 9 4 6 5 6 8 11 11 12 
36 1 3 3 2 4 4 5 4 3 4 4 4 5 7 9 11 4 5 5 5 6 9 10 9 
37 2 2 3 2 3 5 5 5 3 4 4 5 5 8 7 8 3 4 4 5 6 9 11 9 
38 2 2 3 2 2 6 6 8 3 5 4 4 6 8 9 9 4 5 5 6 7 8 9 13 
39 2 2 3 2 4 5 6 5 2 5 4 4 4 8 8 9 3 5 6 4 7 10 12 12 
40 1 2 3 3 3 5 5 4 4 3 4 4 5 7 7 9 3 5 5 5 8 9 11 10 
41 1 2 2 2 3 4 6 5 2 3 4 5 5 7 8 9 2 4 5 5 6 7 10 10 
42 2 2 2 2 3 4 5 4 2 3 4 4 5 7 7 8 3 5 4 5 6 9 8 11 
43 2 2 2 3 3 4 4 5 3 3 3 5 6 6 10 7 3 4 6 5 6 9 9 12 
44 1 3 2 3 4 3 5 5 3 4 5 3 5 7 7 11 3 5 5 5 7 8 12 11 
45 2 2 2 3 3 3 4 5 3 3 4 4 6 7 7 8 3 4 4 5 7 10 9 10 
46 3 2 2 2 3 6 6 6 3 4 4 5 6 9 8 10 3 5 5 6 7 12 15 12 
47 2 3 3 5 3 4 6 7 3 4 5 5 6 8 13 10 4 6 6 6 8 10 12 11 
48 2 4 3 2 4 7 6 7 3 4 5 5 7 7 11 10 4 6 5 7 8 11 12 13 
49 2 3 3 2 4 5 6 7 3 4 4 5 7 9 10 10 4 6 5 6 8 12 12 18 
50 2 2 3 3 4 4 7 7 3 5 3 5 5 8 10 9 4 7 7 6 7 10 14 14 
51 1 3 2 4 4 4 5 6 3 4 4 4 7 7 12 10 4 6 7 6 8 10 12 12 
52 2 4 2 3 3 6 6 7 3 3 4 4 7 8 9 9 3 6 6 7 8 8 11 11 
53 2 3 2 4 4 6 9 7 3 5 4 5 7 8 12 11 4 5 7 6 8 11 12 12 
54 2 3 2 3 4 6 5 6 3 5 5 4 6 8 9 9 4 5 6 6 9 10 11 13 
55 2 2 3 4 3 7 6 5 3 5 5 5 6 8 9 10 4 5 6 6 7 11 10 11 
56 2 2 3 3 3 5 6 5 3 5 5 3 7 7 10 8 4 5 7 7 7 10 10 11 
57 2 3 2 4 3 4 5 4 3 4 3 5 6 7 8 9 3 6 6 5 7 9 10 11 
58 2 2 2 3 3 5 5 4 3 3 4 4 5 9 7 9 4 4 5 5 7 10 9 11 
59 3 3 4 2 4 5 6 6 3 4 5 6 6 8 10 12 5 5 6 7 8 12 13 13 
60 1 2 3 3 3 4 6 5 3 3 4 5 4 7 9 8 4 4 6 5 7 9 9 10 
