1 2 1 2 2 3 2 3 4 2 2 4 3 3 5 6 7 2 2 4 4 4 6 8 8 
2 1 1 2 3 2 4 4 4 1 3 2 3 4 4 6 6 1 3 4 4 4 5 7 8 
3 1 1 2 2 2 2 4 5 1 2 3 3 3 4 5 6 2 3 4 3 4 6 7 8 
4 1 2 2 2 2 3 3 5 2 3 3 3 3 5 7 7 2 3 3 5 4 6 7 8 
5 1 2 2 2 1 4 5 6 2 2 4 3 3 6 6 6 2 4 3 4 5 6 7 7 
6 1 2 2 2 2 3 4 3 1 3 2 3 4 5 5 7 3 3 3 3 5 6 6 7 
7 1 1 2 3 1 4 5 4 2 3 3 3 5 5 6 7 2 3 4 3 4 6 8 8 
8 1 2 1 2 2 3 4 4 2 2 3 3 4 5 5 5 2 3 4 3 4 5 8 7 
9 1 2 2 1 3 3 3 3 2 3 2 3 4 5 6 6 2 3 3 4 4 6 7 8 
10 1 2 3 2 2 3 5 3 2 2 3 4 3 5 5 6 2 3 3 4 4 7 8 8 
11 1 1 2 2 3 3 3 5 1 2 3 3 4 5 5 7 2 3 4 4 4 6 7 8 
12 1 2 2 2 1 3 3 5 2 2 2 3 3 5 5 6 2 3 3 4 4 5 7 7 
13 2 1 2 2 2 3 3 5 1 3 3 3 3 4 5 6 2 3 3 4 4 5 7 8 
14 1 2 3 2 3 3 4 5 2 2 4 4 3 4 8 7 3 3 4 4 5 7 6 8 
15 1 1 1 2 2 5 4 4 2 3 3 3 3 6 5 7 2 3 3 4 3 6 7 7 
16 1 2 3 2 4 4 4 4 3 2 4 3 4 7 7 8 3 4 4 5 6 8 8 9 
17 2 2 1 3 3 4 5 5 2 3 4 4 4 6 6 6 3 5 4 4 7 7 9 9 
18 2 2 3 3 4 4 6 4 2 4 4 3 4 7 8 8 4 4 4 6 5 8 9 10 
19 2 2 3 2 4 4 6 5 2 4 5 4 5 6 7 7 3 4 6 4 6 9 10 10 
20 1 2 2 3 3 3 4 4 2 3 3 3 4 8 6 7 3 3 4 5 5 7 10 8 
21 1 1 2 2 2 3 4 4 2 4 4 3 4 6 7 6 3 4 4 4 5 7 9 8 
22 1 1 2 2 2 3 4 4 2 3 3 3 4 7 6 6 2 4 4 4 5 7 8 9 
23 1 2 2 2 2 4 5 5 3 3 3 5 4 7 7 6 3 4 4 4 5 8 8 9 
24 1 2 3 3 3 5 4 5 2 3 3 3 6 7 8 7 3 4 4 4 6 9 8 9 
25 2 2 2 1 4 3 4 5 2 3 4 3 5 5 9 7 2 4 3 4 5 8 8 8 
26 2 2 1 3 2 4 4 5 2 4 3 4 4 6 8 7 3 4 4 5 5 10 9 9 
27 2 2 2 2 3 5 5 5 2 3 4 4 5 5 7 8 2 4 5 4 6 8 10 10 
28 1 2 2 2 2 4 4 4 2 3 4 4 4 5 7 6 3 3 4 4 5 7 9 8 
29 1 2 3 2 3 3 6 5 3 4 4 3 4 7 7 7 4 4 4 5 6 8 9 8 
30 2 2 2 2 2 5 3 5 2 3 4 3 4 7 8 8 3 4 3 4 7 7 7 10 
31 2 3 3 2 2 6 5 6 2 4 4 4 7 7 8 12 3 5 5 6 6 9 9 10 
32 1 2 2 2 4 4 5 5 3 3 4 4 6 7 7 7 4 4 5 4 5 9 9 10 
33 2 2 3 3 3 5 6 6 3 4 3 4 6 8 8 8 3 5 5 6 7 10 8 9 
34 2 2 2 2 5 5 5 5 3 4 4 4 5 9 8 8 3 5 4 6 7 9 10 10 
35 2 2 3 3 4 6 5 6 3 4 5 5 7 9 8 11 5 5 6 6 7 11 12 11 
36 2 2 2 3 4 6 4 6 2 5 4 5 5 9 7 8 4 5 5 5 6 10 9 13 
37 2 1 3 2 3 4 5 4 3 3 4 4 6 7 7 7 3 5 6 4 6 8 9 11 
38 1 3 2 3 3 5 6 8 3 3 5 4 5 7 7 10 3 6 5 6 6 7 10 12 
39 1 3 2 3 4 5 4 6 3 4 4 5 6 8 8 10 4 5 5 6 7 9 9 10 
40 2 2 2 3 2 5 3 6 2 4 4 6 6 7 8 9 4 4 4 5 6 10 12 9 
41 2 2 2 3 2 4 4 4 3 3 4 5 4 7 7 11 3 4 5 6 6 7 10 9 
42 1 2 2 3 2 5 5 5 2 4 4 4 4 8 8 8 3 4 5 4 6 8 10 10 
43 1 2 2 3 3 4 5 4 2 3 4 5 4 9 6 8 3 5 5 4 7 10 10 12 
44 1 3 2 2 2 4 6 6 2 5 4 3 6 6 8 10 3 4 6 4 6 9 10 10 
45 1 2 2 3 3 5 4 5 2 4 3 5 5 7 8 10 3 5 5 5 5 9 8 12 
46 2 1 3 3 4 7 4 6 3 4 4 4 7 8 8 10 4 7 6 5 8 11 12 14 
47 2 2 3 3 4 5 7 9 4 5 4 5 7 7 9 10 3 5 6 7 9 10 12 18 
48 2 3 3 2 4 6 6 7 4 4 5 4 7 8 11 13 4 5 6 6 9 11 12 13 
49 2 3 3 3 4 7 5 7 4 4 5 6 8 8 9 10 4 6 7 6 9 12 13 14 
50 1 3 3 3 4 5 6 6 2 5 3 5 7 9 9 10 4 6 5 6 8 9 11 12 
51 2 3 2 3 4 4 6 5 4 4 5 4 8 6 10 10 4 6 6 6 8 10 11 12 
52 2 4 2 3 3 4 5 6 2 5 4 5 7 7 8 9 4 5 6 6 6 12 11 12 
53 3 2 2 3 6 4 6 6 3 5 5 5 8 9 9 10 4 5 7 6 7 12 11 14 
54 3 2 2 4 3 6 5 5 3 5 4 5 8 7 10 12 4 5 7 7 9 10 11 11 
55 2 3 3 4 4 4 4 6 3 4 4 5 6 10 8 10 5 5 6 6 7 9 17 11 
56 2 2 3 3 3 4 8 5 3 4 4 4 7 6 10 9 4 5 6 5 7 10 12 13 
57 2 2 2 3 2 4 4 4 4 3 4 5 4 7 7 8 4 5 6 6 7 10 12 12 
58 1 2 3 2 3 4 5 4 3 3 4 4 7 6 9 9 3 5 5 6 7 9 10 10 
59 2 3 3 3 4 4 6 7 2 6 5 6 7 12 9 8 4 5 7 7 8 14 13 12 
60 2 2 3 2 2 5 4 6 3 3 4 4 5 7 9 9 4 4 5 5 6 11 9 11 
