1 1 2 2 2 3 3 6 4 2 3 3 3 4 5 6 8 2 3 4 4 4 6 9 9 
2 1 1 2 2 2 3 3 5 1 3 2 3 4 4 6 7 2 3 3 4 4 6 7 7 
3 1 1 2 2 2 3 3 5 1 3 3 3 3 4 6 7 2 3 3 5 3 6 6 8 
4 1 2 2 2 4 3 5 6 1 3 4 3 4 5 7 8 2 3 3 4 4 6 8 8 
5 1 1 2 2 2 3 5 4 1 3 2 4 3 5 6 6 2 3 3 4 5 6 7 9 
6 1 2 2 2 2 4 3 4 1 3 3 2 4 5 6 6 2 3 3 4 4 6 7 7 
7 1 2 1 2 2 3 5 4 2 2 3 4 3 5 6 9 2 3 4 4 4 6 9 8 
8 1 2 1 2 2 3 4 6 1 2 4 3 3 4 6 5 2 3 3 5 4 7 8 8 
9 1 2 2 2 1 4 4 4 2 2 3 2 3 5 6 6 2 3 4 4 4 6 8 7 
10 1 2 1 3 2 3 4 4 2 3 3 3 5 4 5 7 2 3 3 4 5 6 7 7 
11 1 2 2 2 3 2 5 4 2 2 3 3 2 7 5 6 2 3 4 4 4 6 7 8 
12 1 2 2 2 2 3 4 4 2 3 2 4 3 5 6 6 2 2 4 4 4 6 7 6 
13 1 2 1 3 2 3 5 3 2 3 2 4 3 5 5 6 2 3 4 4 4 6 6 8 
14 1 2 2 2 3 2 4 3 2 3 3 3 4 5 8 6 3 3 4 5 4 6 9 8 
15 1 2 1 2 2 3 4 4 2 3 2 3 4 5 6 6 2 2 4 4 4 6 10 7 
16 1 3 2 2 3 3 5 4 3 3 3 5 4 6 7 8 3 5 4 5 6 7 8 9 
17 2 2 2 2 3 4 4 7 3 3 4 3 5 7 7 7 3 3 4 5 5 8 8 9 
18 2 2 2 2 2 5 5 5 3 3 3 4 6 7 7 9 4 4 5 5 7 9 8 8 
19 1 3 3 2 4 3 6 6 3 3 4 5 4 7 8 8 2 4 5 5 8 7 10 10 
20 1 2 2 2 3 4 4 3 3 3 3 4 5 6 9 7 3 4 4 4 7 7 8 9 
21 2 2 1 2 2 5 4 5 2 3 3 4 4 8 7 6 2 3 4 5 6 8 8 8 
22 2 1 3 2 3 3 4 4 2 3 3 3 4 5 6 7 2 3 5 4 5 6 7 9 
23 2 2 2 2 2 4 3 4 3 3 4 4 5 6 6 7 3 5 4 5 4 8 8 9 
24 1 3 2 2 3 4 4 6 2 4 3 4 5 5 7 9 3 4 4 5 6 8 9 11 
25 1 3 2 2 2 4 4 4 2 3 3 4 4 6 10 7 3 3 4 4 5 8 8 8 
26 1 3 2 3 4 5 4 6 2 3 3 4 4 8 8 7 3 3 5 5 6 8 8 9 
27 1 3 1 3 2 5 4 4 2 3 4 5 3 6 8 7 3 4 4 5 5 7 9 10 
28 1 2 2 2 2 4 4 5 2 2 3 5 4 5 6 6 3 4 3 5 5 6 8 8 
29 1 2 2 3 3 5 5 4 2 4 4 4 4 6 8 8 4 3 4 5 5 9 9 9 
30 1 2 1 3 2 3 4 5 2 2 4 3 4 6 8 8 2 3 4 5 6 7 9 8 
31 2 3 2 2 3 4 6 5 3 4 4 4 7 8 10 9 3 4 5 6 8 11 12 12 
32 2 3 2 2 5 4 6 6 2 5 4 3 5 7 8 9 3 5 4 5 6 8 9 8 
33 2 2 2 3 3 5 5 5 2 3 4 3 5 8 8 8 3 5 6 5 7 9 9 9 
34 2 2 3 2 3 5 6 6 3 4 4 5 5 7 8 8 3 5 5 7 6 9 10 9 
35 2 3 3 4 3 5 5 5 3 4 5 5 6 11 11 8 4 6 6 8 7 10 13 12 
36 2 2 3 4 3 4 7 4 3 4 4 4 5 7 9 10 4 4 4 6 7 11 10 10 
37 2 1 2 4 3 6 4 6 3 3 4 6 5 7 8 8 3 4 5 5 6 9 10 9 
38 2 3 3 3 4 4 4 5 3 3 5 4 5 7 8 10 3 5 6 4 8 8 9 11 
39 2 2 3 3 4 5 5 4 3 4 4 5 5 7 10 9 3 5 6 6 7 9 9 10 
40 2 3 2 3 3 4 6 6 3 4 4 4 5 5 8 9 4 4 5 5 6 8 9 9 
41 2 3 2 2 3 6 6 4 2 3 4 3 5 8 8 8 2 4 5 5 5 8 10 8 
42 2 2 3 2 3 6 4 4 2 4 4 4 4 8 7 9 3 5 5 5 5 8 9 12 
43 1 2 3 2 3 4 5 5 3 3 4 4 5 7 8 8 3 5 5 5 6 8 10 11 
44 1 2 3 3 3 6 5 5 4 3 4 5 5 6 8 9 3 4 5 6 6 9 10 11 
45 1 3 2 2 3 4 4 5 2 4 4 5 5 8 9 7 3 4 5 5 5 11 9 9 
46 3 2 3 2 3 5 5 6 3 4 5 5 6 9 7 10 4 4 7 6 9 11 13 12 
47 1 4 3 3 3 4 8 7 3 5 4 5 7 8 10 11 4 5 6 7 9 10 12 12 
48 2 3 4 2 4 4 8 7 3 4 6 5 6 7 9 10 4 5 6 7 8 13 10 11 
49 3 3 3 5 3 6 6 8 3 5 5 4 6 11 10 10 4 6 6 6 8 12 12 14 
50 2 2 3 3 4 7 5 6 3 4 4 6 6 8 9 9 4 5 7 5 9 9 13 13 
51 1 2 4 3 3 4 5 7 2 6 5 5 6 9 9 11 4 5 6 5 9 11 10 13 
52 3 3 2 3 3 5 6 6 3 5 4 5 8 8 11 9 3 6 5 7 7 11 10 14 
53 2 2 3 3 3 6 7 6 4 5 4 6 7 7 8 9 4 6 6 7 8 11 11 12 
54 2 2 4 3 4 6 7 8 3 4 5 5 6 7 10 9 4 5 7 6 8 10 11 13 
55 2 3 2 4 3 4 5 6 3 4 5 4 6 9 8 9 3 6 5 7 9 9 13 11 
56 2 2 2 3 3 6 4 4 3 4 5 4 5 10 9 8 5 5 6 5 8 10 10 10 
57 2 2 2 2 3 4 4 4 3 4 4 6 6 8 8 7 4 4 6 5 6 10 10 11 
58 2 2 3 2 3 5 5 4 3 3 4 5 5 7 7 9 3 5 4 6 7 9 10 12 
59 1 3 3 3 3 6 6 8 3 4 5 5 8 9 10 11 4 6 6 7 8 10 13 12 
60 1 3 2 3 4 4 4 4 3 3 4 5 5 7 9 7 3 4 5 5 6 9 12 13 
