1 2 1 2 1 2 4 3 4 1 3 3 4 4 5 7 7 2 4 4 4 5 6 7 8 
2 1 1 2 2 2 5 4 3 2 3 3 3 3 5 6 6 2 3 4 4 3 6 8 7 
3 1 2 2 2 2 3 3 3 2 2 4 3 4 4 5 7 2 3 3 5 3 5 8 6 
4 1 1 2 2 2 3 5 5 2 2 3 3 3 5 7 7 2 3 4 3 4 7 8 7 
5 2 2 2 2 2 3 4 4 2 3 3 3 3 4 5 7 2 3 4 3 5 7 7 9 
6 1 2 2 2 2 3 4 4 1 3 2 3 3 6 6 7 2 3 4 4 4 6 8 8 
7 1 2 2 2 2 3 4 4 2 3 2 4 2 5 6 6 2 3 4 4 3 7 8 8 
8 1 2 2 2 2 3 4 4 2 3 4 3 4 6 7 6 3 2 4 4 4 7 8 7 
9 1 1 2 2 2 3 3 4 2 3 2 3 3 5 5 7 2 3 4 4 4 6 7 8 
10 1 2 2 2 2 3 4 4 2 2 3 3 3 5 7 5 3 2 4 3 5 5 7 9 
11 1 2 2 2 2 3 4 4 1 3 3 3 3 5 5 6 3 3 4 4 4 6 7 8 
12 1 2 1 2 2 4 3 4 2 3 2 3 4 5 5 6 2 3 3 3 4 7 7 8 
13 1 2 2 2 2 4 3 4 1 3 3 2 3 5 6 6 2 3 3 4 4 7 7 8 
14 2 1 3 2 2 3 5 4 3 3 3 4 4 5 7 6 2 3 4 4 4 8 9 9 
15 0 2 1 2 2 3 3 4 2 2 3 3 4 4 7 5 3 3 4 4 4 8 7 8 
16 2 2 3 2 3 5 5 6 2 3 4 3 5 6 8 7 4 4 4 4 5 9 8 9 
17 1 2 2 3 3 5 4 6 2 3 3 4 4 5 8 8 3 3 4 4 6 7 8 9 
18 1 3 2 3 2 5 5 5 2 3 4 5 5 7 7 9 3 4 5 5 7 8 9 9 
19 2 3 3 3 3 4 5 6 3 3 3 4 6 6 9 8 3 3 5 5 5 9 10 9 
20 2 1 3 2 3 4 4 5 3 2 4 4 4 7 8 9 4 4 3 5 6 8 8 10 
21 2 2 2 2 3 3 3 5 2 2 4 3 3 6 7 7 3 3 4 3 6 7 8 9 
22 1 2 2 1 3 5 4 4 2 3 4 3 4 6 5 7 2 4 5 4 5 7 8 8 
23 2 1 2 3 3 4 4 6 2 3 3 4 4 5 7 6 3 4 5 4 7 7 8 9 
24 1 2 2 3 3 4 5 5 3 3 5 4 6 6 7 8 3 4 5 4 6 7 10 9 
25 2 1 3 2 3 4 4 3 3 2 4 3 5 6 8 6 3 4 4 4 6 7 10 9 
26 2 1 2 2 4 3 4 5 2 3 3 4 4 7 6 7 2 4 5 5 5 8 8 9 
27 2 2 2 3 3 3 5 6 2 3 4 3 5 7 8 7 3 5 4 4 5 9 9 10 
28 1 2 2 2 2 4 3 4 2 3 3 3 5 5 6 6 3 3 4 5 5 7 8 10 
29 1 2 3 2 3 4 5 5 2 3 3 4 4 5 7 7 3 5 4 5 5 9 7 11 
30 1 2 2 2 3 3 4 4 2 2 3 4 4 5 7 8 2 4 4 5 5 6 9 8 
31 1 3 3 2 2 6 5 4 2 3 5 4 5 6 9 8 3 5 7 6 7 10 11 10 
32 2 2 3 4 3 6 5 4 3 4 4 4 5 7 8 8 3 5 5 6 6 9 10 11 
33 1 3 3 2 4 4 6 7 2 4 3 5 5 8 8 8 4 4 5 5 7 9 11 13 
34 1 2 4 3 3 5 5 5 3 4 5 4 5 7 9 7 3 5 4 6 7 9 10 12 
35 1 2 4 3 3 5 6 6 3 4 4 6 5 7 8 11 3 6 5 5 7 9 10 11 
36 2 2 3 3 3 4 5 6 3 3 4 4 6 6 8 9 3 5 5 5 6 9 9 12 
37 2 2 2 2 3 3 5 4 3 3 5 5 5 6 9 11 3 4 5 5 7 8 10 11 
38 2 3 2 3 4 5 5 4 3 4 5 4 6 10 10 9 4 4 6 5 8 12 11 10 
39 2 2 3 3 3 6 6 4 3 3 4 4 7 7 8 7 4 4 7 5 7 9 10 10 
40 2 2 2 3 4 4 5 5 3 3 3 5 6 6 10 9 3 5 4 6 5 10 11 9 
41 1 3 2 2 2 4 4 4 3 3 4 3 5 5 8 8 3 4 4 6 5 8 10 10 
42 1 2 3 2 3 4 4 5 2 4 3 4 6 7 6 9 3 4 5 6 6 8 8 10 
43 1 2 3 2 3 4 5 4 3 4 3 5 5 7 8 11 2 4 5 5 6 10 9 9 
44 1 2 3 2 3 6 7 6 3 3 4 4 6 7 8 9 2 4 5 5 6 9 9 9 
45 2 2 2 3 2 6 4 5 2 3 4 4 5 8 8 8 3 5 4 6 6 9 9 9 
46 2 3 2 3 4 5 5 5 4 3 4 5 5 9 9 11 4 4 6 5 8 10 11 13 
47 2 2 2 3 4 5 6 5 3 5 5 6 6 8 10 10 3 6 5 7 10 13 13 12 
48 3 2 3 2 4 5 8 5 3 4 5 5 7 7 9 10 4 6 5 6 9 10 11 13 
49 2 3 3 3 5 5 6 6 3 4 5 4 6 12 9 11 5 5 6 6 8 12 12 13 
50 2 2 3 3 3 7 7 5 3 4 6 4 5 8 9 9 4 5 6 7 7 10 12 13 
51 2 2 2 3 4 6 7 6 3 4 6 5 6 9 9 10 4 6 6 6 7 10 11 12 
52 2 3 3 2 5 4 6 8 3 4 5 5 6 6 10 9 4 6 6 6 7 9 10 13 
53 2 3 5 3 4 5 8 8 3 5 5 5 7 9 11 13 5 5 7 5 7 10 13 14 
54 3 2 3 3 3 5 6 8 3 4 4 6 6 10 11 10 4 5 6 7 8 10 10 15 
55 2 2 2 3 4 7 5 5 3 5 5 5 6 7 11 10 4 6 6 5 8 10 13 15 
56 2 2 3 4 3 6 6 5 3 4 4 4 6 7 11 8 4 5 6 6 7 8 15 13 
57 1 2 2 3 3 5 4 5 3 4 6 4 5 6 9 9 4 6 5 6 7 10 10 11 
58 2 3 2 3 3 4 5 6 3 3 4 5 6 6 8 8 3 5 5 6 8 9 10 10 
59 2 3 3 4 4 5 6 7 3 5 5 5 7 11 9 10 5 5 8 7 8 14 13 13 
60 2 2 3 2 2 5 6 5 3 4 5 4 5 7 8 10 4 5 4 5 6 10 11 10 
