1 1 3 1 2 3 3 4 3 2 3 3 3 4 4 7 8 2 3 4 4 4 7 8 10 
2 1 1 2 2 2 2 4 4 2 2 4 2 3 5 6 5 2 3 4 4 4 6 7 7 
3 1 1 2 2 2 3 5 4 1 3 3 3 3 6 7 5 2 3 4 4 4 6 7 8 
4 1 2 2 2 2 4 4 5 1 3 3 3 3 5 6 6 2 3 4 3 4 7 8 9 
5 1 1 3 2 3 2 4 4 2 2 4 4 3 4 7 6 2 3 3 4 5 6 7 8 
6 1 1 2 2 2 3 5 4 2 3 3 2 3 5 5 7 2 3 3 4 5 5 7 8 
7 1 1 2 2 2 3 3 4 2 2 3 4 3 5 6 6 1 3 4 4 4 6 7 7 
8 1 2 2 2 3 4 5 4 2 3 3 3 4 6 6 7 2 3 4 4 4 6 7 7 
9 1 2 1 2 2 3 3 3 2 3 2 4 3 4 6 5 2 3 3 4 4 5 7 10 
10 1 1 2 2 2 3 4 4 2 2 3 3 3 6 7 6 2 3 4 5 4 6 6 9 
11 1 1 2 3 2 3 3 4 2 2 3 4 3 5 6 7 1 3 4 4 3 7 7 8 
12 1 2 1 2 3 3 4 4 1 3 3 3 3 5 6 5 2 3 3 3 5 7 7 7 
13 1 1 2 2 2 3 4 4 1 3 2 4 3 4 6 6 2 3 4 4 4 7 7 7 
14 1 2 2 2 2 3 4 5 2 3 3 4 3 5 7 6 2 4 3 5 4 8 8 10 
15 1 2 2 1 2 4 4 5 1 3 4 3 3 5 5 6 2 3 4 4 4 5 9 8 
16 2 1 3 2 4 4 4 6 2 3 4 4 4 6 8 8 2 4 4 6 5 8 8 9 
17 1 2 2 2 3 4 5 6 2 3 4 3 5 7 6 8 3 4 4 4 5 8 7 10 
18 2 2 3 2 3 5 5 5 3 3 4 3 5 6 8 7 3 4 5 4 5 8 9 10 
19 1 3 2 2 2 6 5 6 2 3 4 4 6 6 8 8 3 4 4 4 6 8 10 9 
20 2 2 3 2 2 4 5 5 3 3 4 4 4 7 7 7 3 3 4 5 5 8 7 10 
21 2 1 2 2 3 4 3 5 2 3 3 3 4 5 9 6 2 3 4 4 5 7 7 8 
22 1 2 2 2 2 4 4 3 2 3 3 3 4 6 6 6 3 3 4 4 5 6 8 9 
23 1 3 2 3 3 4 5 4 2 3 4 4 4 6 7 6 3 4 4 4 6 7 8 7 
24 2 2 2 3 3 5 6 5 3 3 4 4 6 5 8 8 3 3 5 5 6 7 9 9 
25 1 1 3 2 3 4 4 4 3 3 3 4 3 7 7 8 3 3 4 4 5 6 9 9 
26 2 2 3 2 2 5 5 4 3 3 3 3 5 7 7 8 2 4 5 4 5 9 9 8 
27 1 2 3 3 3 4 5 4 3 3 4 3 5 7 6 6 3 5 5 5 5 7 10 9 
28 1 2 1 2 3 3 4 4 2 2 3 3 5 6 5 7 3 3 4 4 6 8 8 8 
29 1 3 2 2 4 4 4 5 2 3 3 4 4 5 7 8 2 5 4 4 6 7 9 9 
30 1 2 2 3 2 3 4 3 2 4 3 3 4 6 6 6 3 4 4 4 5 7 8 7 
31 1 3 3 4 4 4 4 7 3 4 3 4 7 8 7 10 3 5 5 6 6 11 12 9 
32 2 3 2 3 4 4 4 5 3 3 4 3 6 6 8 8 4 3 5 6 6 11 8 9 
33 1 3 2 3 3 4 6 6 3 3 5 4 5 9 9 9 3 6 4 6 7 9 12 12 
34 1 3 4 2 4 4 4 5 3 3 4 5 7 8 7 11 3 5 5 7 7 9 10 14 
35 2 2 4 3 3 5 5 5 3 4 6 4 7 8 9 8 4 5 5 7 8 9 12 14 
36 2 2 2 3 4 5 5 5 2 3 3 5 5 7 8 8 4 4 6 5 6 9 11 11 
37 2 2 3 2 3 5 5 6 2 4 4 5 5 7 7 7 3 5 4 6 6 11 11 13 
38 1 4 2 3 4 5 5 6 3 4 4 4 8 8 11 9 4 4 6 5 7 9 9 15 
39 2 2 2 3 3 5 4 7 3 4 3 4 7 7 8 12 3 4 6 5 8 8 10 10 
40 1 3 2 3 3 3 6 5 2 4 4 5 4 8 7 10 3 6 5 6 6 11 12 10 
41 2 1 3 2 3 4 4 5 2 3 4 4 4 6 8 8 3 4 5 4 5 8 10 10 
42 1 2 2 2 3 4 5 4 2 4 4 4 4 7 7 7 4 4 4 6 6 8 9 10 
43 2 2 2 2 3 3 5 5 2 4 4 4 5 8 6 8 3 5 5 5 7 10 9 8 
44 2 2 3 3 2 4 4 5 2 4 5 4 5 9 7 6 4 3 5 5 7 9 9 11 
45 2 2 2 2 3 4 4 5 3 3 4 4 5 6 11 7 3 6 4 6 7 9 9 9 
46 2 3 2 4 5 5 6 3 4 3 4 5 7 9 9 11 3 6 7 6 7 10 12 11 
47 2 2 4 3 3 6 5 7 4 5 4 5 8 9 10 10 4 6 7 6 8 12 14 13 
48 2 2 3 4 3 8 6 6 4 5 4 5 8 8 9 10 4 5 6 6 8 10 10 14 
49 1 3 4 3 3 5 5 7 4 5 4 6 6 9 11 13 4 5 6 6 8 9 13 12 
50 2 4 3 3 4 5 6 5 3 3 5 5 6 7 9 9 4 4 6 6 7 11 12 13 
51 1 3 4 4 5 5 5 5 4 3 5 5 6 6 11 9 4 5 5 6 9 9 13 14 
52 1 3 3 4 4 5 6 6 2 5 4 4 7 8 9 9 4 5 5 6 8 11 12 11 
53 2 3 3 3 4 5 6 5 3 4 7 5 7 8 10 10 4 5 7 6 7 11 11 15 
54 1 3 2 4 3 5 6 7 3 4 4 5 6 9 6 10 4 5 5 7 9 11 12 11 
55 2 3 3 2 4 5 6 6 3 5 5 5 6 9 7 10 3 5 6 5 8 9 11 12 
56 2 2 4 2 3 5 4 5 3 4 7 4 5 8 7 10 5 4 6 6 6 9 13 11 
57 2 1 3 2 3 6 4 5 4 3 5 4 5 8 9 8 3 6 6 5 8 8 11 11 
58 1 2 3 2 3 4 5 6 3 3 4 4 5 7 8 10 3 4 6 5 8 9 10 11 
59 2 2 4 3 4 5 8 5 3 5 5 6 7 8 10 11 4 4 6 7 6 11 12 14 
60 2 2 3 2 3 5 5 5 2 3 4 5 5 9 9 8 3 5 7 5 8 10 10 11 
