1 1 2 2 2 3 3 3 5 2 2 3 3 4 5 5 6 2 3 4 4 5 6 7 7 
2 2 1 2 2 2 3 3 3 2 3 3 3 3 5 5 6 2 3 3 4 4 7 7 8 
3 1 2 2 2 1 4 4 4 1 2 3 3 3 5 6 6 2 3 3 4 3 5 7 8 
4 2 1 2 2 3 3 5 6 2 4 2 4 3 5 7 6 2 3 4 4 4 6 8 8 
5 0 2 2 2 3 3 3 4 2 2 3 4 3 5 5 6 2 3 4 4 3 6 6 8 
6 1 1 2 2 2 4 3 5 1 3 2 3 3 5 7 7 2 3 3 4 4 5 7 8 
7 1 1 2 2 2 3 4 4 1 3 3 3 4 5 6 7 2 3 4 4 5 6 7 7 
8 1 1 2 3 2 3 3 4 2 2 3 4 3 5 6 5 2 4 3 5 3 7 8 7 
9 1 2 2 2 3 3 3 4 2 3 3 3 3 5 6 6 2 4 3 4 5 5 8 9 
10 1 1 2 3 2 3 5 4 1 3 3 3 3 5 5 7 2 2 4 4 3 5 9 7 
11 2 1 2 2 2 3 4 3 2 2 3 3 3 5 6 5 2 4 3 4 4 6 7 8 
12 1 2 2 2 2 3 3 4 1 2 3 4 3 5 5 5 2 3 4 4 4 6 7 8 
13 1 2 1 3 2 3 4 3 2 2 3 3 3 4 7 6 2 3 3 5 4 5 8 7 
14 1 2 2 3 2 4 4 4 2 3 4 3 4 5 7 7 2 3 4 4 5 6 8 8 
15 1 1 2 2 2 3 3 4 2 3 3 3 4 5 6 7 2 3 4 4 4 6 7 7 
16 1 2 3 2 4 4 6 5 3 3 4 4 4 6 7 8 2 5 5 4 5 9 8 9 
17 2 2 2 2 3 5 5 4 3 3 3 3 5 8 7 8 2 4 4 5 5 8 9 10 
18 2 2 2 2 3 4 6 5 2 3 5 4 4 6 9 6 3 4 5 5 6 8 11 10 
19 1 2 3 2 3 5 5 5 2 3 5 3 5 6 8 7 4 5 4 5 7 8 9 9 
20 2 2 3 2 3 4 5 4 2 3 3 3 4 7 8 6 3 3 4 5 6 8 9 9 
21 1 2 2 2 3 3 4 4 2 2 3 4 3 6 7 7 2 4 4 4 5 8 8 8 
22 2 2 2 2 2 4 5 5 1 3 4 3 5 7 6 5 3 4 4 4 5 8 8 8 
23 2 2 2 2 2 4 6 5 2 3 4 5 4 6 7 6 3 4 4 4 4 9 10 8 
24 2 1 3 2 4 5 5 4 3 3 4 4 4 7 7 7 3 3 5 5 6 7 11 9 
25 1 2 2 2 3 3 4 4 3 3 3 4 5 7 6 6 3 3 5 3 6 7 8 10 
26 2 2 2 3 3 5 4 4 2 4 3 4 5 7 8 8 3 4 4 4 7 7 9 9 
27 2 1 3 2 4 3 5 5 2 4 4 3 5 5 8 9 3 4 4 5 6 8 9 9 
28 1 1 2 3 2 4 3 4 2 4 3 3 4 6 6 8 2 4 5 4 5 6 8 8 
29 2 1 4 2 2 5 3 4 3 3 3 4 4 8 6 9 3 4 5 5 6 7 11 8 
30 2 1 2 2 3 4 5 4 2 4 3 3 5 6 6 7 2 4 4 4 5 9 8 10 
31 2 1 3 3 3 7 6 5 3 4 4 4 4 8 8 8 3 4 5 6 6 8 10 11 
32 2 2 3 2 3 4 5 4 3 3 3 4 6 7 6 8 3 5 4 6 5 9 9 10 
33 2 2 3 3 4 4 6 5 3 4 5 4 6 7 9 9 3 5 5 4 8 8 12 11 
34 2 2 3 2 4 6 6 5 2 4 3 5 6 8 7 10 4 4 6 6 8 9 10 13 
35 2 2 4 3 4 4 7 5 4 4 5 5 5 9 7 11 4 5 5 7 7 10 10 12 
36 2 3 2 3 3 5 6 5 2 3 3 4 5 6 10 11 3 5 5 6 6 10 11 10 
37 1 3 2 2 3 4 5 5 2 4 4 3 5 6 8 8 4 5 5 5 6 10 10 10 
38 2 3 2 2 4 6 6 4 3 5 4 4 6 8 8 9 3 5 5 6 7 11 10 13 
39 1 2 4 3 3 4 6 6 3 3 4 4 5 8 9 7 3 5 6 6 8 9 10 12 
40 2 3 2 4 3 5 4 6 3 4 4 4 6 7 8 8 4 4 5 6 6 9 9 11 
41 1 2 2 3 3 4 4 4 2 3 4 4 5 7 8 8 3 4 5 4 6 8 9 10 
42 1 2 2 2 2 4 4 5 2 3 4 3 4 7 7 8 4 5 4 5 5 7 10 9 
43 2 1 2 2 4 3 5 5 2 4 5 3 5 7 7 11 3 4 5 4 6 10 10 9 
44 2 2 2 4 3 4 4 5 2 3 5 4 5 7 8 8 3 4 5 5 7 10 9 11 
45 1 2 3 3 3 3 4 4 3 3 3 5 4 7 7 6 4 3 5 5 7 7 11 11 
46 2 3 2 3 3 4 4 5 4 4 4 6 6 10 10 9 4 5 7 5 8 11 9 13 
47 1 2 3 3 4 6 7 6 3 4 6 5 6 8 12 11 4 6 5 7 7 11 10 13 
48 3 2 2 4 4 6 5 5 4 3 5 4 7 8 9 9 4 5 6 6 7 13 12 13 
49 2 3 3 4 4 5 8 7 3 4 4 5 6 8 8 13 5 4 8 6 9 11 11 12 
50 1 3 5 2 4 6 10 7 3 5 4 5 7 9 11 10 4 6 6 6 8 10 11 13 
51 3 2 3 2 4 5 5 5 3 4 4 5 6 8 9 10 5 5 6 7 8 13 11 11 
52 2 2 3 2 3 6 10 5 3 4 4 4 6 9 10 10 4 4 6 6 8 13 12 13 
53 2 2 3 3 3 4 6 9 4 5 4 5 7 8 10 10 4 6 6 9 8 11 12 13 
54 2 3 2 4 4 6 5 7 3 4 6 5 6 10 9 11 4 5 6 7 8 11 15 11 
55 2 4 2 3 2 5 6 6 4 4 6 4 6 8 10 9 3 6 7 7 9 10 12 13 
56 1 3 2 2 3 5 4 7 3 4 4 6 7 9 9 9 4 5 6 7 8 10 12 14 
57 2 2 2 4 4 4 4 6 3 3 4 4 7 8 7 10 4 4 6 5 7 9 11 10 
58 1 2 3 2 3 4 5 5 2 4 4 4 5 7 7 7 4 4 5 6 6 9 10 11 
59 2 2 4 4 3 6 8 6 3 4 5 6 7 10 10 10 5 7 6 7 8 13 13 14 
60 1 2 4 2 3 4 5 6 3 3 4 4 5 9 9 8 4 5 6 6 6 9 11 11 
