1 2 1 2 2 2 3 4 4 2 2 4 3 3 5 6 7 2 3 4 4 4 7 7 9 
2 1 2 2 2 1 3 5 4 2 2 3 3 3 5 5 6 2 4 3 4 4 6 7 8 
3 1 2 1 2 3 3 4 5 1 3 3 3 4 4 6 5 2 3 3 4 5 5 7 8 
4 1 1 2 3 2 2 4 4 2 2 3 3 3 5 6 6 3 3 3 4 5 6 8 7 
5 1 2 2 2 3 3 3 4 2 2 3 4 4 5 7 7 2 3 4 4 4 6 7 8 
6 2 1 2 2 2 3 5 4 1 3 3 3 3 4 6 8 2 3 4 5 4 6 8 7 
7 1 2 2 2 3 3 3 4 2 2 3 4 3 4 6 6 2 4 3 4 5 7 7 9 
8 1 1 2 2 3 3 4 4 2 2 3 3 4 7 7 5 3 3 4 4 5 7 7 9 
9 1 1 3 1 2 3 4 4 2 3 3 3 3 5 6 6 2 3 4 3 4 6 8 8 
10 2 1 2 3 2 3 4 4 1 2 3 4 3 6 5 7 2 3 4 4 3 7 8 7 
11 1 2 2 2 2 4 5 4 2 3 3 2 4 5 6 6 2 4 4 4 4 5 8 7 
12 1 2 1 2 2 3 3 3 2 2 3 3 4 4 5 6 2 3 3 4 4 5 8 7 
13 1 1 2 2 2 4 4 4 1 3 3 3 3 4 7 7 2 2 4 5 3 6 7 8 
14 1 2 2 2 3 3 4 5 2 3 3 4 3 7 5 7 2 3 4 4 4 6 8 9 
15 1 1 3 1 3 3 4 5 2 2 3 3 4 5 6 5 2 4 3 4 4 5 7 9 
16 1 2 3 3 2 4 5 4 2 3 4 4 5 8 7 7 3 4 5 5 6 8 8 11 
17 1 3 2 3 3 4 5 5 2 4 3 3 5 5 8 10 3 4 4 4 5 7 9 10 
18 1 3 2 2 3 5 4 5 2 3 4 4 4 7 8 7 3 4 4 6 6 8 9 8 
19 2 2 3 2 4 4 5 6 2 3 5 3 5 8 10 7 3 4 5 4 7 9 10 8 
20 1 2 2 2 3 3 4 4 2 3 4 4 3 7 6 8 3 4 5 4 5 8 10 8 
21 2 1 2 2 3 4 3 4 2 4 3 3 5 6 8 6 3 4 4 5 5 8 7 8 
22 2 1 2 2 2 4 4 4 2 3 2 3 5 5 6 5 3 3 4 4 6 7 7 8 
23 1 2 2 2 3 4 5 7 2 3 3 4 4 7 6 6 3 4 5 5 6 8 9 9 
24 2 2 2 2 4 4 5 5 2 4 3 4 5 7 6 8 2 4 5 5 6 9 10 10 
25 2 2 2 3 3 4 5 4 3 3 4 4 4 7 8 8 3 4 4 4 5 7 8 8 
26 2 2 2 2 3 4 4 5 2 4 4 3 5 7 6 7 3 4 5 4 5 8 9 8 
27 2 2 2 3 3 5 5 8 2 3 4 4 4 6 8 8 3 3 5 6 6 8 8 10 
28 1 2 2 2 3 3 6 6 2 3 3 3 3 6 5 7 2 3 4 4 6 7 8 10 
29 2 2 2 3 3 3 5 4 3 4 3 4 4 6 7 7 3 4 4 4 6 8 9 10 
30 1 2 2 2 2 4 3 5 2 3 3 4 4 7 7 8 2 4 4 4 5 9 7 9 
31 2 2 3 4 3 5 5 5 3 5 4 4 6 6 8 10 3 4 5 6 6 8 11 12 
32 1 2 3 3 3 4 5 5 3 3 4 4 5 8 8 9 3 4 6 5 6 9 10 9 
33 2 1 2 3 3 4 6 5 3 5 3 4 5 7 11 7 4 4 5 5 7 9 12 12 
34 1 2 3 3 3 4 7 4 3 4 3 4 6 8 8 8 3 5 5 5 7 9 10 13 
35 2 2 4 3 4 5 7 6 3 4 4 5 6 8 10 11 3 5 5 6 7 10 11 12 
36 1 2 2 3 2 5 7 4 3 4 3 3 6 6 7 10 3 5 4 6 7 11 9 11 
37 2 2 3 2 2 6 4 4 2 5 4 6 6 9 9 9 4 5 4 6 6 9 9 9 
38 1 3 3 3 4 5 5 5 3 4 4 4 5 8 7 8 3 4 6 6 6 11 9 13 
39 2 1 4 2 3 6 5 5 3 3 5 4 5 7 10 8 4 5 5 5 7 10 9 11 
40 2 1 3 2 3 4 4 5 3 4 4 3 6 8 8 9 3 5 5 5 6 10 11 12 
41 1 2 2 3 2 4 4 6 2 3 4 4 5 6 8 7 3 4 5 4 5 9 11 9 
42 2 2 1 3 3 3 4 4 3 3 3 4 5 6 8 8 4 4 5 5 7 8 10 11 
43 1 3 1 3 4 3 6 4 3 3 3 5 5 7 8 8 3 3 5 5 6 8 9 10 
44 1 2 3 2 3 5 4 4 3 3 5 4 4 6 7 9 3 4 5 5 6 8 10 9 
45 2 1 3 2 3 3 4 4 3 3 4 4 4 6 8 6 3 4 6 5 6 8 10 9 
46 2 2 3 2 3 5 6 6 3 5 4 4 6 8 10 9 4 5 6 5 9 10 10 11 
47 1 3 3 3 3 4 5 7 3 4 5 6 7 9 10 9 4 5 7 6 10 13 11 11 
48 2 2 3 3 5 6 7 5 4 4 5 6 8 8 12 11 5 5 6 7 6 11 14 13 
49 2 2 3 3 4 7 6 8 3 5 6 5 7 8 10 10 4 5 7 6 9 10 12 13 
50 2 2 2 3 5 4 6 5 3 5 4 5 6 9 10 10 4 5 6 6 9 10 11 13 
51 1 3 3 3 3 4 4 9 4 4 4 5 7 9 10 8 4 6 5 6 8 12 12 12 
52 2 4 2 3 4 5 5 6 3 5 4 5 5 7 9 8 4 4 5 7 7 9 10 12 
53 2 3 3 2 4 5 6 5 4 5 4 5 7 7 9 10 4 5 6 7 9 9 11 14 
54 2 3 3 2 3 5 5 6 4 4 5 4 7 8 9 9 4 5 6 6 8 13 11 13 
55 2 2 3 2 3 4 6 8 3 4 5 4 7 8 8 9 4 6 6 6 8 11 11 12 
56 2 2 3 2 4 5 6 5 3 4 4 5 6 8 8 8 4 6 6 7 8 10 11 13 
57 2 2 2 3 3 4 5 3 3 3 5 5 6 7 10 9 3 5 5 4 7 9 11 11 
58 1 3 2 3 3 6 5 6 2 4 4 4 6 7 9 9 4 4 6 6 7 10 10 10 
59 2 2 5 3 6 7 6 5 3 4 6 5 6 10 11 10 3 6 6 7 8 10 14 14 
60 1 3 2 3 3 4 6 5 3 5 4 4 5 8 8 9 4 4 5 6 7 10 10 10 
