1 1 1 3 2 2 4 4 4 2 3 3 4 4 4 6 6 3 2 4 4 3 7 8 8 
2 1 1 2 2 2 3 4 4 2 2 3 4 3 5 5 7 2 3 4 4 4 6 7 8 
3 1 2 2 2 2 3 5 4 2 2 3 3 3 5 5 6 2 4 3 4 4 6 8 7 
4 1 2 2 2 3 2 5 3 2 3 3 3 3 6 4 7 2 4 3 4 4 5 9 7 
5 1 2 2 2 2 3 4 5 1 3 3 3 4 4 7 7 2 3 4 4 4 6 7 7 
6 1 2 2 2 2 3 5 4 2 2 3 4 3 5 5 6 3 3 3 4 3 6 7 8 
7 1 2 2 1 3 3 4 3 2 2 3 3 4 5 5 7 2 3 4 3 4 6 7 7 
8 1 2 2 2 2 3 5 3 2 2 3 3 4 4 6 6 2 3 3 4 4 5 7 8 
9 1 2 2 2 2 4 3 5 2 2 4 3 4 6 5 7 1 4 4 3 4 6 8 6 
10 1 2 2 2 2 3 4 5 1 3 2 3 4 6 5 6 2 4 4 3 4 6 6 9 
11 1 2 2 1 2 3 4 4 2 2 3 3 3 5 6 6 2 3 4 3 3 6 6 9 
12 1 1 2 2 2 3 4 4 2 2 2 3 3 4 5 7 2 3 3 3 4 6 6 7 
13 1 2 2 2 3 3 4 4 1 3 2 4 3 4 5 6 2 3 4 4 3 6 8 7 
14 1 2 2 2 3 4 4 4 2 3 3 4 3 5 6 7 2 4 4 5 4 8 7 9 
15 1 1 2 2 2 4 4 4 1 2 3 3 3 5 7 5 3 3 3 4 4 4 7 8 
16 2 2 2 3 3 3 5 5 2 3 4 3 5 6 7 7 3 4 5 4 6 8 9 11 
17 2 1 3 3 3 3 4 6 3 3 3 5 4 7 7 8 3 5 4 4 6 7 9 8 
18 2 2 3 2 3 5 5 6 3 3 3 5 5 8 8 9 3 4 5 5 5 8 9 10 
19 1 2 3 2 3 5 5 5 2 4 4 4 4 6 10 8 3 4 5 4 5 9 9 10 
20 2 2 2 2 4 3 4 5 2 3 4 3 6 5 9 6 3 4 4 5 6 9 9 7 
21 1 2 2 2 2 4 4 4 2 2 4 3 4 6 6 6 2 4 4 4 5 7 9 8 
22 2 1 2 3 2 4 5 5 2 2 4 3 4 6 6 7 3 3 3 5 5 6 8 8 
23 1 2 3 2 3 3 6 4 3 3 3 4 3 6 7 7 3 3 5 5 6 7 10 8 
24 1 2 3 2 4 4 4 6 2 3 4 4 5 6 7 11 3 4 5 4 6 7 8 10 
25 2 2 2 2 3 4 6 4 3 3 3 4 4 7 6 10 3 3 4 4 6 6 8 9 
26 1 2 3 2 2 5 5 5 2 3 3 4 4 5 7 6 4 3 5 5 6 9 8 10 
27 2 2 3 2 3 3 5 5 2 3 5 4 4 5 8 9 3 3 4 5 5 7 8 8 
28 1 1 2 2 2 4 3 4 2 4 3 4 3 6 6 6 2 4 4 4 5 7 7 8 
29 2 2 2 2 3 4 4 5 2 4 3 4 5 7 7 7 3 4 4 5 6 8 8 10 
30 1 2 2 3 3 4 3 4 2 3 5 3 4 5 8 7 3 5 3 5 6 7 8 10 
31 2 2 3 4 4 5 4 7 2 5 3 4 6 7 8 10 3 5 5 5 7 9 11 10 
32 1 2 3 2 3 5 5 5 3 3 4 3 5 8 8 9 3 4 5 4 7 9 8 10 
33 2 2 3 2 4 4 6 6 3 4 4 4 5 7 8 6 4 4 5 5 7 8 11 10 
34 2 2 3 3 4 4 5 7 3 4 4 4 6 8 9 9 4 4 4 6 7 10 11 11 
35 1 3 2 3 5 4 6 6 2 4 4 5 6 9 8 10 4 4 5 6 7 11 11 13 
36 1 3 2 3 2 7 6 6 2 4 4 5 5 6 9 8 3 5 5 5 8 8 11 10 
37 2 2 3 2 3 5 6 5 2 4 4 4 5 6 7 7 4 4 5 4 7 8 10 10 
38 2 3 3 2 5 4 5 6 4 3 5 4 6 8 9 8 4 4 5 5 7 9 10 11 
39 1 2 3 2 4 4 5 5 2 5 3 6 6 6 9 9 3 5 5 4 6 9 10 11 
40 2 3 3 3 4 4 5 7 2 4 3 4 5 7 9 8 4 4 5 6 6 8 9 11 
41 1 2 3 2 3 4 4 5 2 4 4 4 4 7 7 7 2 4 4 5 6 8 10 10 
42 2 2 2 2 3 3 5 3 3 3 4 4 4 8 7 9 3 4 4 4 7 7 8 10 
43 2 2 3 3 3 4 5 4 3 4 4 5 4 8 9 10 3 4 6 5 5 8 10 11 
44 1 3 2 3 2 5 4 5 3 4 4 4 5 8 8 9 3 4 5 6 8 9 8 9 
45 2 2 2 2 2 5 5 4 2 4 4 3 4 7 7 7 3 5 5 5 5 9 9 10 
46 1 2 3 2 3 4 6 5 3 3 4 7 5 9 9 11 5 6 6 5 7 10 10 13 
47 1 3 4 2 4 4 7 7 3 4 5 5 6 8 11 11 4 5 6 7 8 10 12 12 
48 2 3 3 3 5 5 5 6 3 5 4 5 6 9 9 12 4 6 5 7 9 10 11 13 
49 3 2 3 3 4 5 6 9 3 5 5 4 7 8 8 9 6 6 5 7 8 10 11 13 
50 2 3 3 5 3 5 6 8 3 4 5 5 7 8 10 10 4 5 6 6 9 12 10 12 
51 2 2 3 2 4 6 6 6 3 4 4 5 7 8 11 11 4 6 6 7 8 11 9 12 
52 1 2 3 3 3 5 4 6 3 4 5 4 6 9 10 8 5 5 5 5 10 11 13 15 
53 2 2 4 2 4 7 5 6 3 5 4 5 6 8 9 9 5 6 6 6 7 11 12 12 
54 2 2 2 3 4 7 7 5 3 4 5 6 5 9 8 15 4 5 7 5 8 9 12 15 
55 2 4 2 3 3 5 6 4 3 5 6 4 6 8 11 9 3 5 6 5 8 10 11 11 
56 2 2 4 3 4 4 5 5 2 5 4 4 5 7 7 10 4 5 7 6 7 9 11 11 
57 2 2 3 2 5 4 4 5 3 3 5 5 6 7 10 10 4 5 5 5 7 9 12 12 
58 2 2 2 2 3 5 5 6 3 3 4 5 5 7 8 10 3 6 5 5 7 10 9 11 
59 3 3 3 3 4 6 5 7 4 4 5 5 6 9 10 9 4 5 8 7 8 11 14 14 
60 2 2 2 2 3 4 5 5 3 4 5 4 4 7 8 9 3 5 6 5 7 9 10 12 
