1 1.22953e+06 1.2247e+06 1.22708e+06 1.21817e+06 1.23348e+06 1.22661e+06 1.22326e+06 1.2129e+06 1.2134e+06 
2 977081 1.00661e+06 983061 997674 1.00256e+06 992748 979498 1.00594e+06 1.00336e+06 
3 1.17726e+06 1.19028e+06 1.18589e+06 1.17132e+06 1.16657e+06 1.14877e+06 1.15681e+06 1.1671e+06 1.15627e+06 
4 973521 962140 968662 940673 964942 911353 928341 963702 947028 
5 1.06987e+06 1.07976e+06 1.08588e+06 1.0795e+06 1.0745e+06 1.05842e+06 1.07327e+06 1.06949e+06 1.06602e+06 
6 1.14995e+06 1.1467e+06 1.15462e+06 1.14938e+06 1.14381e+06 1.15475e+06 1.16264e+06 1.13933e+06 1.15088e+06 
7 1.1473e+06 1.1438e+06 1.1294e+06 1.12966e+06 1.12977e+06 1.12933e+06 1.14729e+06 1.1282e+06 1.13305e+06 
8 1.28778e+06 1.22565e+06 1.25546e+06 1.24557e+06 1.32536e+06 1.23614e+06 1.24475e+06 1.25958e+06 1.25007e+06 
9 1.24507e+06 1.22824e+06 1.2305e+06 1.23778e+06 1.21565e+06 1.2247e+06 1.2356e+06 1.2175e+06 1.21858e+06 
10 1.1981e+06 1.20198e+06 1.15752e+06 1.21662e+06 1.19203e+06 1.13373e+06 1.20831e+06 1.14931e+06 1.13838e+06 
11 1.09666e+06 1.04759e+06 1.01836e+06 1.01881e+06 1.04178e+06 1.02788e+06 1.02437e+06 1.02027e+06 1.02514e+06 
12 1.125e+06 1.12419e+06 1.11679e+06 1.10739e+06 1.1044e+06 1.11709e+06 1.12455e+06 1.08112e+06 1.12591e+06 
13 1.21392e+06 1.24386e+06 1.22247e+06 1.22563e+06 1.22478e+06 1.21714e+06 1.20617e+06 1.21845e+06 1.21037e+06 
14 1.08322e+06 1.08897e+06 1.13537e+06 1.10368e+06 1.0807e+06 1.09861e+06 1.08759e+06 1.07855e+06 1.07843e+06 
15 988046 979073 974472 969381 965168 970858 959844 949947 961732 
16 1.00916e+06 984070 1.00603e+06 984262 967896 987576 986284 990888 967164 
17 1.10765e+06 1.10445e+06 1.10463e+06 1.08952e+06 1.03985e+06 1.09251e+06 1.08343e+06 1.09074e+06 1.09434e+06 
18 907658 922024 883275 906191 904940 914461 906719 895021 891763 
19 1.12967e+06 1.1164e+06 1.09655e+06 1.11275e+06 1.09736e+06 1.11644e+06 1.08945e+06 1.10916e+06 1.12643e+06 
20 1.14981e+06 1.16323e+06 1.16161e+06 1.14963e+06 1.16019e+06 1.15577e+06 1.15366e+06 1.15511e+06 1.14683e+06 
21 871860 855176 860733 855513 858952 845593 851557 851555 844203 
22 1.05686e+06 1.04856e+06 1.06666e+06 1.04965e+06 1.03577e+06 1.04125e+06 1.04568e+06 1.0505e+06 1.03688e+06 
23 1.02422e+06 999950 1.00508e+06 1.00365e+06 994878 1.00086e+06 988555 992572 990063 
24 925995 924323 929979 934329 932416 931798 908488 932308 918454 
25 1.04577e+06 1.03695e+06 1.05352e+06 1.02445e+06 1.01988e+06 1.00359e+06 1.01371e+06 1.02246e+06 998522 
26 1.10402e+06 1.09628e+06 1.09787e+06 1.07541e+06 1.07916e+06 1.074e+06 1.07036e+06 1.08581e+06 1.0655e+06 
27 982294 1.00149e+06 972121 971142 979759 989772 983517 967905 974130 
28 1.1882e+06 1.16e+06 1.14189e+06 1.14238e+06 1.15103e+06 1.16088e+06 1.16788e+06 1.13873e+06 1.12103e+06 
29 968168 1.00365e+06 974291 997803 995440 994569 968952 971703 979935 
30 1.04984e+06 1.12407e+06 1.07133e+06 1.101e+06 1.10496e+06 1.07907e+06 1.05033e+06 1.08307e+06 1.07282e+06 
31 866788 852503 862278 856773 847779 850938 839044 853233 852146 
32 924643 926990 911741 939863 930689 932365 897378 927641 918947 
33 979568 953539 963374 967559 958066 957455 940688 940452 958906 
34 976265 955491 963113 961061 940275 937364 954835 946268 951404 
35 1.06435e+06 1.07582e+06 1.06549e+06 1.06267e+06 1.05571e+06 1.06337e+06 1.05745e+06 1.05827e+06 1.0657e+06 
36 982030 985326 990253 981749 992857 980616 986774 979079 986530 
37 1.06335e+06 1.08218e+06 1.076e+06 1.05362e+06 1.059e+06 1.05704e+06 1.05008e+06 1.06149e+06 1.07515e+06 
38 1.16371e+06 1.14816e+06 1.1534e+06 1.14239e+06 1.1593e+06 1.16103e+06 1.15479e+06 1.15317e+06 1.15497e+06 
39 985245 988849 1.00724e+06 985837 997184 996264 970208 994876 983937 
40 899396 904129 906744 860290 883098 899369 889161 887766 876774 
41 1.03294e+06 1.06102e+06 1.0593e+06 1.01472e+06 1.04891e+06 1.0011e+06 1.03257e+06 993332 1.0437e+06 
42 1.0493e+06 1.04678e+06 1.05143e+06 1.04517e+06 1.0536e+06 1.02148e+06 1.04191e+06 1.02693e+06 1.02093e+06 
43 1.0565e+06 1.07158e+06 1.06816e+06 1.052e+06 1.05023e+06 1.04682e+06 1.03911e+06 1.03764e+06 1.06207e+06 
44 1.00263e+06 961277 991527 964314 961925 981980 983434 963449 986197 
45 1.10043e+06 1.05922e+06 1.05078e+06 1.0636e+06 1.07684e+06 1.07073e+06 1.06527e+06 1.05355e+06 1.07612e+06 
46 957055 952913 949078 949283 965195 944416 955254 944053 953827 
47 841623 844284 849638 842796 835239 843087 833940 848177 842670 
48 1.03949e+06 1.04335e+06 1.04357e+06 1.04284e+06 1.03368e+06 1.04439e+06 1.02863e+06 1.03105e+06 1.03158e+06 
49 914112 934009 928624 915468 923315 922882 921514 909206 912249 
50 903653 921352 914905 915119 896133 899964 900312 907564 906074 
51 958554 933748 950930 957877 941509 931418 941366 934544 938371 
52 925935 926826 939374 911890 950094 912018 914791 928157 912122 
53 993394 996682 997061 1.00889e+06 996998 985073 996147 1.00269e+06 980351 
54 948025 958558 951394 952320 940401 966832 953766 951633 956761 
55 996830 980521 997594 974325 960854 991519 991073 966082 971095 
56 910093 922491 908025 925614 909210 902760 897362 911031 927356 
57 819092 825440 814084 815168 828328 808870 822551 829428 816539 
58 950913 985236 954156 949329 974983 944140 938748 965609 941662 
59 959115 955826 956091 943563 950491 940456 930051 953760 961896 
60 963760 963920 1.01765e+06 967054 973495 998654 966543 978731 1.0146e+06 
