1 300555 
2 305708 
3 321161 
4 306224 
5 300338 
6 317402 
7 283470 
8 347900 
9 285846 
10 329388 
11 314860 
12 296377 
13 286309 
14 344668 
15 283269 
16 338546 
17 343225 
18 330230 
19 372999 
20 321359 
21 310828 
22 332599 
23 334663 
24 327501 
25 326041 
26 354119 
27 317307 
28 297464 
29 302040 
30 315576 
31 338094 
32 353475 
33 355966 
34 318945 
35 264977 
36 367054 
37 335181 
38 340207 
39 345360 
40 352947 
41 348379 
42 371777 
43 288207 
44 365174 
45 345116 
46 336921 
47 246586 
48 270001 
49 236210 
50 283701 
51 264292 
52 287535 
53 295346 
54 259558 
55 273915 
56 288100 
57 321585 
58 274716 
59 270602 
60 232876 
61 268788 
62 363431 
63 313221 
64 304284 
65 290881 
66 319966 
67 283141 
68 287080 
69 261829 
70 313565 
71 316328 
72 302517 
73 295977 
74 287187 
75 315532 
76 304201 
77 294294 
78 341637 
79 290721 
80 313406 
81 295542 
82 350257 
83 336525 
84 323481 
85 331888 
86 302780 
87 278151 
88 318841 
89 264301 
90 334241 
91 261498 
92 233181 
93 270712 
94 264772 
95 256093 
96 295246 
97 275983 
98 243537 
99 269071 
100 292659 
101 262588 
102 279005 
103 249152 
104 264413 
105 273899 
106 279532 
107 274616 
108 273626 
109 311919 
110 292793 
111 285796 
112 270998 
113 253616 
114 332363 
115 310884 
116 282751 
117 256639 
118 281985 
119 282107 
120 306338 
121 280931 
122 314056 
123 281750 
124 282196 
125 291613 
126 283820 
127 280853 
128 304771 
129 294947 
130 251529 
131 294155 
132 282444 
133 297638 
134 285008 
135 258650 
136 245492 
137 251858 
138 245265 
139 298793 
140 259045 
141 232349 
142 272816 
143 246420 
144 239208 
145 291299 
146 287848 
147 267211 
148 256581 
149 265237 
150 257611 
151 271083 
152 251854 
153 269801 
154 265666 
155 278730 
156 262671 
157 258040 
158 241769 
159 266709 
160 252083 
161 240908 
162 252137 
163 309374 
164 306478 
165 266475 
166 267821 
167 329553 
168 286060 
169 297773 
170 298405 
171 301831 
172 287355 
173 288766 
174 238176 
175 330554 
176 247231 
177 253863 
178 265628 
179 257783 
180 223670 
