1 299766 
2 308254 
3 325144 
4 311212 
5 300999 
6 314598 
7 278696 
8 351597 
9 289328 
10 334904 
11 315219 
12 301760 
13 292463 
14 380934 
15 298147 
16 338696 
17 341577 
18 337370 
19 376201 
20 321696 
21 321877 
22 339324 
23 335826 
24 320065 
25 335307 
26 351914 
27 310007 
28 291464 
29 314482 
30 314129 
31 336160 
32 366036 
33 350563 
34 321748 
35 274202 
36 381748 
37 329578 
38 347857 
39 349075 
40 365810 
41 368813 
42 364441 
43 291677 
44 360829 
45 340216 
46 335661 
47 260125 
48 277951 
49 250076 
50 284449 
51 268548 
52 276828 
53 304133 
54 266835 
55 284728 
56 292069 
57 314359 
58 278040 
59 277009 
60 231473 
61 267059 
62 363727 
63 324017 
64 312527 
65 291090 
66 316873 
67 288514 
68 282930 
69 257126 
70 315019 
71 323742 
72 298949 
73 295205 
74 293451 
75 312451 
76 311698 
77 286026 
78 339274 
79 294304 
80 311241 
81 304047 
82 359318 
83 344807 
84 328038 
85 339182 
86 311902 
87 283766 
88 319325 
89 282850 
90 326994 
91 264333 
92 240667 
93 276789 
94 271298 
95 268676 
96 298863 
97 278601 
98 251758 
99 282428 
100 304383 
101 268474 
102 287082 
103 242696 
104 277536 
105 280622 
106 284506 
107 278050 
108 275873 
109 307230 
110 293895 
111 288871 
112 272690 
113 263046 
114 333943 
115 320362 
116 286945 
117 263777 
118 278392 
119 287982 
120 309947 
121 275029 
122 317115 
123 281564 
124 284904 
125 296471 
126 288979 
127 280794 
128 306001 
129 292442 
130 252695 
131 282691 
132 288905 
133 285192 
134 293938 
135 255920 
136 246810 
137 257516 
138 246694 
139 298927 
140 258240 
141 231672 
142 276757 
143 243831 
144 243418 
145 287093 
146 292028 
147 265662 
148 257888 
149 271961 
150 259521 
151 274501 
152 256137 
153 273935 
154 262735 
155 278095 
156 258929 
157 263926 
158 245288 
159 273602 
160 260454 
161 244116 
162 242952 
163 312652 
164 317556 
165 272437 
166 271405 
167 331612 
168 276739 
169 296177 
170 311098 
171 308277 
172 275238 
173 293520 
174 247217 
175 338740 
176 256892 
177 251390 
178 263508 
179 261838 
180 217473 
