1 302435 
2 298439 
3 322277 
4 308692 
5 295141 
6 308835 
7 278291 
8 351024 
9 285818 
10 331150 
11 316930 
12 299894 
13 292546 
14 359083 
15 291486 
16 348058 
17 342099 
18 330062 
19 365465 
20 324498 
21 317423 
22 332166 
23 335611 
24 329536 
25 334841 
26 354578 
27 317787 
28 294539 
29 304745 
30 314845 
31 332978 
32 361738 
33 342901 
34 320726 
35 258934 
36 379457 
37 338508 
38 346411 
39 344197 
40 348601 
41 348261 
42 369594 
43 279265 
44 356541 
45 339550 
46 338838 
47 248328 
48 267673 
49 240696 
50 284484 
51 264668 
52 283053 
53 296247 
54 265276 
55 276874 
56 295285 
57 325135 
58 272842 
59 271862 
60 228613 
61 266874 
62 367629 
63 316940 
64 315194 
65 286239 
66 319784 
67 281772 
68 290638 
69 256985 
70 304644 
71 316038 
72 301198 
73 291380 
74 290140 
75 317443 
76 299986 
77 293775 
78 339847 
79 287564 
80 317301 
81 298543 
82 349302 
83 330257 
84 320654 
85 330867 
86 315119 
87 282063 
88 311327 
89 280284 
90 329850 
91 261460 
92 231641 
93 273780 
94 257068 
95 257745 
96 295400 
97 281146 
98 247326 
99 279511 
100 289955 
101 256257 
102 282119 
103 247193 
104 269721 
105 275698 
106 280504 
107 271593 
108 272105 
109 317155 
110 289830 
111 279406 
112 274723 
113 263548 
114 333893 
115 316690 
116 283363 
117 264745 
118 279520 
119 277291 
120 306285 
121 277220 
122 323189 
123 275770 
124 290123 
125 294976 
126 288575 
127 269285 
128 303333 
129 284522 
130 251558 
131 294306 
132 286649 
133 294789 
134 286553 
135 255736 
136 239450 
137 252921 
138 245068 
139 302403 
140 261517 
141 232656 
142 273338 
143 246542 
144 236961 
145 290166 
146 284185 
147 270493 
148 259046 
149 267237 
150 258311 
151 267120 
152 256994 
153 264680 
154 260231 
155 274479 
156 262854 
157 255955 
158 243408 
159 268046 
160 253888 
161 237983 
162 258469 
163 317595 
164 310967 
165 270202 
166 267112 
167 325204 
168 283535 
169 297460 
170 301640 
171 295640 
172 278792 
173 277820 
174 235594 
175 329373 
176 258702 
177 242655 
178 259471 
179 257437 
180 221826 
