1 306217 
2 312736 
3 328731 
4 309215 
5 302366 
6 310676 
7 280461 
8 350015 
9 284901 
10 340874 
11 321196 
12 293815 
13 287540 
14 361004 
15 302523 
16 353660 
17 347245 
18 340146 
19 371231 
20 320314 
21 334363 
22 338187 
23 339402 
24 331652 
25 332769 
26 360518 
27 308351 
28 297179 
29 309547 
30 319096 
31 335794 
32 365550 
33 358369 
34 329490 
35 276222 
36 371614 
37 332112 
38 348615 
39 349521 
40 360454 
41 362675 
42 374032 
43 295883 
44 372490 
45 317736 
46 340554 
47 250953 
48 278210 
49 245032 
50 282324 
51 264388 
52 289967 
53 299402 
54 258374 
55 292218 
56 301794 
57 328578 
58 273985 
59 267783 
60 223281 
61 266560 
62 359594 
63 329168 
64 305264 
65 296948 
66 320575 
67 288356 
68 288166 
69 264147 
70 322651 
71 322592 
72 304527 
73 286251 
74 288107 
75 315736 
76 313526 
77 304649 
78 337967 
79 291600 
80 300577 
81 299385 
82 339143 
83 338107 
84 334420 
85 332790 
86 303619 
87 282228 
88 315360 
89 277393 
90 330717 
91 260894 
92 239116 
93 272827 
94 268860 
95 266131 
96 296129 
97 280187 
98 248097 
99 270674 
100 297098 
101 262575 
102 286743 
103 249552 
104 269755 
105 282518 
106 279019 
107 280640 
108 282503 
109 316718 
110 292776 
111 283610 
112 278377 
113 266731 
114 337660 
115 318069 
116 293083 
117 266473 
118 282147 
119 286282 
120 313047 
121 279295 
122 322316 
123 284001 
124 287375 
125 300670 
126 293393 
127 279714 
128 302836 
129 281558 
130 255899 
131 270578 
132 291580 
133 293845 
134 294846 
135 255569 
136 244818 
137 262049 
138 240336 
139 303640 
140 260711 
141 238192 
142 277765 
143 249531 
144 239291 
145 286145 
146 287668 
147 275001 
148 259216 
149 268710 
150 259173 
151 266300 
152 256336 
153 272667 
154 273715 
155 285264 
156 266588 
157 259927 
158 241594 
159 270389 
160 250019 
161 232064 
162 256424 
163 314101 
164 313166 
165 269787 
166 269514 
167 334149 
168 285249 
169 297199 
170 306390 
171 309658 
172 285239 
173 297220 
174 239902 
175 345339 
176 251883 
177 253894 
178 269564 
179 255678 
180 223168 
