1 296482 
2 313399 
3 320136 
4 307681 
5 287813 
6 305052 
7 283083 
8 347523 
9 276340 
10 331883 
11 322697 
12 293088 
13 283290 
14 354806 
15 292247 
16 345489 
17 340473 
18 322878 
19 366574 
20 323193 
21 322775 
22 328520 
23 336979 
24 321994 
25 331053 
26 353935 
27 314149 
28 299482 
29 302017 
30 310354 
31 330665 
32 368822 
33 344861 
34 318767 
35 265443 
36 367085 
37 325529 
38 343655 
39 342159 
40 366476 
41 360186 
42 361867 
43 284875 
44 360765 
45 342893 
46 340496 
47 255355 
48 271723 
49 244575 
50 281596 
51 259268 
52 279399 
53 297224 
54 263052 
55 284678 
56 281704 
57 324748 
58 275658 
59 269324 
60 232863 
61 269559 
62 354260 
63 317278 
64 310030 
65 291229 
66 311666 
67 288046 
68 289700 
69 267033 
70 316357 
71 305139 
72 306349 
73 297935 
74 270371 
75 312777 
76 299725 
77 294863 
78 334653 
79 284224 
80 304300 
81 295369 
82 342992 
83 341142 
84 326864 
85 323581 
86 314181 
87 275106 
88 317498 
89 281086 
90 330130 
91 268109 
92 231921 
93 266532 
94 257103 
95 259733 
96 297016 
97 275912 
98 241738 
99 269506 
100 292729 
101 261085 
102 281577 
103 246186 
104 269035 
105 275302 
106 275833 
107 271062 
108 273576 
109 310419 
110 291779 
111 280178 
112 270347 
113 257530 
114 324624 
115 316136 
116 284118 
117 257497 
118 279821 
119 280767 
120 313232 
121 273527 
122 310051 
123 277888 
124 285577 
125 290606 
126 274182 
127 282988 
128 303357 
129 290052 
130 252113 
131 289047 
132 286452 
133 298661 
134 287604 
135 259047 
136 242194 
137 254311 
138 245625 
139 301402 
140 260538 
141 229519 
142 275140 
143 242711 
144 243259 
145 288426 
146 290165 
147 267774 
148 247890 
149 267410 
150 252532 
151 268207 
152 250469 
153 269496 
154 257968 
155 278085 
156 257657 
157 249252 
158 242342 
159 269643 
160 260030 
161 240662 
162 256442 
163 313821 
164 313778 
165 269825 
166 266353 
167 327344 
168 278356 
169 277641 
170 297340 
171 306148 
172 283437 
173 292548 
174 237332 
175 339423 
176 259638 
177 248589 
178 264441 
179 257803 
180 220160 
