1 307276 
2 314114 
3 323936 
4 306146 
5 288261 
6 309651 
7 285904 
8 356110 
9 287245 
10 337325 
11 320253 
12 303994 
13 287854 
14 360267 
15 292671 
16 343157 
17 336124 
18 335937 
19 362882 
20 318266 
21 330177 
22 345857 
23 342859 
24 334649 
25 339344 
26 359184 
27 310650 
28 303601 
29 312857 
30 321212 
31 341596 
32 354979 
33 354565 
34 323846 
35 275081 
36 384732 
37 330560 
38 344800 
39 351819 
40 367077 
41 356832 
42 373040 
43 290291 
44 370673 
45 341994 
46 339185 
47 244960 
48 273703 
49 246044 
50 281630 
51 266406 
52 281720 
53 305259 
54 261330 
55 280250 
56 296022 
57 330013 
58 277865 
59 270113 
60 242219 
61 277861 
62 370013 
63 329226 
64 318876 
65 292917 
66 315655 
67 289181 
68 292345 
69 262225 
70 313118 
71 321332 
72 303672 
73 299750 
74 292347 
75 322860 
76 304266 
77 289517 
78 340399 
79 290487 
80 302842 
81 304425 
82 359330 
83 342439 
84 332736 
85 339584 
86 312304 
87 291545 
88 311246 
89 277660 
90 343908 
91 272228 
92 230706 
93 276065 
94 271149 
95 257594 
96 300036 
97 280672 
98 247610 
99 276932 
100 291428 
101 270393 
102 285822 
103 248130 
104 275602 
105 278524 
106 280113 
107 283621 
108 281108 
109 316047 
110 297471 
111 284532 
112 280356 
113 258884 
114 330101 
115 318791 
116 282592 
117 265541 
118 286481 
119 284607 
120 307682 
121 277602 
122 316453 
123 285338 
124 292104 
125 300885 
126 291838 
127 282932 
128 306073 
129 294746 
130 253099 
131 296041 
132 290432 
133 300269 
134 278703 
135 257185 
136 246886 
137 254193 
138 242187 
139 307266 
140 257648 
141 239774 
142 281588 
143 245614 
144 242434 
145 297321 
146 290360 
147 279462 
148 262163 
149 266832 
150 251462 
151 267942 
152 246822 
153 274565 
154 262959 
155 288274 
156 266303 
157 252362 
158 241297 
159 272358 
160 260993 
161 244408 
162 256488 
163 316364 
164 309235 
165 276077 
166 270402 
167 328975 
168 284620 
169 302946 
170 291516 
171 301765 
172 279231 
173 294874 
174 231318 
175 340530 
176 248881 
177 250508 
178 262867 
179 261686 
180 221838 
