1 292626 
2 310869 
3 314485 
4 305775 
5 298912 
6 306882 
7 267807 
8 346873 
9 285376 
10 331443 
11 317597 
12 295292 
13 291898 
14 355902 
15 284790 
16 348259 
17 344090 
18 334016 
19 378346 
20 316716 
21 326252 
22 333510 
23 333020 
24 326858 
25 336968 
26 358265 
27 313402 
28 296344 
29 307760 
30 322523 
31 330051 
32 350054 
33 354485 
34 320142 
35 265828 
36 370521 
37 339637 
38 347411 
39 349563 
40 369572 
41 350730 
42 368629 
43 287129 
44 363311 
45 327799 
46 341902 
47 254254 
48 273495 
49 244374 
50 273391 
51 250014 
52 290154 
53 297656 
54 263900 
55 283815 
56 293293 
57 323792 
58 272500 
59 267493 
60 227055 
61 270686 
62 360284 
63 321984 
64 309844 
65 288576 
66 321242 
67 279494 
68 292210 
69 252228 
70 307753 
71 317008 
72 294479 
73 290879 
74 291652 
75 319328 
76 300184 
77 290952 
78 339494 
79 277266 
80 315690 
81 295749 
82 336438 
83 345271 
84 328204 
85 332625 
86 314850 
87 277010 
88 319987 
89 269220 
90 325967 
91 261796 
92 234463 
93 267495 
94 260323 
95 257820 
96 301805 
97 272768 
98 247355 
99 275385 
100 292531 
101 264111 
102 281356 
103 246720 
104 266289 
105 275398 
106 281647 
107 278126 
108 277439 
109 313242 
110 283173 
111 278403 
112 269961 
113 262944 
114 331544 
115 315965 
116 281302 
117 260428 
118 271619 
119 280367 
120 313366 
121 275550 
122 313165 
123 279466 
124 288640 
125 294266 
126 285875 
127 280942 
128 294975 
129 282030 
130 250042 
131 296965 
132 289588 
133 299902 
134 282312 
135 252355 
136 247520 
137 253839 
138 247368 
139 300529 
140 260551 
141 234571 
142 274558 
143 243468 
144 242686 
145 289818 
146 288435 
147 270356 
148 255620 
149 267560 
150 255640 
151 274369 
152 256969 
153 264626 
154 264542 
155 282549 
156 262069 
157 254867 
158 241088 
159 262100 
160 250580 
161 237923 
162 255834 
163 313478 
164 310097 
165 271995 
166 264619 
167 324403 
168 285480 
169 298800 
170 298896 
171 298491 
172 280287 
173 278887 
174 239652 
175 340073 
176 253968 
177 239035 
178 264934 
179 255654 
180 222989 
