1 306148 
2 318261 
3 323683 
4 302400 
5 308999 
6 300717 
7 283496 
8 354807 
9 287428 
10 326461 
11 321410 
12 308192 
13 291302 
14 361823 
15 301334 
16 353754 
17 345301 
18 336955 
19 366982 
20 323232 
21 320718 
22 339878 
23 342021 
24 332700 
25 343413 
26 358015 
27 314220 
28 310010 
29 306068 
30 308686 
31 337849 
32 356463 
33 336424 
34 320876 
35 270040 
36 381717 
37 345069 
38 350797 
39 344471 
40 366808 
41 364776 
42 368867 
43 287454 
44 366044 
45 327866 
46 346595 
47 250663 
48 267489 
49 242427 
50 278583 
51 261850 
52 285932 
53 297682 
54 265835 
55 283025 
56 290667 
57 326906 
58 279921 
59 269733 
60 230896 
61 281046 
62 377888 
63 327724 
64 304283 
65 284332 
66 323079 
67 295626 
68 295561 
69 256350 
70 310038 
71 322898 
72 307911 
73 293218 
74 286376 
75 317611 
76 300557 
77 299256 
78 346838 
79 289085 
80 312198 
81 296761 
82 353510 
83 349265 
84 317656 
85 334082 
86 314763 
87 280770 
88 311518 
89 285041 
90 343275 
91 266332 
92 233019 
93 272431 
94 266446 
95 264269 
96 304126 
97 283516 
98 241086 
99 275942 
100 293441 
101 268395 
102 286014 
103 259232 
104 270454 
105 279351 
106 277650 
107 277655 
108 277962 
109 316217 
110 298150 
111 280738 
112 265348 
113 268608 
114 341968 
115 322562 
116 290691 
117 263478 
118 281367 
119 282588 
120 312183 
121 281027 
122 326896 
123 283010 
124 283264 
125 296231 
126 288346 
127 285246 
128 307818 
129 285838 
130 253647 
131 297403 
132 287571 
133 297308 
134 289196 
135 262018 
136 244858 
137 253825 
138 250712 
139 307618 
140 262204 
141 232263 
142 274854 
143 246160 
144 246067 
145 290055 
146 287640 
147 274478 
148 259746 
149 268615 
150 263052 
151 268861 
152 247921 
153 276876 
154 272401 
155 281432 
156 265718 
157 260033 
158 233307 
159 274568 
160 253391 
161 245657 
162 249459 
163 319265 
164 303216 
165 270496 
166 266351 
167 328607 
168 277708 
169 287740 
170 303860 
171 307184 
172 284886 
173 281638 
174 238608 
175 339580 
176 262001 
177 259858 
178 266900 
179 264374 
180 223655 
