1 72 127 155 116 192 216 178 279 336 
2 68 112 143 112 193 246 158 254 364 
3 75 91 137 112 204 205 168 241 356 
4 63 122 139 123 182 216 162 263 323 
5 70 118 97 110 165 202 130 257 294 
6 79 112 156 140 180 238 182 256 316 
7 85 128 138 110 191 219 179 248 346 
8 84 120 109 110 203 246 175 299 301 
9 82 126 157 121 216 247 187 283 372 
10 77 123 157 139 204 256 173 304 357 
11 87 122 148 146 208 239 191 317 354 
12 81 139 151 134 205 251 201 308 312 
13 71 135 146 132 215 276 202 312 391 
14 84 128 164 148 231 275 212 318 393 
15 90 127 135 130 199 273 203 293 403 
16 70 116 132 106 172 231 140 234 298 
17 61 87 128 96 136 194 148 274 241 
18 66 90 123 115 162 228 140 266 318 
19 72 101 115 113 160 197 162 230 303 
20 62 96 127 114 183 189 133 198 278 
21 65 97 129 105 176 208 162 223 332 
22 58 99 131 130 148 185 168 245 287 
23 61 83 122 118 183 205 139 253 320 
24 84 106 134 109 168 234 160 263 356 
25 66 95 126 112 181 261 164 289 348 
26 85 127 157 117 176 199 182 318 392 
27 76 113 156 110 229 240 158 284 335 
28 73 96 150 127 183 234 167 276 357 
29 73 100 127 122 186 229 164 292 317 
30 66 117 88 100 190 266 158 241 313 
31 52 103 122 96 149 182 171 218 241 
32 58 103 114 103 148 182 143 214 291 
33 64 94 129 104 182 247 147 234 334 
34 68 115 108 125 174 201 144 225 322 
35 68 85 115 111 193 211 155 203 308 
36 80 114 158 99 189 236 187 239 311 
37 61 86 108 120 180 169 144 238 331 
38 78 100 107 111 165 252 162 249 245 
39 64 113 117 120 167 209 149 232 271 
40 63 102 113 106 153 212 167 167 330 
41 65 107 148 119 153 252 162 236 345 
42 64 121 140 126 181 264 188 264 382 
43 77 123 137 144 202 266 140 303 274 
44 77 98 125 96 192 246 170 225 334 
45 66 102 129 122 180 249 194 252 308 
46 66 90 118 105 148 179 153 264 296 
47 61 106 94 113 183 226 145 255 311 
48 62 125 107 101 175 208 157 237 327 
49 53 94 131 91 184 197 185 221 277 
50 67 106 151 118 173 236 160 238 329 
51 65 131 167 115 188 212 143 210 319 
52 63 100 108 118 155 202 147 251 277 
53 63 109 139 108 167 228 160 215 298 
54 65 108 145 129 188 224 139 226 294 
55 75 101 115 104 154 191 153 231 239 
56 69 92 121 113 171 222 168 232 271 
57 68 116 119 119 169 247 173 288 309 
58 76 106 114 126 184 270 168 277 352 
59 58 99 105 108 202 222 150 264 340 
60 81 100 143 133 184 222 156 235 280 
