1 52498.6 
2 52783 
3 45135.5 
4 40218.4 
5 52776.7 
6 47279.8 
7 37986.4 
8 48182.1 
9 47421.3 
10 46520.3 
11 53249.3 
12 48099.9 
13 41954.1 
14 41230.9 
15 33531.1 
16 46561.4 
17 44273.5 
18 42401.8 
19 26573.7 
20 48483.8 
21 44100.5 
22 42668.4 
23 47793 
24 34136.4 
25 42774 
26 40542.7 
27 52285.3 
28 49718.5 
29 67385.8 
30 47427 
31 44433.6 
32 46587.9 
33 47055.4 
34 58481.4 
35 54123.1 
36 43203.5 
37 46300.5 
38 40163.1 
39 42874.6 
40 41822.3 
41 51542.8 
42 44654.3 
43 47746.6 
44 34411.4 
45 63228 
46 45088.5 
47 45665.6 
48 43295.2 
49 47933.7 
50 51926.6 
51 46170.9 
52 51615.5 
53 47104.9 
54 53207.4 
55 35540.4 
56 51654.1 
57 45995.8 
58 52203.9 
59 60796.8 
60 51116.9 
61 48023.8 
62 47777 
63 37842.9 
64 60880.2 
65 55877.8 
66 43615.8 
67 57784.3 
68 42016.2 
69 50497.9 
70 35193 
71 43858.3 
72 49817.8 
73 54921.8 
74 43242.5 
75 52608 
76 40516.9 
77 39735.2 
78 39941.5 
79 51516.5 
80 43533.7 
81 54624.2 
82 48215.5 
83 46941.6 
84 39097 
85 39221.3 
86 44808.9 
87 50497.8 
88 46344.7 
89 36396.4 
90 41731.6 
91 44824.5 
92 42331.3 
93 53191.9 
94 42315.1 
95 50715.9 
96 49614.8 
97 45309.9 
98 39796.9 
99 38087.5 
100 39791.1 
101 41791.9 
102 43506.4 
103 36107 
104 52231.3 
105 38570.2 
106 46802.7 
107 33239.1 
108 39899.4 
109 62237 
110 45081 
111 42673 
112 40843.1 
113 47949.5 
114 58901.2 
115 55218.4 
116 44603.2 
117 45454.3 
118 35016.4 
119 65446.9 
120 44078.8 
121 53631.4 
122 48340.6 
123 36872.4 
124 53678 
125 53306.3 
126 46387.6 
127 44421.9 
128 63201.7 
129 41710.3 
130 52213.5 
131 45643.8 
132 47177.3 
133 50869.1 
134 45816.9 
135 46587.8 
136 46668.3 
137 50308.5 
138 46125.9 
139 63433.5 
140 49852.1 
141 54250.1 
142 46727.5 
143 49957.2 
144 42156.7 
145 47196 
146 41503 
147 42283.9 
148 39459.3 
149 37741.2 
150 39659.2 
151 46557.6 
152 40611.6 
153 45240.9 
154 38802.5 
155 52368.6 
156 45148 
157 40729 
158 43522.9 
159 33300.8 
160 44556.6 
161 38785 
162 41959 
163 38827.5 
164 48606.3 
165 40382.4 
166 41394.2 
167 34529.7 
168 40031.1 
169 41023.6 
170 36721.7 
171 43665.7 
172 27704.4 
173 42843.1 
174 43063.9 
175 37351.8 
176 49258.9 
177 61099.7 
178 41593.4 
179 53359.2 
180 43569.4 
181 41746.7 
182 39391.3 
183 36387 
184 43603.2 
185 40416.4 
186 45523.4 
187 35870.5 
188 44122.2 
189 33015 
190 47263.6 
191 42377.1 
192 42998.4 
193 43342.3 
194 38585 
195 39578.8 
196 38046.2 
197 42599.5 
198 39056.2 
199 51462.4 
200 40853.2 
201 42546.6 
202 52623 
203 55167.6 
204 50022.8 
205 59144.1 
206 49763.3 
207 39160.9 
208 41398 
209 37707.6 
210 48747.6 
211 58984.1 
212 43168.3 
213 57104 
214 50249.5 
215 46534.5 
216 49856 
217 40276.7 
218 39009.5 
219 51456.3 
220 39074.8 
221 40273.1 
222 44962.5 
223 37693.4 
224 49668.9 
225 39274.5 
226 46220 
227 42101.6 
228 47328.4 
229 40263.3 
230 41993.2 
231 42796.6 
232 42844.7 
233 48306.5 
234 45889.2 
235 42131.7 
236 44536.2 
237 47698.6 
238 46712.5 
239 40679.8 
240 46587.4 
241 44895.2 
242 44284.9 
243 36296.8 
244 41637.6 
245 44566.9 
246 45345.3 
247 51184.7 
248 37480.9 
249 41878.8 
250 38939.7 
251 42764 
252 40932.3 
253 48214.9 
254 49181.7 
255 57190.2 
256 35705.7 
257 54370.3 
258 47360.2 
259 42378.7 
260 49877.8 
261 51665.8 
262 45790.2 
263 50975.2 
264 55808.2 
265 43651.9 
266 31181.1 
267 42360.6 
268 50594.3 
269 46403.8 
270 45377.9 
271 44679.7 
272 46226 
273 35408.9 
274 47860 
275 41138.2 
276 48761.7 
277 57107.6 
278 46545.6 
279 43839.7 
280 51723.9 
281 40583.8 
282 36842.6 
283 47380.6 
284 47216.8 
285 36539.8 
286 40075.3 
287 43195.8 
288 51393.5 
289 48392.9 
290 40529.9 
291 53011.6 
292 56296.6 
293 47338.4 
294 46903 
295 56504.7 
296 45474.7 
297 43486 
298 44928.2 
299 40804.9 
300 36204.7 
