1 47 
2 49 
3 49 
4 48 
5 52 
6 52 
7 51 
8 50 
9 52 
10 49 
11 53 
12 47 
13 50 
14 48 
15 51 
16 52 
17 58 
18 51 
19 54 
20 48 
21 50 
22 53 
23 51 
24 49 
25 57 
26 51 
27 48 
28 52 
29 52 
30 53 
31 52 
32 51 
33 56 
34 52 
35 48 
36 52 
37 54 
38 49 
39 55 
40 52 
41 51 
42 48 
43 53 
44 56 
45 49 
46 58 
47 65 
48 63 
49 60 
50 60 
51 58 
52 66 
53 63 
54 64 
55 66 
56 68 
57 60 
58 63 
59 58 
60 60 
61 68 
62 63 
63 60 
64 60 
65 61 
66 61 
67 62 
68 62 
69 60 
70 61 
71 57 
72 65 
73 62 
74 60 
75 63 
76 59 
77 60 
78 62 
79 61 
80 58 
81 61 
82 64 
83 61 
84 61 
85 63 
86 60 
87 59 
88 60 
89 62 
90 59 
91 69 
92 70 
93 75 
94 68 
95 75 
96 74 
97 67 
98 77 
99 75 
100 65 
101 72 
102 68 
103 68 
104 68 
105 78 
106 69 
107 70 
108 67 
109 69 
110 70 
111 65 
112 64 
113 68 
114 67 
115 72 
116 67 
117 66 
118 68 
119 72 
120 70 
121 68 
122 66 
123 65 
124 65 
125 70 
126 69 
127 67 
128 66 
129 70 
130 66 
131 67 
132 68 
133 69 
134 69 
135 65 
136 79 
137 78 
138 85 
139 81 
140 84 
141 71 
142 78 
143 84 
144 77 
145 77 
146 82 
147 73 
148 79 
149 75 
150 74 
151 73 
152 73 
153 83 
154 75 
155 76 
156 77 
157 76 
158 77 
159 72 
160 70 
161 78 
162 78 
163 75 
164 78 
165 75 
166 75 
167 72 
168 81 
169 74 
170 71 
171 74 
172 72 
173 76 
174 78 
175 75 
176 76 
177 74 
178 72 
179 74 
180 77 
