1 48 
2 53 
3 47 
4 52 
5 52 
6 57 
7 48 
8 52 
9 48 
10 50 
11 52 
12 51 
13 50 
14 48 
15 54 
16 51 
17 51 
18 53 
19 54 
20 51 
21 51 
22 53 
23 52 
24 53 
25 49 
26 55 
27 49 
28 49 
29 52 
30 54 
31 53 
32 56 
33 54 
34 48 
35 48 
36 51 
37 54 
38 54 
39 51 
40 60 
41 52 
42 55 
43 49 
44 55 
45 51 
46 60 
47 62 
48 58 
49 62 
50 60 
51 60 
52 62 
53 61 
54 58 
55 67 
56 58 
57 59 
58 61 
59 63 
60 62 
61 60 
62 62 
63 59 
64 59 
65 63 
66 67 
67 61 
68 61 
69 61 
70 61 
71 61 
72 64 
73 61 
74 60 
75 64 
76 60 
77 58 
78 63 
79 60 
80 61 
81 62 
82 60 
83 62 
84 61 
85 61 
86 63 
87 62 
88 61 
89 63 
90 60 
91 69 
92 73 
93 72 
94 68 
95 67 
96 69 
97 69 
98 76 
99 70 
100 67 
101 70 
102 66 
103 74 
104 64 
105 73 
106 71 
107 69 
108 74 
109 67 
110 69 
111 67 
112 63 
113 68 
114 67 
115 69 
116 68 
117 68 
118 69 
119 68 
120 66 
121 68 
122 68 
123 72 
124 66 
125 67 
126 73 
127 67 
128 64 
129 68 
130 67 
131 71 
132 70 
133 65 
134 65 
135 66 
136 85 
137 82 
138 80 
139 79 
140 82 
141 73 
142 80 
143 84 
144 74 
145 83 
146 77 
147 88 
148 80 
149 77 
150 77 
151 75 
152 75 
153 84 
154 81 
155 77 
156 73 
157 79 
158 77 
159 79 
160 76 
161 75 
162 76 
163 75 
164 82 
165 75 
166 72 
167 72 
168 72 
169 76 
170 72 
171 70 
172 72 
173 75 
174 80 
175 72 
176 76 
177 74 
178 75 
179 79 
180 83 
