1 49 
2 52 
3 53 
4 47 
5 51 
6 55 
7 48 
8 51 
9 54 
10 45 
11 52 
12 48 
13 52 
14 49 
15 55 
16 50 
17 53 
18 52 
19 50 
20 55 
21 48 
22 51 
23 50 
24 52 
25 49 
26 55 
27 48 
28 49 
29 47 
30 49 
31 56 
32 51 
33 52 
34 49 
35 49 
36 51 
37 51 
38 52 
39 48 
40 54 
41 49 
42 53 
43 56 
44 54 
45 51 
46 56 
47 59 
48 59 
49 58 
50 59 
51 61 
52 62 
53 67 
54 59 
55 63 
56 64 
57 60 
58 71 
59 56 
60 62 
61 65 
62 62 
63 58 
64 59 
65 63 
66 67 
67 62 
68 64 
69 63 
70 63 
71 59 
72 61 
73 61 
74 63 
75 61 
76 64 
77 58 
78 61 
79 59 
80 60 
81 62 
82 64 
83 64 
84 65 
85 60 
86 62 
87 57 
88 60 
89 62 
90 62 
91 64 
92 66 
93 71 
94 68 
95 70 
96 71 
97 67 
98 75 
99 73 
100 69 
101 69 
102 69 
103 75 
104 71 
105 73 
106 69 
107 70 
108 70 
109 68 
110 70 
111 67 
112 67 
113 65 
114 68 
115 69 
116 67 
117 65 
118 68 
119 72 
120 67 
121 69 
122 74 
123 66 
124 72 
125 69 
126 71 
127 66 
128 65 
129 65 
130 68 
131 71 
132 68 
133 70 
134 68 
135 70 
136 83 
137 80 
138 79 
139 88 
140 74 
141 75 
142 90 
143 81 
144 81 
145 82 
146 77 
147 79 
148 77 
149 77 
150 74 
151 75 
152 76 
153 92 
154 84 
155 78 
156 82 
157 74 
158 75 
159 83 
160 69 
161 72 
162 79 
163 75 
164 80 
165 76 
166 73 
167 75 
168 78 
169 73 
170 72 
171 72 
172 71 
173 74 
174 79 
175 74 
176 74 
177 76 
178 77 
179 76 
180 76 
