1 8 11 19 21 13 27 29 34 10 18 23 34 21 31 50 52 12 18 33 33 28 45 57 69 
2 6 12 14 20 9 25 29 38 11 21 24 30 20 36 49 45 13 20 33 30 23 44 62 71 
3 5 13 13 16 12 23 28 30 9 19 28 25 20 31 49 53 11 20 33 33 24 41 65 64 
4 5 9 16 19 13 24 29 29 9 20 23 28 19 35 45 45 14 24 28 36 23 41 60 69 
5 6 12 16 19 14 21 31 45 10 20 22 27 18 37 42 60 12 24 31 37 24 49 68 63 
6 6 12 15 18 13 25 27 33 10 14 22 32 20 37 56 62 12 22 33 38 21 40 58 69 
7 7 13 20 16 14 21 29 40 9 19 22 31 20 38 47 59 15 23 37 35 23 46 61 71 
8 6 13 18 14 11 20 29 31 10 19 25 24 17 32 40 49 12 21 30 36 19 41 53 62 
9 6 11 15 15 12 30 27 39 10 17 23 26 20 33 58 66 12 23 31 35 26 46 66 63 
10 8 11 18 18 10 28 33 31 12 19 37 33 20 33 44 69 11 27 30 36 26 39 66 80 
11 7 13 19 17 14 24 27 33 9 21 25 25 20 33 45 53 13 22 30 31 25 39 56 66 
12 5 8 21 17 14 22 32 41 10 15 25 24 17 42 47 46 12 20 30 29 25 41 53 60 
13 6 7 16 11 14 24 31 32 10 18 27 23 15 39 46 49 11 18 33 35 24 42 70 63 
14 6 11 15 20 11 18 40 39 9 16 25 28 17 33 47 53 13 22 32 36 24 44 55 66 
15 7 10 16 20 13 23 28 33 11 17 25 29 16 37 48 65 12 23 29 35 24 39 57 74 
16 7 11 18 15 18 31 33 36 11 20 22 34 24 36 46 52 16 20 25 30 30 40 62 63 
17 8 9 13 18 13 20 26 26 10 16 24 26 29 32 55 46 14 22 28 24 27 43 47 63 
18 7 8 15 12 12 21 21 33 13 14 20 20 18 33 43 45 12 21 27 26 21 48 56 49 
19 6 12 12 15 13 31 28 32 11 17 25 23 22 34 54 55 14 22 26 28 29 37 55 65 
20 10 13 18 15 14 22 27 39 14 22 26 22 27 44 58 51 14 24 28 32 26 47 50 68 
21 6 12 18 18 18 29 28 40 12 19 25 24 23 34 45 49 14 22 27 31 26 47 49 65 
22 6 10 12 14 12 26 28 31 11 15 25 22 22 31 47 53 15 23 27 34 24 46 58 62 
23 7 14 14 20 12 20 35 34 11 20 26 26 21 32 39 55 15 23 32 28 26 45 53 60 
24 7 9 13 19 13 27 34 30 10 20 21 27 20 31 48 55 14 20 25 34 25 42 55 54 
25 7 11 14 15 14 27 24 32 12 17 22 20 21 32 39 42 13 21 32 26 30 46 52 55 
26 7 12 16 16 13 19 27 26 10 16 20 25 20 35 45 42 16 25 28 27 24 45 51 79 
27 7 9 15 16 16 21 24 28 12 19 23 25 23 39 44 46 13 20 25 34 25 37 51 61 
28 6 11 15 13 12 23 34 30 10 16 22 23 21 31 42 47 14 22 28 25 24 43 49 59 
29 5 8 13 12 11 16 20 28 8 14 19 20 15 29 37 46 10 20 25 29 23 36 47 49 
30 9 10 14 19 14 25 25 31 10 17 20 21 23 38 39 52 14 21 25 28 26 41 50 56 
31 6 9 11 16 15 18 29 23 11 15 21 24 22 29 36 41 13 19 29 24 28 38 45 50 
32 5 13 13 15 12 32 24 31 13 18 19 18 25 36 47 56 15 21 24 28 30 41 55 58 
33 6 10 11 11 13 18 21 24 11 16 17 19 20 31 34 38 13 19 22 25 26 38 45 48 
34 8 10 18 11 21 27 30 31 14 17 21 28 25 39 40 53 15 26 27 33 31 39 54 67 
35 9 11 14 18 17 22 31 31 12 18 24 29 23 40 43 56 16 24 26 32 31 42 63 55 
36 7 13 11 13 14 18 23 26 11 16 18 30 21 35 38 51 14 25 24 27 29 50 57 58 
37 6 13 14 16 17 17 23 25 12 17 19 26 25 32 48 44 15 20 25 27 30 44 51 52 
38 7 9 14 15 14 19 26 28 11 20 20 21 23 38 50 47 14 20 26 33 28 41 53 55 
39 9 12 16 19 11 26 29 40 12 18 22 29 23 39 47 54 16 24 24 30 30 55 66 56 
40 6 9 15 13 11 18 23 29 12 17 23 23 22 30 42 46 15 24 27 31 31 51 53 53 
41 7 10 14 16 13 23 26 31 13 21 24 22 23 37 42 51 15 21 29 32 31 43 67 54 
42 6 9 10 13 13 17 22 24 10 14 19 20 20 35 38 44 13 20 23 26 25 42 46 53 
43 7 10 13 12 11 22 25 24 13 17 21 22 23 41 44 47 15 22 24 26 25 44 55 56 
44 8 14 15 13 14 29 30 30 12 19 24 23 27 32 47 47 14 21 32 30 29 49 55 58 
45 6 12 11 18 15 21 23 33 12 22 19 22 23 44 46 50 15 24 29 29 30 47 48 56 
46 8 11 14 16 24 23 33 35 12 18 22 27 33 39 41 42 21 27 28 31 32 50 66 70 
47 9 12 19 20 17 33 27 43 14 22 30 27 32 42 46 65 18 25 30 37 40 55 60 58 
48 7 12 11 15 19 27 23 36 13 20 24 21 26 38 46 58 15 24 29 28 34 45 59 73 
49 7 12 17 15 21 23 34 36 15 17 32 23 27 42 49 48 19 26 31 32 33 57 65 67 
50 9 13 20 18 18 24 28 35 15 21 22 24 32 36 49 49 15 29 37 33 37 50 56 62 
51 7 13 14 17 15 22 30 36 14 23 26 28 25 34 57 50 16 27 27 31 30 53 64 77 
52 9 14 12 15 18 27 29 25 15 18 20 22 26 37 40 46 16 22 27 27 30 45 49 65 
53 9 10 14 12 14 22 23 25 13 21 20 23 26 36 40 40 15 23 25 27 30 50 53 59 
54 8 10 13 13 12 22 27 35 12 16 20 29 27 33 38 49 15 26 26 31 33 47 54 65 
55 6 11 11 14 16 20 32 35 11 18 19 23 23 40 40 49 15 24 29 29 31 46 55 57 
56 8 10 12 18 15 27 28 31 11 18 22 27 25 34 41 47 16 21 29 27 31 44 53 59 
57 8 11 12 16 16 24 28 26 14 20 24 25 27 42 58 48 16 23 29 29 32 44 55 62 
58 8 10 19 13 15 22 30 34 12 18 21 29 23 46 40 58 18 25 27 28 32 54 54 57 
59 8 12 14 12 17 27 30 27 13 18 21 22 26 34 43 52 15 21 28 30 31 45 56 59 
60 7 15 14 17 14 26 26 30 14 19 23 25 25 36 44 46 15 29 28 33 32 49 63 54 
