1 6 12 11 17 12 24 33 37 9 17 24 27 20 40 60 61 14 25 27 35 26 35 55 74 
2 5 11 17 19 13 22 32 30 9 17 23 31 23 44 48 54 14 16 28 33 23 44 63 63 
3 5 10 14 15 12 26 38 30 9 16 22 29 18 27 42 54 11 20 29 31 23 43 60 71 
4 5 10 18 22 13 19 28 42 10 16 26 28 22 42 48 54 12 21 32 35 22 41 64 76 
5 7 11 20 22 14 18 31 40 8 18 25 28 20 30 41 54 12 20 29 33 21 42 60 70 
6 5 9 16 18 12 19 31 38 9 15 23 25 17 38 51 56 12 21 31 34 22 48 58 63 
7 7 14 13 20 13 21 35 35 10 17 23 32 20 33 44 58 11 21 32 34 21 39 62 61 
8 5 14 12 12 11 21 23 29 10 15 21 23 15 33 41 43 10 19 29 32 20 40 53 64 
9 9 15 20 17 13 19 32 37 11 17 31 28 18 31 55 50 13 21 36 32 22 40 57 61 
10 4 11 19 21 15 25 37 38 13 20 29 32 19 36 49 66 14 22 33 49 24 48 61 73 
11 6 11 16 20 10 23 35 32 10 14 24 24 17 34 49 55 12 24 28 36 21 39 61 62 
12 8 11 13 15 12 18 27 37 10 17 26 23 19 41 45 49 11 22 35 33 25 40 56 61 
13 7 11 14 16 10 18 30 26 11 22 21 22 19 29 40 55 13 21 32 29 25 41 61 60 
14 7 11 18 19 13 22 32 44 9 19 21 27 19 37 49 57 12 21 25 35 24 42 60 62 
15 7 11 16 17 12 21 27 41 10 19 24 31 15 42 45 57 12 24 27 32 22 39 52 74 
16 7 13 14 21 17 21 24 26 13 19 23 27 27 47 50 56 14 25 29 30 30 50 49 67 
17 6 10 12 12 14 18 24 31 11 15 25 22 21 36 44 49 14 20 24 26 23 42 61 70 
18 7 9 12 12 11 27 30 25 9 18 21 22 23 31 48 54 12 20 23 28 26 38 46 54 
19 7 12 11 19 15 18 26 31 9 21 22 22 24 30 46 42 13 24 27 29 22 51 52 53 
20 7 14 16 15 14 23 36 35 12 24 29 23 23 52 48 52 15 21 32 30 29 39 54 61 
21 8 9 13 15 12 21 34 31 13 19 21 25 22 37 54 60 16 24 28 32 26 49 54 59 
22 7 9 18 18 14 18 28 42 11 15 23 28 22 35 45 47 13 24 31 26 23 42 59 54 
23 7 15 14 15 15 19 28 34 12 18 22 27 20 37 41 49 16 22 24 30 25 42 58 62 
24 7 12 14 23 12 19 30 26 9 21 21 31 19 38 47 39 14 19 29 29 29 44 58 60 
25 8 9 12 13 14 19 25 42 10 19 19 24 21 35 37 52 13 19 25 28 26 41 47 53 
26 7 10 14 15 16 20 24 41 9 16 21 23 19 44 45 54 15 19 27 33 25 44 55 58 
27 8 10 16 13 11 27 36 25 10 16 19 23 21 31 39 49 12 22 25 26 25 42 51 53 
28 8 10 15 12 13 24 27 40 12 17 20 22 21 32 43 46 15 22 28 27 26 50 54 59 
29 4 6 14 12 8 20 26 25 9 14 21 19 16 36 36 48 11 20 23 28 21 38 47 56 
30 7 12 13 13 14 26 24 28 11 20 19 22 19 33 38 41 14 22 25 28 29 47 47 51 
31 6 12 10 11 11 17 32 25 10 16 23 23 19 29 35 39 13 19 22 31 26 38 46 48 
32 8 13 16 12 11 20 24 31 11 15 18 20 21 37 41 49 14 22 27 30 30 46 46 67 
33 6 9 10 11 13 21 21 23 10 16 18 19 24 29 38 42 14 18 24 24 28 37 45 47 
34 10 8 10 13 11 24 23 43 12 17 21 25 22 44 43 57 15 20 31 32 31 39 65 62 
35 7 10 18 15 18 23 24 33 13 18 21 21 25 37 39 50 15 24 29 39 30 42 47 59 
36 8 12 11 15 17 23 29 28 11 16 19 20 22 36 49 41 14 23 27 33 27 43 58 58 
37 8 10 11 14 12 18 30 32 12 16 22 21 22 33 42 46 13 20 27 33 32 39 49 51 
38 6 12 13 13 13 19 31 26 10 17 23 23 21 38 41 45 14 19 25 28 29 52 48 52 
39 6 11 18 20 13 25 35 36 10 21 29 28 28 44 41 52 16 22 27 34 28 45 60 67 
40 7 13 12 12 13 22 32 25 12 16 20 21 21 32 46 49 16 24 24 35 31 46 55 67 
41 7 13 14 18 14 22 27 30 11 17 25 25 26 40 44 63 14 26 26 30 28 50 62 61 
42 6 9 11 11 13 17 23 28 10 16 21 21 19 30 39 45 12 21 26 26 24 38 49 49 
43 6 10 10 13 13 18 23 25 11 16 22 19 24 32 39 46 14 20 26 27 25 40 51 53 
44 8 12 13 18 13 22 24 26 12 18 21 25 23 35 53 51 17 23 24 29 28 42 50 68 
45 7 10 12 16 13 20 27 25 10 17 20 23 22 33 42 47 16 21 28 28 29 44 57 54 
46 9 10 16 14 14 24 33 25 13 20 22 26 27 38 45 51 16 28 29 35 32 51 56 61 
47 9 14 20 16 25 24 27 32 13 24 25 27 33 40 53 47 19 27 29 30 34 46 75 74 
48 8 11 15 22 12 23 25 32 11 18 25 23 24 44 46 56 16 25 26 32 31 52 60 62 
49 9 16 21 16 17 34 30 30 12 23 28 26 32 47 67 57 19 23 38 38 34 44 63 67 
50 8 11 14 14 16 25 26 32 15 22 22 30 27 36 56 48 16 26 32 40 30 61 72 64 
51 8 9 18 18 15 25 32 38 15 21 24 26 26 40 46 59 17 28 29 30 33 50 65 70 
52 9 10 13 14 16 29 28 26 13 18 19 21 23 39 53 50 17 23 28 30 31 49 51 53 
53 6 12 11 12 15 24 26 26 12 16 20 22 23 40 43 48 19 27 26 27 31 48 50 57 
54 8 9 16 12 18 21 23 25 11 17 19 21 24 36 42 42 16 22 28 28 29 48 49 54 
55 8 10 13 14 14 21 30 27 14 17 24 22 24 40 40 46 15 23 25 29 30 47 57 57 
56 8 10 14 13 14 21 24 27 12 17 21 23 28 36 41 43 15 22 26 31 30 51 52 56 
57 9 10 12 15 18 22 27 32 12 18 21 21 25 41 45 47 16 25 26 33 29 49 57 59 
58 11 12 16 16 14 32 35 32 12 21 25 29 27 42 55 45 18 28 30 35 31 43 55 68 
59 8 11 11 13 12 21 27 29 13 19 21 23 23 35 48 46 17 24 29 29 34 45 54 58 
60 8 13 17 16 18 25 27 31 13 18 23 23 26 41 46 45 18 24 34 35 36 48 61 66 
