1 5 11 17 15 11 18 44 33 10 17 28 35 22 40 44 56 12 25 31 34 29 47 61 78 
2 7 9 16 20 12 23 29 34 11 16 25 33 22 36 51 58 14 21 33 33 25 44 61 76 
3 6 9 14 17 13 21 36 28 11 19 27 33 18 34 54 57 13 18 29 32 23 39 63 70 
4 5 10 15 20 12 22 26 34 9 18 26 34 16 36 43 59 15 23 30 30 23 50 61 71 
5 6 12 19 17 16 26 37 32 10 18 25 25 20 36 54 51 13 28 27 30 20 46 59 82 
6 6 11 15 20 13 24 30 44 10 19 26 29 19 38 50 55 14 21 27 37 23 48 58 74 
7 5 13 14 20 14 30 34 33 10 18 29 34 20 38 62 60 13 24 35 39 22 53 68 80 
8 5 14 23 15 12 20 26 29 12 17 21 27 17 24 39 47 13 21 31 30 23 41 56 62 
9 6 14 14 17 13 21 32 34 10 18 24 28 20 34 58 66 13 23 29 43 31 45 62 78 
10 6 10 18 21 11 26 32 63 10 23 33 26 22 38 56 59 13 26 36 36 26 50 78 75 
11 7 10 14 19 10 22 29 33 9 23 24 28 18 32 53 55 14 20 33 39 23 44 64 71 
12 6 11 12 17 10 24 38 31 10 18 29 28 19 33 45 56 13 22 32 33 25 46 65 75 
13 6 12 18 21 13 25 30 27 11 16 21 27 21 31 44 53 13 23 27 30 26 42 64 62 
14 5 12 18 20 12 30 28 30 10 17 28 31 17 34 44 58 14 25 28 34 22 37 55 71 
15 6 13 19 16 12 20 35 39 10 15 27 32 21 33 50 72 12 24 31 41 25 44 72 68 
16 6 10 19 17 18 29 29 34 12 18 24 34 23 36 49 48 14 23 28 28 27 50 56 59 
17 5 10 11 15 12 20 24 28 11 17 23 24 22 34 38 53 18 23 28 27 29 42 59 59 
18 7 10 11 14 13 19 23 33 11 17 23 21 19 31 51 45 12 21 23 33 24 40 58 55 
19 8 12 13 19 12 28 25 33 12 20 23 26 21 37 41 56 15 23 31 31 32 46 60 54 
20 7 12 13 14 16 22 34 34 15 19 23 22 25 42 54 55 15 23 32 31 30 47 58 59 
21 10 15 15 16 15 24 30 30 11 24 22 28 27 45 45 50 15 25 28 28 32 45 69 66 
22 7 11 13 14 14 27 27 35 10 18 25 25 23 34 50 64 14 25 29 31 29 44 57 57 
23 7 15 16 16 13 23 25 39 13 20 23 25 27 34 51 52 14 23 32 32 26 44 55 59 
24 8 11 14 13 13 22 48 29 12 19 23 27 27 44 46 60 14 24 35 28 30 48 62 68 
25 8 13 22 15 16 21 27 39 13 17 20 22 23 38 40 54 15 21 26 31 26 46 51 55 
26 7 11 16 14 12 18 26 33 11 20 23 30 24 38 45 53 15 22 30 29 28 40 54 65 
27 7 12 16 18 13 20 30 29 12 19 20 23 20 40 46 55 14 20 26 28 28 42 62 53 
28 8 13 15 16 13 28 29 31 13 20 25 25 25 35 51 51 14 23 30 31 28 45 59 64 
29 5 8 12 14 10 19 25 25 8 16 23 23 17 36 40 41 12 20 27 27 22 41 55 54 
30 8 10 15 17 15 24 33 26 12 19 22 23 23 33 55 54 15 22 31 31 30 42 52 57 
31 6 10 22 15 15 17 22 24 12 17 19 21 25 32 47 40 14 22 32 32 28 41 48 55 
32 8 11 11 21 12 21 31 24 12 20 26 23 24 34 46 53 14 21 24 26 29 56 59 51 
33 6 9 11 12 12 21 21 29 10 15 22 24 23 32 36 41 15 22 26 27 28 39 46 51 
34 10 11 12 14 16 27 28 36 15 25 28 25 24 40 62 44 16 22 29 31 32 50 54 57 
35 8 12 13 16 16 24 27 32 12 18 23 27 24 41 44 52 15 27 29 29 31 48 61 54 
36 8 9 12 18 14 19 27 27 12 18 23 21 22 36 47 44 14 26 31 28 29 45 54 54 
37 6 13 15 12 13 26 31 26 14 22 24 22 23 37 55 53 14 22 26 33 28 42 51 64 
38 8 11 12 19 15 29 30 38 12 17 24 27 23 37 49 50 15 23 29 28 29 44 58 60 
39 10 13 15 16 17 28 31 33 13 21 29 30 23 40 52 50 19 24 31 34 32 47 56 63 
40 9 9 14 13 13 21 34 42 13 16 22 27 22 34 45 51 15 21 27 31 32 42 56 58 
41 8 10 18 18 14 22 30 27 13 18 26 26 23 49 41 46 17 23 33 37 30 44 54 71 
42 7 10 11 13 13 19 22 24 10 16 20 23 22 40 55 42 14 22 24 26 28 38 49 54 
43 7 10 15 15 14 21 29 31 11 16 23 25 20 32 47 49 15 20 27 27 29 45 54 54 
44 8 15 14 16 14 23 35 29 12 19 23 27 28 40 47 45 16 25 29 30 29 51 65 65 
45 9 10 12 14 15 26 27 39 13 19 22 24 28 36 45 50 17 22 28 29 30 44 56 57 
46 8 16 14 20 18 22 27 31 14 22 26 27 27 49 54 45 18 26 34 38 38 55 71 74 
47 11 14 14 20 15 36 26 45 15 23 28 26 33 43 47 54 22 28 29 32 43 54 60 74 
48 8 10 16 15 15 21 37 40 15 20 26 25 28 46 51 47 19 25 29 35 31 46 58 68 
49 8 18 17 20 21 25 25 37 15 24 34 30 30 52 60 56 20 26 37 35 32 63 66 79 
50 8 17 15 16 17 31 36 36 16 20 29 28 32 40 48 66 19 27 35 33 35 50 58 84 
51 8 18 19 18 20 28 34 31 14 21 30 32 28 45 50 65 18 30 38 30 31 52 66 68 
52 9 11 11 13 17 21 28 27 13 18 21 23 26 39 48 53 19 24 27 31 32 53 60 58 
53 7 13 12 16 14 20 25 32 13 20 25 26 28 33 46 43 16 23 26 28 33 47 56 61 
54 7 10 14 14 15 20 29 26 12 21 23 22 25 35 47 45 17 22 29 29 34 51 53 56 
55 8 13 16 13 19 28 33 32 13 20 22 31 25 42 49 49 16 24 29 30 36 50 60 60 
56 9 12 14 14 15 21 24 40 12 17 24 27 24 34 44 45 18 22 31 31 33 45 55 60 
57 8 11 13 16 20 22 29 34 15 20 22 26 24 41 43 48 16 23 28 29 35 50 58 65 
58 8 13 19 20 16 23 26 37 13 25 22 26 26 41 52 45 17 27 27 34 32 47 58 76 
59 8 11 11 15 16 22 30 35 15 18 23 26 26 37 42 48 17 24 30 30 33 49 55 61 
60 8 15 17 15 15 33 31 36 12 20 25 27 26 40 45 54 17 24 30 31 31 53 69 65 
