1 868602 
2 833958 
3 674072 
4 911801 
5 798242 
6 726427 
7 743274 
8 727753 
9 712960 
10 804029 
11 846258 
12 702838 
13 732282 
14 754035 
15 813756 
16 728670 
17 785156 
18 862447 
19 764792 
20 931880 
21 705768 
22 732120 
23 774569 
24 782417 
25 822593 
26 826766 
27 896895 
28 808886 
29 732797 
30 755166 
31 779553 
32 795829 
33 959859 
34 997022 
35 891155 
36 695970 
37 910581 
38 983212 
39 897306 
40 864027 
41 730085 
42 882560 
43 860366 
44 772616 
45 900934 
46 825054 
47 787515 
48 664624 
49 816557 
50 758826 
51 695524 
52 651433 
53 725461 
54 721822 
55 715212 
56 696517 
57 658248 
58 774351 
59 807415 
60 819781 
61 662198 
62 736800 
63 707136 
64 726560 
65 822688 
66 798492 
67 809686 
68 759795 
69 749274 
70 713523 
71 692562 
72 725982 
73 861998 
74 762269 
75 677167 
76 686179 
77 733117 
78 868357 
79 760727 
80 831310 
81 708121 
82 699352 
83 845005 
84 786646 
85 795606 
86 790960 
87 901483 
88 831265 
89 820804 
90 737951 
91 729584 
92 739185 
93 634885 
94 622030 
95 628569 
96 720307 
97 649443 
98 701888 
99 696754 
100 651393 
101 592307 
102 700311 
103 678339 
104 620364 
105 716985 
106 711009 
107 912278 
108 815633 
109 751961 
110 728278 
111 703202 
112 700085 
113 656658 
114 715684 
115 830803 
116 747948 
117 711272 
118 650958 
119 687646 
120 725926 
121 689138 
122 868057 
123 756734 
124 884111 
125 671581 
126 707746 
127 788701 
128 811061 
129 704993 
130 668655 
131 756327 
132 784590 
133 648724 
134 688076 
135 777019 
136 647456 
137 632928 
138 603966 
139 700678 
140 606221 
141 605568 
142 637551 
143 669864 
144 676266 
145 642951 
146 700542 
147 611510 
148 641732 
149 677114 
150 639090 
151 761949 
152 692358 
153 781932 
154 673062 
155 704986 
156 680525 
157 613202 
158 617270 
159 739447 
160 676979 
161 687840 
162 674775 
163 615777 
164 753668 
165 663241 
166 724012 
167 754788 
168 735691 
169 691064 
170 668539 
171 630739 
172 656597 
173 791406 
174 736653 
175 700666 
176 717222 
177 749539 
178 699275 
179 638358 
180 783984 
