1 0 
2 0 
3 0 
4 1 
5 0 
6 0 
7 0 
8 0 
9 1 
10 0 
11 0 
12 1 
13 0 
14 0 
15 0 
16 1 
17 0 
18 0 
19 0 
20 1 
21 0 
22 0 
23 0 
24 1 
25 0 
26 0 
27 0 
28 1 
29 0 
30 0 
31 0 
32 1 
33 0 
34 0 
35 1 
36 0 
37 0 
38 1 
39 0 
40 0 
41 1 
42 0 
43 0 
44 0 
45 1 
46 0 
47 0 
48 1 
49 0 
50 0 
51 0 
52 1 
53 0 
54 0 
55 1 
56 0 
57 1 
58 0 
59 0 
60 1 
61 0 
62 0 
63 1 
64 0 
65 0 
66 1 
67 0 
68 0 
69 1 
70 0 
71 0 
72 1 
73 0 
74 1 
75 0 
76 0 
77 1 
78 0 
79 1 
80 0 
81 0 
82 1 
83 0 
84 0 
85 1 
86 0 
87 1 
88 0 
89 1 
90 0 
91 1 
92 0 
93 1 
94 0 
95 0 
96 1 
97 0 
98 0 
99 1 
100 0 
101 1 
102 0 
103 1 
104 0 
105 1 
106 0 
107 1 
108 0 
109 1 
110 1 
111 0 
112 0 
113 1 
114 0 
115 1 
116 0 
117 1 
118 0 
119 1 
120 0 
121 1 
122 0 
123 1 
124 0 
125 0 
126 1 
127 0 
128 1 
129 0 
130 1 
131 0 
132 1 
133 0 
134 1 
135 0 
136 1 
137 0 
138 1 
139 0 
140 1 
141 0 
142 1 
143 0 
144 1 
145 0 
146 1 
147 0 
148 1 
149 0 
150 1 
151 1 
152 0 
153 1 
154 1 
155 0 
156 1 
157 1 
158 0 
159 1 
160 0 
161 1 
162 1 
163 1 
164 0 
165 1 
166 1 
167 0 
168 1 
169 1 
170 0 
171 1 
172 1 
173 0 
174 1 
175 1 
176 1 
177 0 
178 1 
179 1 
180 1 
181 0 
182 1 
183 1 
184 0 
185 1 
186 1 
187 1 
188 0 
189 1 
190 1 
191 1 
192 0 
193 1 
194 1 
195 0 
196 1 
197 1 
198 0 
199 1 
200 1 
201 0 
202 1 
203 1 
204 1 
205 0 
206 1 
207 1 
208 1 
209 0 
210 1 
211 1 
212 0 
213 1 
214 1 
215 1 
216 0 
217 1 
218 1 
219 0 
220 1 
221 1 
222 1 
223 1 
224 0 
225 1 
226 1 
227 1 
228 1 
229 1 
230 1 
231 1 
232 1 
233 0 
234 1 
235 1 
236 1 
237 1 
238 1 
239 1 
240 1 
241 1 
242 1 
243 0 
244 1 
245 2 
246 1 
247 1 
248 1 
249 0 
250 1 
251 1 
252 1 
253 1 
254 1 
255 1 
256 1 
257 1 
258 1 
259 1 
260 1 
261 1 
262 1 
263 0 
264 1 
265 1 
266 1 
267 1 
268 1 
269 1 
270 0 
271 1 
272 1 
273 1 
274 1 
275 1 
276 1 
277 1 
278 1 
279 1 
280 0 
281 1 
282 1 
283 1 
284 1 
285 1 
286 1 
287 1 
288 1 
289 1 
290 1 
291 1 
292 1 
293 1 
294 0 
295 1 
296 1 
297 1 
298 1 
299 1 
300 1 
