1 0 
2 2 
3 1 
4 1 
5 1 
6 1 
7 1 
8 0 
9 1 
10 1 
11 1 
12 1 
13 1 
14 1 
15 1 
16 1 
17 1 
18 1 
19 1 
20 1 
21 1 
22 1 
23 1 
24 2 
25 1 
26 1 
27 1 
28 2 
29 1 
30 1 
31 2 
32 1 
33 1 
34 2 
35 1 
36 1 
37 1 
38 1 
39 2 
40 1 
41 1 
42 2 
43 1 
44 2 
45 1 
46 2 
47 1 
48 1 
49 1 
50 2 
51 1 
52 2 
53 1 
54 1 
55 1 
56 2 
57 2 
58 0 
59 2 
60 1 
61 2 
62 1 
63 2 
64 1 
65 2 
66 1 
67 1 
68 2 
69 1 
70 1 
71 2 
72 2 
73 1 
74 1 
75 2 
76 1 
77 2 
78 1 
79 1 
80 1 
81 1 
82 2 
83 1 
84 1 
85 1 
86 1 
87 1 
88 1 
89 1 
90 2 
91 0 
92 1 
93 2 
94 1 
95 1 
96 1 
97 1 
98 2 
99 0 
100 1 
101 2 
102 1 
103 1 
104 2 
105 1 
106 1 
107 1 
108 2 
109 1 
110 1 
111 1 
112 1 
113 2 
114 1 
115 2 
116 1 
117 2 
118 2 
119 1 
120 2 
121 1 
122 1 
123 2 
124 2 
125 1 
126 2 
127 1 
128 2 
129 1 
130 2 
131 1 
132 2 
133 1 
134 2 
135 2 
136 1 
137 2 
138 1 
139 2 
140 1 
141 1 
142 2 
143 1 
144 1 
145 2 
146 2 
147 2 
148 2 
149 0 
150 2 
151 1 
152 1 
153 2 
154 1 
155 2 
156 2 
157 1 
158 2 
159 2 
160 1 
161 1 
162 2 
163 1 
164 1 
165 1 
166 2 
167 1 
168 2 
169 2 
170 0 
171 1 
172 2 
173 1 
174 2 
175 1 
176 2 
177 2 
178 1 
179 2 
180 2 
181 2 
182 2 
183 1 
184 2 
185 1 
186 2 
187 2 
188 2 
189 1 
190 2 
191 2 
192 1 
193 2 
194 1 
195 2 
196 2 
197 1 
198 2 
199 2 
200 2 
201 1 
202 2 
203 2 
204 1 
205 2 
206 2 
207 1 
208 2 
209 2 
210 1 
211 2 
212 2 
213 1 
214 2 
215 2 
216 1 
217 2 
218 2 
219 2 
220 1 
221 2 
222 2 
223 2 
224 1 
225 2 
226 2 
227 1 
228 1 
229 2 
230 1 
231 2 
232 2 
233 2 
234 1 
235 2 
236 2 
237 1 
238 2 
239 2 
240 1 
241 2 
242 2 
243 1 
244 1 
245 2 
246 2 
247 1 
248 2 
249 1 
250 2 
251 2 
252 2 
253 1 
254 2 
255 1 
256 3 
257 1 
258 2 
259 2 
260 2 
261 1 
262 2 
263 2 
264 1 
265 2 
266 2 
267 2 
268 1 
269 2 
270 2 
271 2 
272 1 
273 2 
274 2 
275 2 
276 1 
277 2 
278 2 
279 2 
280 2 
281 2 
282 1 
283 2 
284 2 
285 2 
286 2 
287 2 
288 2 
289 2 
290 1 
291 2 
292 2 
293 2 
294 2 
295 2 
296 1 
297 3 
298 2 
299 2 
300 1 
