1 0 
2 0 
3 0 
4 1 
5 0 
6 0 
7 0 
8 1 
9 0 
10 0 
11 1 
12 0 
13 0 
14 0 
15 0 
16 1 
17 0 
18 0 
19 1 
20 0 
21 0 
22 0 
23 1 
24 0 
25 0 
26 0 
27 1 
28 0 
29 0 
30 0 
31 1 
32 0 
33 0 
34 1 
35 0 
36 0 
37 1 
38 0 
39 0 
40 1 
41 0 
42 0 
43 0 
44 1 
45 0 
46 0 
47 1 
48 0 
49 0 
50 1 
51 0 
52 0 
53 0 
54 1 
55 0 
56 1 
57 0 
58 0 
59 1 
60 0 
61 0 
62 1 
63 0 
64 0 
65 1 
66 0 
67 1 
68 0 
69 0 
70 1 
71 0 
72 0 
73 1 
74 0 
75 0 
76 1 
77 0 
78 1 
79 0 
80 0 
81 1 
82 0 
83 1 
84 0 
85 0 
86 1 
87 0 
88 1 
89 0 
90 1 
91 0 
92 1 
93 0 
94 0 
95 1 
96 0 
97 1 
98 0 
99 0 
100 1 
101 0 
102 1 
103 0 
104 1 
105 0 
106 1 
107 0 
108 1 
109 0 
110 1 
111 0 
112 1 
113 0 
114 1 
115 0 
116 0 
117 1 
118 0 
119 1 
120 0 
121 1 
122 0 
123 1 
124 0 
125 1 
126 0 
127 1 
128 0 
129 1 
130 0 
131 1 
132 0 
133 1 
134 0 
135 1 
136 0 
137 1 
138 0 
139 1 
140 0 
141 1 
142 0 
143 1 
144 0 
145 1 
146 0 
147 1 
148 0 
149 1 
150 0 
151 1 
152 1 
153 0 
154 1 
155 1 
156 0 
157 1 
158 1 
159 0 
160 1 
161 1 
162 0 
163 1 
164 1 
165 0 
166 1 
167 1 
168 0 
169 1 
170 1 
171 0 
172 1 
173 1 
174 0 
175 1 
176 1 
177 0 
178 1 
179 1 
180 1 
181 0 
182 1 
183 1 
184 1 
185 0 
186 1 
187 1 
188 0 
189 1 
190 1 
191 1 
192 0 
193 1 
194 1 
195 0 
196 1 
197 1 
198 0 
199 1 
200 1 
201 1 
202 0 
203 1 
204 1 
205 1 
206 1 
207 0 
208 1 
209 1 
210 1 
211 0 
212 1 
213 1 
214 0 
215 1 
216 1 
217 0 
218 1 
219 1 
220 1 
221 0 
222 1 
223 1 
224 1 
225 1 
226 1 
227 0 
228 2 
229 0 
230 1 
231 1 
232 1 
233 1 
234 1 
235 1 
236 1 
237 1 
238 0 
239 1 
240 1 
241 1 
242 1 
243 1 
244 1 
245 1 
246 1 
247 1 
248 1 
249 1 
250 1 
251 1 
252 1 
253 1 
254 1 
255 1 
256 1 
257 1 
258 0 
259 1 
260 1 
261 1 
262 1 
263 1 
264 1 
265 1 
266 1 
267 1 
268 0 
269 1 
270 1 
271 1 
272 1 
273 1 
274 1 
275 1 
276 1 
277 0 
278 1 
279 1 
280 1 
281 1 
282 1 
283 1 
284 1 
285 1 
286 1 
287 1 
288 1 
289 1 
290 1 
291 1 
292 1 
293 1 
294 0 
295 1 
296 1 
297 1 
298 1 
299 1 
300 1 
