1 0 
2 1 
3 0 
4 0 
5 0 
6 1 
7 0 
8 0 
9 0 
10 1 
11 0 
12 0 
13 1 
14 0 
15 0 
16 0 
17 1 
18 0 
19 0 
20 0 
21 0 
22 1 
23 0 
24 0 
25 0 
26 1 
27 0 
28 0 
29 1 
30 0 
31 0 
32 0 
33 1 
34 0 
35 0 
36 1 
37 0 
38 0 
39 1 
40 0 
41 0 
42 0 
43 1 
44 0 
45 0 
46 1 
47 0 
48 0 
49 1 
50 0 
51 0 
52 1 
53 0 
54 0 
55 1 
56 0 
57 0 
58 1 
59 0 
60 0 
61 1 
62 0 
63 0 
64 1 
65 0 
66 0 
67 1 
68 0 
69 0 
70 1 
71 0 
72 1 
73 0 
74 0 
75 1 
76 0 
77 0 
78 1 
79 0 
80 1 
81 0 
82 0 
83 1 
84 0 
85 1 
86 0 
87 1 
88 0 
89 0 
90 1 
91 0 
92 1 
93 0 
94 0 
95 1 
96 0 
97 1 
98 0 
99 0 
100 1 
101 0 
102 1 
103 0 
104 1 
105 0 
106 1 
107 0 
108 1 
109 0 
110 1 
111 0 
112 0 
113 1 
114 0 
115 1 
116 0 
117 0 
118 1 
119 0 
120 1 
121 0 
122 1 
123 0 
124 1 
125 0 
126 1 
127 0 
128 1 
129 0 
130 1 
131 0 
132 1 
133 0 
134 1 
135 0 
136 1 
137 0 
138 1 
139 0 
140 1 
141 0 
142 1 
143 0 
144 1 
145 0 
146 1 
147 0 
148 1 
149 0 
150 1 
151 0 
152 1 
153 1 
154 0 
155 1 
156 1 
157 0 
158 1 
159 1 
160 0 
161 1 
162 1 
163 0 
164 1 
165 1 
166 0 
167 1 
168 0 
169 1 
170 1 
171 0 
172 1 
173 1 
174 0 
175 1 
176 1 
177 1 
178 0 
179 1 
180 1 
181 1 
182 0 
183 1 
184 1 
185 0 
186 1 
187 1 
188 0 
189 1 
190 1 
191 1 
192 0 
193 1 
194 1 
195 0 
196 1 
197 1 
198 0 
199 1 
200 1 
201 1 
202 0 
203 1 
204 1 
205 0 
206 1 
207 1 
208 1 
209 0 
210 1 
211 1 
212 1 
213 0 
214 1 
215 1 
216 0 
217 1 
218 1 
219 0 
220 1 
221 1 
222 1 
223 1 
224 0 
225 1 
226 1 
227 1 
228 1 
229 1 
230 1 
231 1 
232 1 
233 0 
234 1 
235 1 
236 1 
237 1 
238 1 
239 1 
240 1 
241 1 
242 0 
243 1 
244 1 
245 1 
246 1 
247 1 
248 1 
249 1 
250 1 
251 1 
252 1 
253 1 
254 1 
255 1 
256 1 
257 1 
258 1 
259 0 
260 2 
261 0 
262 1 
263 1 
264 1 
265 1 
266 1 
267 1 
268 1 
269 0 
270 1 
271 1 
272 1 
273 1 
274 1 
275 1 
276 1 
277 0 
278 1 
279 1 
280 1 
281 1 
282 1 
283 1 
284 1 
285 1 
286 1 
287 0 
288 1 
289 1 
290 1 
291 1 
292 1 
293 1 
294 1 
295 1 
296 1 
297 0 
298 2 
299 0 
300 1 
