1 1 
2 0 
3 0 
4 0 
5 0 
6 1 
7 0 
8 0 
9 1 
10 0 
11 0 
12 0 
13 1 
14 0 
15 0 
16 0 
17 1 
18 0 
19 0 
20 0 
21 1 
22 0 
23 0 
24 0 
25 0 
26 1 
27 0 
28 0 
29 1 
30 0 
31 0 
32 0 
33 1 
34 0 
35 0 
36 1 
37 0 
38 0 
39 1 
40 0 
41 0 
42 1 
43 0 
44 0 
45 1 
46 0 
47 0 
48 0 
49 1 
50 0 
51 0 
52 1 
53 0 
54 0 
55 1 
56 0 
57 0 
58 1 
59 0 
60 1 
61 0 
62 0 
63 0 
64 1 
65 0 
66 1 
67 0 
68 0 
69 1 
70 0 
71 0 
72 1 
73 0 
74 0 
75 1 
76 0 
77 0 
78 1 
79 0 
80 1 
81 0 
82 0 
83 1 
84 0 
85 1 
86 0 
87 1 
88 0 
89 0 
90 1 
91 0 
92 1 
93 0 
94 1 
95 0 
96 0 
97 1 
98 0 
99 1 
100 0 
101 0 
102 1 
103 0 
104 1 
105 0 
106 1 
107 0 
108 1 
109 0 
110 1 
111 0 
112 1 
113 0 
114 1 
115 0 
116 0 
117 1 
118 0 
119 1 
120 0 
121 1 
122 0 
123 1 
124 0 
125 1 
126 0 
127 1 
128 0 
129 0 
130 1 
131 0 
132 1 
133 0 
134 1 
135 1 
136 0 
137 1 
138 0 
139 1 
140 0 
141 1 
142 0 
143 1 
144 0 
145 1 
146 0 
147 1 
148 0 
149 1 
150 0 
151 1 
152 1 
153 0 
154 1 
155 0 
156 1 
157 1 
158 0 
159 1 
160 1 
161 0 
162 1 
163 1 
164 0 
165 1 
166 1 
167 1 
168 0 
169 1 
170 1 
171 0 
172 1 
173 0 
174 1 
175 1 
176 1 
177 0 
178 1 
179 1 
180 1 
181 0 
182 1 
183 1 
184 1 
185 0 
186 1 
187 1 
188 0 
189 1 
190 1 
191 1 
192 0 
193 1 
194 1 
195 0 
196 1 
197 1 
198 0 
199 1 
200 1 
201 0 
202 1 
203 1 
204 1 
205 0 
206 1 
207 1 
208 0 
209 1 
210 1 
211 1 
212 0 
213 1 
214 1 
215 1 
216 0 
217 1 
218 1 
219 0 
220 1 
221 1 
222 1 
223 1 
224 1 
225 0 
226 1 
227 1 
228 1 
229 1 
230 1 
231 1 
232 1 
233 0 
234 1 
235 1 
236 1 
237 1 
238 1 
239 1 
240 1 
241 1 
242 0 
243 1 
244 1 
245 1 
246 1 
247 1 
248 1 
249 1 
250 1 
251 1 
252 1 
253 1 
254 1 
255 1 
256 1 
257 1 
258 1 
259 0 
260 2 
261 0 
262 1 
263 1 
264 1 
265 1 
266 1 
267 1 
268 0 
269 1 
270 1 
271 1 
272 1 
273 1 
274 1 
275 1 
276 0 
277 1 
278 1 
279 1 
280 1 
281 1 
282 1 
283 1 
284 0 
285 1 
286 1 
287 1 
288 1 
289 1 
290 1 
291 1 
292 1 
293 1 
294 1 
295 1 
296 0 
297 1 
298 1 
299 1 
300 1 
