1 35 42 49 64 57 82 101 145 43 64 93 96 66 119 178 207 46 78 114 134 88 143 191 238 
2 28 32 54 64 46 91 146 116 44 77 73 86 62 118 172 179 43 84 101 132 81 151 197 234 
3 22 43 68 70 38 107 114 117 35 55 93 91 68 120 172 193 44 81 112 113 89 152 191 241 
4 25 37 53 57 34 69 107 128 32 56 80 109 61 111 159 172 42 87 93 116 75 155 214 216 
5 32 33 46 58 44 80 84 124 29 54 83 126 55 106 158 182 44 81 92 111 67 150 206 230 
6 32 58 66 79 59 120 134 198 40 84 90 130 90 146 236 263 54 95 122 142 102 185 232 298 
7 29 46 58 69 58 100 141 166 43 77 106 110 90 159 168 210 47 92 129 125 91 167 208 252 
8 30 56 81 74 70 72 119 124 37 71 87 105 66 131 214 217 52 93 115 125 91 158 237 266 
9 30 52 59 77 63 95 188 151 41 75 95 132 72 155 225 239 46 90 155 163 116 182 295 265 
10 25 47 70 72 57 110 144 136 46 79 107 116 100 134 212 248 61 104 139 145 96 164 259 275 
11 34 53 70 77 49 102 160 174 37 70 109 130 70 158 193 229 48 97 127 156 88 178 291 309 
12 25 46 63 66 46 79 107 133 41 62 88 103 68 142 177 205 49 79 105 138 91 152 202 247 
13 35 68 82 91 79 84 137 161 53 73 119 139 98 158 194 256 51 102 133 167 119 168 260 303 
14 30 60 83 78 76 116 140 153 52 77 98 108 73 150 177 235 50 92 126 133 114 177 215 283 
15 27 51 67 103 69 80 122 125 39 80 117 105 71 134 189 209 59 93 105 184 95 225 248 295 
16 18 31 51 49 42 70 126 111 28 60 66 92 59 114 177 190 36 64 96 105 71 159 173 246 
17 14 28 43 41 29 48 72 94 24 42 79 68 45 86 119 135 34 54 80 82 59 110 184 190 
18 20 28 50 62 30 58 80 113 28 46 72 83 44 102 152 195 38 59 87 97 52 128 168 222 
19 19 37 56 58 43 76 118 105 25 51 79 76 48 100 134 191 37 69 100 97 54 130 168 216 
20 28 46 57 70 48 67 100 131 36 56 77 102 56 111 154 198 42 72 89 105 76 155 207 222 
21 28 41 56 67 54 91 105 133 31 54 85 93 59 106 177 180 35 68 97 113 69 140 199 261 
22 23 38 51 70 49 72 129 172 31 52 74 102 68 121 176 199 40 71 96 129 90 169 183 237 
23 22 50 52 67 50 66 117 138 31 61 87 94 60 110 156 193 37 66 109 112 66 128 218 255 
24 20 44 49 62 65 82 108 130 40 61 80 114 53 120 175 189 35 64 92 124 79 145 205 219 
25 25 43 70 64 63 82 125 187 39 55 87 132 94 123 184 201 45 76 110 115 80 133 215 236 
26 26 41 52 71 44 66 97 119 43 54 74 115 63 116 151 191 37 79 95 111 74 160 183 237 
27 23 35 62 64 48 83 117 136 45 61 93 92 94 122 150 177 38 69 105 120 84 144 199 231 
28 20 44 65 72 38 88 116 113 37 68 97 91 72 127 156 205 42 76 98 117 74 158 204 228 
29 24 32 48 60 40 56 89 121 30 69 75 83 73 107 140 178 38 70 92 107 66 138 180 210 
30 21 43 76 70 34 89 112 140 38 52 86 94 68 115 175 234 43 75 101 127 79 143 192 252 
31 17 28 49 55 26 75 91 104 28 53 74 82 50 93 175 172 30 53 78 84 60 125 167 228 
32 16 29 43 53 39 78 97 89 23 53 66 70 43 92 131 136 34 62 81 100 49 111 186 190 
33 14 34 36 48 31 73 81 95 33 43 62 79 54 99 116 153 29 57 74 84 69 110 152 192 
34 16 32 39 50 35 78 125 98 24 48 61 82 47 85 131 158 42 55 103 108 61 122 153 215 
35 19 36 49 49 35 77 96 128 26 51 63 72 49 100 141 154 35 69 101 93 57 124 163 212 
36 25 46 49 77 39 59 94 98 33 54 84 80 54 113 163 197 43 66 88 122 69 132 186 209 
37 22 41 55 65 38 69 92 101 32 55 89 86 54 115 158 168 42 69 99 97 62 129 179 205 
38 25 42 44 65 32 86 113 109 32 59 81 78 58 127 159 198 45 70 87 102 69 143 185 226 
39 21 40 46 52 52 73 98 108 35 65 82 87 57 124 143 162 44 86 92 107 71 141 176 240 
40 15 36 58 48 43 77 92 120 34 60 87 80 52 110 147 154 40 64 111 111 71 135 193 200 
41 24 41 58 72 42 89 109 142 33 65 84 101 72 131 165 179 48 76 102 114 83 146 195 280 
42 19 29 39 67 42 63 81 127 26 65 70 80 53 97 147 155 39 72 103 100 65 126 190 197 
43 17 42 47 49 36 83 95 115 32 49 73 121 64 95 141 157 35 71 101 106 81 135 188 219 
44 28 51 47 72 43 68 113 115 44 60 94 93 57 103 185 195 39 70 98 124 84 143 192 251 
45 19 32 60 55 45 64 88 105 38 50 86 81 53 94 157 182 36 80 94 101 62 126 168 193 
46 19 37 43 53 46 53 106 126 22 47 60 82 51 77 132 185 34 55 80 95 53 110 153 212 
47 19 36 50 59 43 65 84 96 30 62 69 84 51 113 134 145 34 62 81 95 59 101 191 176 
48 15 25 53 48 29 51 82 100 27 43 62 79 54 92 139 169 34 62 77 92 63 98 157 196 
49 22 38 59 56 44 65 105 103 30 48 109 89 68 101 139 184 41 64 97 98 66 137 217 228 
50 25 38 52 53 31 83 96 90 32 47 69 78 59 96 153 144 40 63 85 112 65 129 180 187 
51 16 39 63 56 32 64 82 126 30 59 74 93 61 98 131 188 35 64 87 93 90 135 188 178 
52 25 39 47 62 42 87 122 132 27 51 72 108 50 96 180 195 40 76 103 114 62 148 191 213 
53 21 33 47 53 38 63 98 104 27 49 70 76 50 110 141 159 43 54 90 90 58 106 162 196 
54 20 32 45 50 35 64 94 123 27 46 64 81 52 80 129 159 33 55 82 110 59 103 141 229 
55 20 30 40 63 31 57 96 106 31 46 65 81 54 124 160 165 36 71 97 99 68 121 184 191 
56 24 39 65 63 44 93 97 142 39 60 79 93 66 135 149 183 39 71 89 109 80 127 223 233 
57 21 35 48 65 47 78 95 102 35 50 74 99 58 106 146 218 37 60 91 118 72 126 175 231 
58 24 39 49 61 53 83 115 115 38 62 88 92 62 131 170 190 44 67 85 109 94 146 190 260 
59 29 44 52 65 34 60 84 121 33 53 78 82 49 110 148 166 37 63 84 124 65 123 169 207 
60 29 36 63 65 54 117 124 122 36 66 76 109 67 123 149 201 39 69 103 113 76 139 207 242 
