1 24 44 51 68 54 96 109 143 40 63 98 112 71 137 195 227 46 85 108 129 109 147 193 269 
2 29 40 61 59 42 73 99 140 32 80 80 110 66 123 184 206 42 74 99 107 81 147 220 247 
3 27 34 50 93 54 82 117 127 44 63 79 90 64 117 159 185 39 74 106 111 76 140 191 239 
4 27 46 51 64 47 80 99 115 35 65 81 97 65 124 173 199 45 73 101 100 78 133 186 208 
5 23 33 54 56 45 88 89 104 33 58 73 100 71 102 162 187 40 72 94 129 75 153 185 251 
6 46 55 90 69 62 100 124 164 44 78 101 119 80 138 240 233 51 85 121 144 100 157 243 299 
7 33 47 60 75 67 109 155 175 44 82 91 132 77 165 221 222 53 100 112 149 102 170 220 247 
8 28 47 68 73 63 99 120 127 52 74 82 107 100 133 206 196 60 87 104 119 95 161 238 256 
9 33 54 58 70 50 82 136 197 52 75 117 118 94 137 222 246 48 84 118 137 88 186 237 306 
10 29 53 62 70 59 134 115 146 46 75 113 117 85 163 207 239 49 110 115 145 99 199 264 319 
11 26 58 80 82 66 95 144 202 38 81 110 110 98 144 199 235 58 115 139 144 98 202 250 286 
12 37 48 57 74 57 88 123 138 37 64 96 94 83 123 180 207 45 83 97 123 79 152 197 248 
13 29 44 68 99 65 131 135 159 49 82 117 122 87 175 217 244 57 94 132 147 97 199 263 298 
14 40 44 86 81 58 111 151 147 37 72 99 124 91 135 191 208 51 89 115 136 116 163 234 261 
15 28 45 71 79 53 96 136 133 39 65 110 136 64 138 169 257 47 81 116 130 93 163 228 275 
16 20 43 44 69 40 70 101 103 32 49 82 87 64 98 139 196 42 73 102 119 78 129 184 256 
17 16 24 42 55 36 81 87 76 24 51 82 69 49 92 140 154 34 63 81 98 62 137 148 195 
18 17 34 38 58 48 69 85 118 38 64 65 78 61 104 154 204 32 60 82 105 62 122 207 201 
19 20 53 76 46 46 81 84 152 30 51 79 82 66 89 138 186 36 64 79 123 62 137 172 199 
20 23 42 46 64 43 63 104 125 33 56 84 93 57 115 153 193 42 73 112 127 77 141 182 226 
21 23 42 47 67 45 67 121 127 29 53 89 103 57 129 159 219 43 68 90 104 63 155 199 224 
22 22 36 53 54 49 77 123 142 41 58 94 97 64 102 135 185 34 70 86 113 79 129 174 215 
23 21 37 55 71 48 75 100 106 36 55 94 122 67 106 176 189 40 75 93 112 69 135 187 259 
24 29 36 69 52 45 88 101 105 33 55 82 86 72 121 190 231 42 76 95 107 69 144 183 245 
25 27 39 60 92 46 96 150 149 33 64 91 102 83 120 203 202 36 72 109 151 84 145 239 236 
26 22 36 61 72 42 67 92 179 34 59 86 108 65 130 168 229 43 80 98 127 97 143 201 238 
27 26 41 58 67 44 71 107 116 35 66 87 102 65 120 150 243 43 74 101 112 76 134 194 216 
28 28 44 57 62 55 89 92 118 30 59 102 102 65 120 150 201 43 69 98 108 73 141 213 248 
29 22 44 44 52 31 73 92 85 31 63 92 85 56 104 135 150 44 77 91 106 98 123 191 263 
30 23 38 55 72 47 106 120 140 33 60 84 111 66 131 194 245 44 71 106 130 86 160 235 292 
31 21 29 46 53 34 61 95 94 32 56 61 84 55 90 149 155 33 68 88 110 69 110 178 188 
32 14 32 52 40 27 52 89 112 28 48 64 71 41 90 119 140 31 54 93 93 56 99 142 164 
33 17 36 42 47 36 57 84 104 25 47 68 80 52 99 115 131 35 64 72 83 58 112 149 172 
34 20 37 46 50 41 67 103 93 32 46 68 81 65 98 142 142 38 61 85 90 54 130 185 237 
35 23 36 49 49 34 69 81 131 29 60 67 74 46 92 158 144 35 56 81 115 60 115 175 197 
36 25 48 68 61 44 72 100 142 28 54 79 74 65 104 139 198 37 76 92 100 70 130 184 212 
37 17 40 52 68 44 81 94 133 35 53 73 89 63 117 178 168 34 82 92 118 86 138 219 204 
38 20 41 51 53 49 70 99 108 31 53 73 93 62 109 148 159 46 80 89 103 70 137 182 205 
39 27 40 61 55 41 85 90 112 33 55 89 108 75 99 174 199 38 70 93 121 73 143 171 195 
40 20 29 41 56 36 68 87 130 27 53 71 95 61 121 154 180 38 65 93 102 65 141 179 256 
41 27 49 61 71 38 83 115 156 38 65 88 92 74 114 197 236 41 79 104 134 81 151 224 256 
42 22 34 43 55 40 81 80 108 32 62 79 103 61 98 142 161 37 80 89 100 65 120 183 207 
43 23 35 53 56 44 60 102 146 32 50 78 83 52 116 140 159 43 79 88 125 69 152 189 208 
44 28 44 52 61 43 67 111 114 32 62 82 119 65 123 170 186 40 78 97 141 80 156 232 219 
45 20 34 51 61 47 67 93 100 30 59 78 88 56 106 133 159 33 64 96 136 64 117 165 200 
46 19 35 45 51 44 86 80 111 27 54 65 83 53 92 127 168 32 62 96 105 59 125 140 183 
47 27 40 40 53 32 58 89 85 24 52 65 74 50 96 135 126 32 53 77 87 58 109 151 177 
48 19 34 53 59 33 52 106 83 27 45 67 73 48 89 121 145 28 56 89 93 64 108 163 214 
49 16 41 46 53 48 67 101 118 28 55 65 84 48 94 152 173 32 62 104 102 70 122 180 235 
50 19 28 57 55 47 77 83 114 24 41 67 75 60 87 141 184 35 60 82 122 73 130 169 185 
51 21 43 52 55 35 89 106 103 29 65 73 87 53 99 140 158 35 76 81 101 60 120 183 242 
52 22 47 46 63 48 78 103 116 27 63 77 112 70 113 144 173 36 68 90 113 66 124 165 236 
53 20 35 40 51 43 66 88 102 25 48 64 78 51 90 115 152 32 65 94 104 71 113 152 212 
54 23 38 51 54 34 61 83 90 26 58 60 81 48 86 139 163 30 62 85 91 58 116 166 218 
55 20 34 50 61 36 92 88 116 25 51 77 81 50 103 137 182 33 69 83 103 62 113 176 224 
56 24 44 56 64 44 72 101 151 33 55 91 85 68 104 177 179 41 72 114 140 83 150 180 234 
57 19 45 53 52 46 82 114 137 27 62 74 92 57 104 151 219 35 69 93 108 80 141 219 210 
58 24 47 60 61 47 101 95 141 27 71 93 99 55 108 158 194 38 71 95 123 75 155 191 224 
59 24 38 38 58 32 61 80 123 34 58 86 93 47 99 132 167 38 68 97 102 65 128 183 225 
60 18 45 60 68 38 72 136 149 32 61 79 107 57 134 189 192 39 65 100 126 64 127 214 235 
