1 24 49 62 82 36 83 123 143 37 65 101 97 70 142 167 195 45 91 110 120 72 158 231 240 
2 32 39 48 61 52 76 96 134 37 55 79 115 72 112 170 220 60 72 113 127 81 131 251 226 
3 26 35 47 87 42 74 118 106 34 61 81 85 72 130 184 177 38 72 100 131 69 156 212 210 
4 20 45 55 65 52 78 117 110 36 59 85 94 58 150 210 185 41 70 95 120 73 155 213 238 
5 20 39 58 63 41 71 124 112 36 63 79 123 62 129 201 224 38 65 100 116 76 158 186 216 
6 41 51 77 78 60 84 110 140 50 72 117 129 66 135 205 275 51 86 135 159 105 225 228 252 
7 24 48 85 80 54 97 158 137 39 66 119 111 84 157 178 234 51 79 111 132 93 159 218 301 
8 39 47 61 82 50 113 115 174 39 67 98 105 98 127 176 202 43 81 116 127 108 160 205 227 
9 25 42 61 85 41 100 169 147 39 71 106 108 73 140 182 231 56 87 154 172 90 192 220 274 
10 28 45 75 66 51 98 134 134 40 79 112 121 76 161 227 259 59 92 123 153 104 208 263 311 
11 32 53 79 95 53 109 146 158 50 77 119 124 84 126 217 226 52 90 137 140 88 184 244 298 
12 32 46 71 72 58 76 95 122 33 76 87 110 66 145 186 217 75 82 101 125 80 176 232 231 
13 36 61 72 99 53 114 154 201 49 86 118 136 88 161 213 228 64 102 124 161 97 191 259 341 
14 30 47 75 73 75 105 135 141 46 70 110 116 73 156 194 222 52 78 123 133 116 220 246 295 
15 31 44 59 104 50 90 155 137 40 65 101 110 85 126 194 241 42 81 129 142 80 152 264 248 
