1 85 113 154 124 214 248 210 257 396 
2 81 123 166 128 177 219 152 302 355 
3 72 124 135 124 179 205 193 278 326 
4 88 102 141 131 223 224 197 276 316 
5 75 118 140 114 209 230 158 244 263 
6 74 136 159 145 238 268 200 321 364 
7 85 125 165 152 202 243 203 334 335 
8 70 118 145 125 215 244 167 272 329 
9 83 123 173 150 242 262 211 330 387 
10 89 136 141 135 228 261 204 297 376 
11 77 149 166 149 236 279 172 310 375 
12 82 131 179 150 217 301 199 306 396 
13 84 139 179 158 234 296 222 321 406 
14 97 148 186 159 259 284 224 334 432 
15 90 130 171 134 217 281 219 342 387 
16 69 101 128 116 183 221 157 244 362 
17 69 112 103 107 163 206 150 228 327 
18 61 115 126 97 169 255 176 242 258 
19 77 108 128 104 185 229 153 262 281 
20 63 114 136 123 187 216 151 232 282 
21 59 123 153 125 202 200 171 257 273 
22 72 113 127 125 186 235 145 243 322 
23 72 97 139 126 175 218 149 298 342 
24 65 119 127 108 178 258 172 288 359 
25 72 112 119 121 186 253 186 301 349 
26 87 92 133 121 200 227 200 232 406 
27 75 140 171 112 238 300 190 281 422 
28 79 121 169 138 178 252 159 268 367 
29 76 105 146 138 199 201 121 269 313 
30 60 114 166 129 184 258 165 266 401 
31 57 102 129 104 162 195 131 214 314 
32 62 87 140 117 175 214 131 259 289 
33 80 110 153 115 177 254 143 262 302 
34 65 109 118 112 178 212 141 277 354 
35 70 127 126 117 180 190 158 247 269 
36 85 132 127 133 218 254 179 282 365 
37 61 103 133 96 159 183 121 264 332 
38 73 107 157 122 197 216 183 282 334 
39 70 113 149 121 190 220 178 311 370 
40 73 94 132 111 161 236 160 274 354 
41 71 114 151 136 203 233 165 248 320 
42 74 127 165 112 223 235 186 280 354 
43 67 135 167 120 178 251 209 306 282 
44 71 115 144 135 202 251 176 226 327 
45 79 102 136 146 207 184 155 287 334 
46 67 109 135 93 173 174 152 237 277 
47 59 101 96 90 164 208 128 268 284 
48 66 109 126 122 213 223 130 238 310 
49 68 99 136 97 218 202 157 257 343 
50 67 107 135 110 183 230 187 255 303 
51 76 93 130 84 191 186 154 240 264 
52 65 114 139 109 166 214 156 259 299 
53 72 108 155 108 173 240 179 263 365 
54 67 109 138 98 208 207 177 277 345 
55 84 104 114 102 185 214 174 269 379 
56 69 127 152 159 184 210 191 247 279 
57 78 132 134 129 195 312 182 241 374 
58 66 133 154 147 187 197 175 304 321 
59 64 126 153 137 211 270 180 239 341 
60 73 110 151 127 210 250 140 272 370 
