1 81 115 168 153 195 285 171 318 378 
2 81 114 147 135 182 274 183 283 304 
3 69 117 126 104 198 239 162 303 396 
4 79 128 168 126 238 254 178 298 393 
5 77 101 135 115 175 219 179 256 255 
6 71 138 158 146 229 276 198 319 450 
7 87 130 149 123 222 264 194 324 370 
8 83 110 147 130 208 253 190 246 337 
9 95 134 155 135 233 306 204 305 398 
10 79 130 173 148 224 289 210 321 347 
11 94 127 162 156 229 309 214 345 366 
12 82 143 179 157 235 299 219 306 403 
13 71 140 185 153 211 263 223 335 431 
14 103 143 178 159 246 272 220 322 398 
15 93 146 169 141 266 331 222 308 432 
16 72 115 128 107 198 215 170 215 334 
17 62 102 113 118 152 218 129 225 351 
18 74 88 131 117 135 225 144 236 320 
19 73 112 148 97 168 247 133 230 296 
20 67 116 125 114 176 209 189 250 296 
21 76 89 129 106 185 218 164 258 307 
22 68 106 144 102 162 203 156 265 323 
23 74 105 156 111 159 250 148 284 289 
24 71 73 137 126 201 280 174 240 383 
25 67 139 135 96 221 253 183 298 330 
26 61 123 157 106 226 283 153 297 335 
27 77 121 168 118 210 279 215 236 318 
28 60 103 153 120 225 230 162 254 328 
29 83 109 156 130 179 236 165 298 391 
30 66 118 163 128 156 235 155 243 329 
31 70 88 128 113 156 190 154 239 288 
32 69 85 112 108 213 196 165 214 296 
33 61 103 143 120 188 208 164 254 250 
34 63 114 141 110 184 174 150 238 286 
35 68 92 138 129 142 227 151 221 290 
36 68 105 151 120 186 253 151 308 343 
37 64 95 132 108 170 211 176 264 300 
38 58 106 147 135 166 205 193 254 337 
39 71 125 127 124 183 214 159 293 292 
40 68 117 129 114 159 237 150 281 271 
41 84 105 104 101 180 241 171 312 361 
42 59 114 148 85 181 253 166 307 360 
43 84 125 146 153 179 248 157 263 351 
44 62 94 122 113 192 208 151 243 367 
45 88 103 116 116 199 264 181 210 284 
46 70 90 118 111 145 169 129 267 261 
47 60 102 120 93 162 197 163 220 298 
48 66 110 130 130 146 205 140 231 271 
49 57 87 126 116 151 240 124 246 299 
50 65 112 133 124 149 220 153 233 307 
51 76 111 99 99 170 240 125 265 227 
52 70 89 125 92 159 220 150 215 273 
53 68 109 133 112 150 198 183 248 325 
54 73 92 152 94 209 215 144 283 233 
55 63 110 127 117 144 191 173 265 274 
56 58 90 152 110 198 223 166 248 310 
57 78 114 140 121 155 214 169 285 394 
58 88 133 145 126 206 245 180 290 354 
59 62 99 125 106 197 243 191 212 257 
60 74 107 135 116 167 177 124 289 356 
