1 1 
2 0 
3 0 
4 0 
5 1 
6 0 
7 0 
8 0 
9 1 
10 0 
11 0 
12 1 
13 0 
14 0 
15 1 
16 0 
17 0 
18 0 
19 1 
20 0 
21 0 
22 0 
23 1 
24 0 
25 0 
26 0 
27 1 
28 0 
29 0 
30 1 
31 0 
32 0 
33 1 
34 0 
35 0 
36 1 
37 0 
38 1 
39 0 
40 0 
41 1 
42 0 
43 0 
44 0 
45 1 
46 0 
47 1 
48 0 
49 0 
50 1 
51 0 
52 0 
53 1 
54 0 
55 0 
56 1 
57 0 
58 1 
59 0 
60 1 
61 0 
62 0 
63 1 
64 0 
65 0 
66 1 
67 0 
68 1 
69 0 
70 0 
71 1 
72 0 
73 1 
74 0 
75 0 
76 1 
77 0 
78 0 
79 1 
80 0 
81 0 
82 0 
83 1 
84 0 
85 1 
86 0 
87 0 
88 1 
89 0 
90 0 
91 1 
92 0 
93 1 
94 0 
95 0 
96 0 
97 1 
98 0 
99 0 
100 1 
101 0 
102 1 
103 0 
104 0 
105 1 
106 0 
107 1 
108 0 
109 1 
110 0 
111 0 
112 1 
113 0 
114 0 
115 1 
116 0 
117 0 
118 1 
119 0 
120 1 
121 0 
122 1 
123 0 
124 0 
125 1 
126 0 
127 1 
128 0 
129 0 
130 1 
131 0 
132 1 
133 0 
134 0 
135 1 
136 0 
137 1 
138 0 
139 1 
140 0 
141 1 
142 0 
143 1 
144 0 
145 0 
146 1 
147 0 
148 1 
149 0 
150 1 
151 0 
152 0 
153 1 
154 0 
155 1 
156 0 
157 1 
158 0 
159 0 
160 1 
161 0 
162 1 
163 0 
164 1 
165 0 
166 0 
167 1 
168 0 
169 1 
170 0 
171 1 
172 0 
173 0 
174 1 
175 0 
176 1 
177 0 
178 1 
179 0 
180 1 
181 0 
182 1 
183 0 
184 1 
185 0 
186 1 
187 0 
188 1 
189 0 
190 1 
191 0 
192 1 
193 0 
194 1 
195 0 
196 1 
197 0 
198 0 
199 1 
200 0 
201 1 
202 0 
203 1 
204 0 
205 1 
206 0 
207 1 
208 0 
209 1 
210 0 
211 1 
212 0 
213 1 
214 0 
215 1 
216 0 
217 1 
218 0 
219 1 
220 0 
221 1 
222 0 
223 1 
224 0 
225 1 
226 0 
227 1 
228 0 
229 1 
230 0 
231 1 
232 0 
233 1 
234 0 
235 1 
236 0 
237 1 
238 0 
239 1 
240 0 
241 1 
242 0 
243 1 
244 0 
245 1 
246 1 
247 0 
248 1 
249 0 
250 1 
251 0 
252 1 
253 0 
254 1 
255 1 
256 0 
257 1 
258 0 
259 1 
260 0 
261 1 
262 0 
263 1 
264 1 
265 0 
266 1 
267 0 
268 1 
269 0 
270 1 
271 0 
272 1 
273 1 
274 0 
275 1 
276 0 
277 1 
278 0 
279 1 
280 0 
281 1 
282 0 
283 1 
284 0 
285 1 
286 1 
287 0 
288 1 
289 0 
290 1 
291 0 
292 1 
293 0 
294 1 
295 0 
296 1 
297 0 
298 1 
299 0 
300 1 
