1 1 
2 0 
3 0 
4 0 
5 1 
6 0 
7 0 
8 1 
9 0 
10 0 
11 1 
12 0 
13 0 
14 0 
15 1 
16 0 
17 0 
18 0 
19 1 
20 0 
21 0 
22 1 
23 0 
24 0 
25 0 
26 0 
27 1 
28 0 
29 1 
30 0 
31 0 
32 0 
33 1 
34 0 
35 0 
36 1 
37 0 
38 1 
39 0 
40 0 
41 1 
42 0 
43 0 
44 1 
45 0 
46 0 
47 1 
48 0 
49 0 
50 1 
51 0 
52 0 
53 1 
54 0 
55 0 
56 1 
57 0 
58 1 
59 0 
60 1 
61 0 
62 0 
63 1 
64 0 
65 0 
66 1 
67 0 
68 1 
69 0 
70 0 
71 1 
72 0 
73 0 
74 1 
75 0 
76 1 
77 0 
78 0 
79 1 
80 0 
81 0 
82 0 
83 1 
84 0 
85 0 
86 1 
87 0 
88 1 
89 0 
90 0 
91 1 
92 0 
93 0 
94 1 
95 0 
96 0 
97 1 
98 0 
99 0 
100 1 
101 0 
102 0 
103 1 
104 0 
105 1 
106 0 
107 0 
108 1 
109 0 
110 1 
111 0 
112 0 
113 1 
114 0 
115 1 
116 0 
117 0 
118 1 
119 0 
120 1 
121 0 
122 0 
123 1 
124 0 
125 0 
126 1 
127 0 
128 1 
129 0 
130 0 
131 1 
132 0 
133 1 
134 0 
135 0 
136 1 
137 0 
138 1 
139 0 
140 1 
141 0 
142 1 
143 0 
144 0 
145 1 
146 0 
147 1 
148 0 
149 0 
150 1 
151 0 
152 1 
153 0 
154 1 
155 0 
156 0 
157 1 
158 0 
159 1 
160 0 
161 1 
162 0 
163 1 
164 0 
165 0 
166 1 
167 0 
168 1 
169 0 
170 1 
171 0 
172 1 
173 0 
174 0 
175 1 
176 0 
177 1 
178 0 
179 1 
180 0 
181 1 
182 0 
183 1 
184 0 
185 1 
186 0 
187 0 
188 1 
189 0 
190 1 
191 1 
192 0 
193 1 
194 0 
195 1 
196 0 
197 1 
198 0 
199 1 
200 0 
201 1 
202 0 
203 1 
204 0 
205 1 
206 0 
207 1 
208 0 
209 1 
210 0 
211 1 
212 0 
213 1 
214 0 
215 1 
216 0 
217 1 
218 0 
219 1 
220 1 
221 0 
222 1 
223 0 
224 1 
225 0 
226 1 
227 0 
228 1 
229 0 
230 1 
231 0 
232 1 
233 0 
234 1 
235 0 
236 1 
237 0 
238 1 
239 0 
240 1 
241 0 
242 1 
243 0 
244 1 
245 1 
246 0 
247 1 
248 0 
249 1 
250 0 
251 1 
252 1 
253 0 
254 1 
255 0 
256 1 
257 0 
258 1 
259 0 
260 1 
261 1 
262 0 
263 1 
264 0 
265 1 
266 0 
267 1 
268 1 
269 0 
270 1 
271 0 
272 1 
273 0 
274 1 
275 0 
276 1 
277 0 
278 1 
279 1 
280 0 
281 1 
282 0 
283 1 
284 0 
285 1 
286 0 
287 1 
288 1 
289 0 
290 1 
291 0 
292 1 
293 1 
294 0 
295 1 
296 0 
297 1 
298 0 
299 1 
300 0 
