1 273264 
2 277345 
3 280176 
4 267966 
5 259215 
6 272060 
7 235772 
8 303776 
9 249611 
10 297328 
11 286388 
12 263719 
13 254100 
14 321164 
15 254124 
16 310628 
17 296616 
18 294154 
19 326170 
20 283574 
21 284388 
22 290105 
23 294312 
24 281415 
25 297707 
26 314654 
27 277044 
28 264262 
29 268545 
30 276468 
31 306074 
32 317246 
33 307768 
34 278101 
35 236109 
36 325207 
37 296256 
38 306209 
39 302767 
40 315518 
41 310891 
42 330070 
43 245442 
44 319914 
45 299440 
46 312856 
47 227800 
48 245319 
49 214785 
50 254476 
51 236453 
52 258294 
53 264504 
54 232034 
55 248785 
56 261601 
57 288156 
58 246464 
59 243742 
60 206845 
61 241747 
62 321175 
63 288077 
64 274425 
65 253397 
66 280436 
67 253852 
68 255844 
69 228016 
70 275179 
71 278810 
72 264917 
73 256215 
74 247772 
75 279241 
76 265746 
77 251917 
78 292278 
79 247073 
80 264466 
81 260030 
82 299242 
83 298909 
84 283844 
85 300691 
86 269179 
87 249449 
88 275468 
89 241469 
90 289688 
91 240406 
92 211464 
93 250713 
94 237930 
95 238358 
96 271683 
97 249802 
98 228410 
99 252433 
100 267148 
101 241430 
102 260171 
103 222840 
104 238963 
105 251241 
106 250322 
107 248483 
108 245160 
109 280611 
110 261935 
111 252991 
112 240666 
113 229948 
114 289396 
115 281795 
116 250416 
117 233570 
118 248175 
119 254947 
120 276916 
121 241953 
122 279420 
123 245950 
124 248253 
125 262809 
126 248470 
127 242782 
128 262312 
129 251351 
130 221004 
131 250565 
132 246125 
133 257554 
134 248851 
135 225715 
136 226228 
137 231336 
138 222936 
139 282227 
140 238680 
141 216762 
142 252652 
143 224854 
144 224814 
145 265840 
146 271089 
147 250305 
148 239641 
149 247246 
150 240880 
151 242681 
152 224938 
153 239794 
154 237282 
155 257344 
156 241266 
157 235761 
158 208960 
159 241824 
160 224799 
161 217740 
162 232398 
163 278339 
164 280622 
165 243920 
166 238709 
167 291834 
168 250591 
169 259302 
170 270442 
171 270696 
172 256178 
173 250136 
174 210355 
175 301254 
176 222094 
177 223786 
178 231400 
179 226490 
180 195024 
