1 272349 
2 275441 
3 280176 
4 268515 
5 259887 
6 268105 
7 237057 
8 304294 
9 250359 
10 299949 
11 286754 
12 263719 
13 255400 
14 321353 
15 254542 
16 311195 
17 297462 
18 294417 
19 326579 
20 283574 
21 285726 
22 290105 
23 294521 
24 282765 
25 297452 
26 314324 
27 276776 
28 264468 
29 266633 
30 276468 
31 307439 
32 317246 
33 297030 
34 277363 
35 236724 
36 325437 
37 295236 
38 305949 
39 302093 
40 315808 
41 310891 
42 316605 
43 245837 
44 319699 
45 298606 
46 312616 
47 227800 
48 244773 
49 214453 
50 254815 
51 235458 
52 257708 
53 265856 
54 232434 
55 253470 
56 260648 
57 285936 
58 246289 
59 242957 
60 205964 
61 238702 
62 322373 
63 285279 
64 273875 
65 252394 
66 280588 
67 252811 
68 255844 
69 227627 
70 275696 
71 278810 
72 265714 
73 254073 
74 249730 
75 279170 
76 265746 
77 252298 
78 292337 
79 249523 
80 264466 
81 261479 
82 299307 
83 299398 
84 281889 
85 301812 
86 268719 
87 249160 
88 278161 
89 246664 
90 288570 
91 240843 
92 211437 
93 251086 
94 238746 
95 238573 
96 271821 
97 251750 
98 228645 
99 252445 
100 266813 
101 240682 
102 259530 
103 222850 
104 239177 
105 252486 
106 250322 
107 246902 
108 245196 
109 280564 
110 262896 
111 254021 
112 239772 
113 230189 
114 289614 
115 282761 
116 248049 
117 234062 
118 249953 
119 255952 
120 278016 
121 241095 
122 282468 
123 245613 
124 248042 
125 262651 
126 248463 
127 242583 
128 262589 
129 250627 
130 220241 
131 250565 
132 246125 
133 257762 
134 249882 
135 226902 
136 226228 
137 232101 
138 223315 
139 280812 
140 240075 
141 216238 
142 252888 
143 224854 
144 225437 
145 266642 
146 270248 
147 249151 
148 238924 
149 245329 
150 240927 
151 241294 
152 224251 
153 238719 
154 236641 
155 258287 
156 241064 
157 234808 
158 210008 
159 241981 
160 224249 
161 217957 
162 232142 
163 280595 
164 280906 
165 244332 
166 238658 
167 290881 
168 249363 
169 261287 
170 270424 
171 272019 
172 256120 
173 251143 
174 208102 
175 301500 
176 222798 
177 222404 
178 230381 
179 226751 
180 196042 
