1 271949 
2 277345 
3 280176 
4 269176 
5 259215 
6 270110 
7 237001 
8 306225 
9 253391 
10 299662 
11 286912 
12 264596 
13 254100 
14 322080 
15 254260 
16 311541 
17 296616 
18 294154 
19 327348 
20 283574 
21 284964 
22 292542 
23 293330 
24 281322 
25 298039 
26 314224 
27 277044 
28 264262 
29 267619 
30 276468 
31 306074 
32 317410 
33 297030 
34 277363 
35 236277 
36 324680 
37 296392 
38 305906 
39 302061 
40 315334 
41 310699 
42 315908 
43 245463 
44 319699 
45 298606 
46 312856 
47 227356 
48 245218 
49 214453 
50 254153 
51 235924 
52 258400 
53 264504 
54 233294 
55 248735 
56 260648 
57 288381 
58 246464 
59 246008 
60 205930 
61 241191 
62 322373 
63 288465 
64 278682 
65 253612 
66 279613 
67 253341 
68 255585 
69 227895 
70 275500 
71 278810 
72 266148 
73 254638 
74 248652 
75 278565 
76 267499 
77 251554 
78 292278 
79 253748 
80 264466 
81 258155 
82 298064 
83 299225 
84 282098 
85 301392 
86 268719 
87 251130 
88 273334 
89 248124 
90 288570 
91 240578 
92 211437 
93 249224 
94 236860 
95 238399 
96 270644 
97 250151 
98 229287 
99 252600 
100 267482 
101 241444 
102 259897 
103 222932 
104 239177 
105 252043 
106 250322 
107 247901 
108 245290 
109 280147 
110 263614 
111 253265 
112 240934 
113 231797 
114 289396 
115 283419 
116 248545 
117 234062 
118 249710 
119 255316 
120 277148 
121 242549 
122 282983 
123 246205 
124 248709 
125 262940 
126 248463 
127 244120 
128 262682 
129 251575 
130 220622 
131 251686 
132 246125 
133 257052 
134 248918 
135 225391 
136 226808 
137 232232 
138 223418 
139 281862 
140 238680 
141 216127 
142 253280 
143 225804 
144 225160 
145 266193 
146 270420 
147 250278 
148 238989 
149 246945 
150 240481 
151 239860 
152 224008 
153 239451 
154 236543 
155 259279 
156 240252 
157 234305 
158 209898 
159 242471 
160 223590 
161 218678 
162 231439 
163 279588 
164 280001 
165 243956 
166 238695 
167 285589 
168 248855 
169 260836 
170 269197 
171 271277 
172 254501 
173 250590 
174 209031 
175 302875 
176 222918 
177 224565 
178 230910 
179 228878 
180 195659 
