1 774343 
2 742520 
3 589797 
4 823891 
5 705637 
6 644018 
7 650502 
8 668414 
9 601357 
10 729327 
11 759430 
12 599266 
13 632965 
14 653017 
15 706923 
16 624792 
17 672420 
18 745479 
19 650402 
20 803061 
21 604173 
22 633558 
23 683194 
24 693128 
25 701313 
26 712452 
27 777738 
28 768812 
29 640214 
30 669921 
31 679884 
32 672980 
33 897253 
34 885576 
35 806744 
36 604890 
37 765982 
38 883508 
39 784253 
40 777963 
41 626828 
42 770066 
43 803486 
44 726521 
45 784914 
46 715456 
47 679213 
48 556037 
49 705093 
50 649691 
51 605894 
52 572084 
53 635347 
54 614280 
55 607262 
56 604728 
57 563834 
58 664791 
59 697582 
60 723546 
61 557103 
62 624360 
63 621186 
64 649932 
65 692694 
66 677372 
67 703130 
68 636168 
69 626286 
70 599914 
71 596892 
72 622265 
73 738375 
74 653598 
75 567686 
76 569926 
77 625926 
78 746316 
79 644927 
80 724610 
81 580176 
82 588407 
83 723589 
84 662713 
85 663874 
86 651605 
87 751858 
88 703448 
89 688338 
90 604815 
91 632334 
92 655908 
93 558283 
94 540972 
95 542918 
96 617235 
97 558157 
98 598206 
99 621019 
100 554707 
101 506359 
102 619876 
103 595318 
104 526642 
105 616765 
106 600726 
107 785568 
108 690944 
109 641703 
110 619598 
111 593540 
112 605168 
113 553487 
114 617318 
115 704100 
116 642668 
117 600753 
118 546038 
119 578027 
120 606122 
121 574927 
122 737097 
123 636426 
124 757887 
125 566575 
126 586908 
127 664648 
128 687455 
129 590257 
130 554522 
131 656068 
132 659705 
133 536712 
134 560865 
135 642979 
136 567263 
137 567454 
138 528024 
139 640474 
140 540570 
141 531776 
142 568227 
143 591262 
144 590982 
145 559629 
146 618889 
147 524649 
148 577770 
149 600016 
150 542117 
151 648110 
152 596377 
153 683509 
154 592577 
155 612606 
156 580834 
157 533022 
158 529575 
159 647975 
160 576043 
161 591238 
162 567339 
163 519175 
164 674655 
165 573874 
166 620076 
167 630987 
168 626506 
169 593786 
170 579647 
171 529882 
172 558751 
173 670617 
174 632050 
175 589386 
176 616990 
177 630579 
178 596981 
179 554482 
180 657263 
