1 670151 671728 669474 670842 670323 672640 670616 669474 668914 673223 674925 673753 674262 669415 673345 671074 670328 671477 670978 673176 672050 669002 670621 669488 
2 714368 708615 705320 708840 703020 702641 706273 706540 701890 713922 707769 712228 702478 701875 707141 709342 703808 707707 706034 711569 707867 704715 706122 707813 
3 745422 748009 745823 745936 740278 719283 719551 737498 744224 741377 744833 744758 732521 733014 736650 736663 730536 742687 744369 737826 729049 742531 741015 738287 
4 695531 699450 698868 696786 694329 695786 699686 697040 696138 701693 701102 702944 697105 694649 697820 697096 702049 696529 699072 696856 696085 699881 698092 698242 
5 691073 678549 689170 689453 673226 680950 682778 686524 686861 681654 686196 687917 679317 688223 687149 686072 690196 689806 692433 687507 678327 684573 682222 689375 
6 767006 760995 768068 761343 770679 760132 760658 764374 762159 770461 766546 767741 764565 759576 759380 766004 759371 769317 766129 768300 767155 759259 761272 763521 
7 749939 750162 747531 750843 753786 751545 751477 752361 747851 751857 749577 757279 746080 746263 751440 753456 759810 757405 746282 752556 753869 746898 755150 749834 
8 643265 645699 642524 650795 643063 642131 647488 640877 645706 646675 645697 652600 644636 639624 642938 648240 653300 643024 641541 643766 638946 641156 646522 650009 
9 590205 593534 593335 592362 588860 588055 587196 589740 590563 597324 589761 591434 590401 588885 586566 587696 589087 591992 588414 589086 591551 586702 588792 587355 
10 580843 587912 589057 588923 584131 582215 578352 581956 580062 581702 586462 584390 578352 584069 581557 580013 597202 580393 584675 589001 582880 578352 582946 580664 
11 848924 851012 845494 846881 848507 845366 845349 847385 847814 846075 847894 845574 844193 842536 844660 844349 845541 845079 848517 845107 848991 844212 842520 847951 
12 699150 696703 697417 700914 700681 696124 698248 697360 707605 702384 699899 699243 696199 700072 704293 703783 715382 701937 699018 696124 702488 696098 697513 700681 
13 732325 729946 729980 729970 726200 728802 726200 729732 735332 730288 729842 732220 733441 726200 730734 731874 732908 728698 728264 734834 732774 734036 730299 729553 
14 889480 883438 892043 885624 889215 880506 889529 878452 892672 886153 891003 883889 899136 877728 892712 891978 886672 884917 894588 888946 886865 880844 882830 884485 
15 759447 755780 751710 756763 763606 750082 758076 757458 749011 761441 753189 756368 759552 749011 750540 753406 757925 749212 755320 759543 756485 751925 756122 754222 
16 529723 521956 533660 531864 523280 528038 532484 522673 527382 529965 529007 530310 527502 525726 530289 527696 522262 530081 529202 529911 527065 528053 526798 530110 
17 632115 637403 638459 637440 622276 634187 624271 627557 638503 637359 637317 641654 628353 623177 623525 624327 627938 635711 634861 625097 626108 626117 626170 625001 
18 540321 544686 542587 537733 540654 536797 538795 538157 549197 540860 536346 542289 541335 538911 538800 540950 546860 541614 542636 538198 539672 537891 541374 538737 
19 627830 629375 632320 631251 625040 625280 624995 630904 626059 626054 629665 629849 625612 623734 627244 625014 627101 625221 625432 628536 623100 623920 626993 628820 
20 607523 604865 613593 616877 608393 607599 614830 610756 620077 608975 613330 611372 608395 607166 607753 608715 611811 610271 611977 615397 610257 605685 607592 609648 
21 673816 671967 676317 676430 664918 665109 667461 672686 669028 670443 666450 674160 674441 669806 670591 675766 669908 673749 669063 676375 666506 666002 676634 669624 
22 675640 675837 678455 679379 678537 676976 680160 680323 682211 673520 678501 678219 677091 674237 678206 677857 675070 674109 678083 681637 676235 678112 675818 680350 
23 585077 587551 590650 589432 584984 583880 586595 583357 595911 591576 586641 591872 585404 591665 585673 587845 590242 581728 589102 581523 581986 587750 583792 586852 
24 676689 684290 686558 678280 674722 676089 682646 682277 676518 676231 677449 684659 666912 676872 679247 685696 682367 684034 683492 680073 677680 683383 676733 682919 
25 711904 707610 693864 701201 700112 702202 706577 703796 707156 702556 715596 709215 701899 703129 693343 701630 711579 699682 697018 704030 701404 707338 694067 696143 
26 707499 697205 702887 698598 692085 694131 695523 695405 704397 698097 691678 700557 695610 691171 695974 695856 696542 698105 702123 704609 690867 700952 699422 690726 
27 714670 701524 693851 705975 699620 693295 693946 698303 694450 695801 699457 709569 696363 694391 694539 698940 708784 693322 695669 705571 698509 704036 700060 697547 
28 699246 690015 690580 684393 688773 686925 689827 694178 696832 690824 691329 691322 692810 687076 690495 693387 689708 692442 691900 699724 684425 684182 692231 694920 
29 674008 679227 673872 685415 674001 675867 676847 677833 677525 673581 676268 679582 673843 673274 680913 681456 671393 677336 678962 677478 673985 674152 673627 679813 
30 724003 713951 722376 709310 706192 713940 725864 712876 726448 730776 731335 726634 719492 722181 724853 730471 722425 702657 732679 725133 718749 718317 727590 714654 
31 559618 558372 561694 561794 560272 556617 558168 563930 558950 556741 560316 563381 557146 561345 561358 557167 557313 558795 556558 556799 558000 556661 559402 562905 
32 601414 600468 602375 598637 597164 599384 598976 600380 601608 600670 598891 596435 596319 599588 598759 599073 601810 601159 598811 601354 599295 601632 599466 603103 
33 590446 595982 596055 595146 591998 591580 596657 592370 597285 592249 596042 593332 592504 591084 594663 597508 594733 591356 594691 599204 593588 594924 594126 596294 
34 528036 532369 529975 531949 528059 530112 531924 531959 529293 532496 534158 535795 526919 528553 530393 528933 527810 528686 532621 532798 528784 527438 530000 530470 
35 490343 492918 494995 506130 495647 488816 492374 495275 490220 501098 501829 495611 492691 493506 494436 494107 500281 489085 493044 496913 489596 490781 497257 493063 
36 567015 575063 576532 572307 569339 569790 560518 572176 564442 573582 572431 567269 568176 556298 571124 569305 576272 568568 555977 571161 568789 561514 563162 573066 
37 554128 555653 554752 556280 556766 556177 557850 555976 556624 558637 559277 554159 553107 553276 556200 555983 555506 553612 554775 555764 555371 555908 555182 554836 
38 529976 530299 530165 527895 523882 526781 528120 526046 535889 526910 528936 529298 521374 523881 526028 528096 524304 524609 528565 533114 523891 528082 526919 529260 
39 580339 581332 577112 579313 577530 578496 577579 576820 579434 578870 583407 580048 575133 577239 583700 575053 579515 580903 579515 584154 584004 581651 581903 577971 
40 512945 516867 515975 515880 513410 512811 511046 516285 509772 514462 516003 514822 514498 513848 511612 514806 514534 511658 515956 516385 510142 513785 514094 518601 
41 705411 707046 706053 706851 701371 702104 700138 704735 708887 702034 705822 704213 698430 700797 700964 703589 706779 700227 704018 701664 701854 702981 702232 703469 
42 554298 553458 552977 556588 555551 552977 554536 552059 558299 551552 554173 554906 551559 556648 552977 554816 560492 554318 554700 554910 555408 551807 555100 555021 
43 574876 574488 574648 576014 573409 575198 575963 574941 574043 574274 574314 581561 574818 573878 575503 577044 574502 573409 573409 578162 574289 574141 573576 578216 
44 604674 603816 607562 604920 602460 603136 600815 601858 606868 607271 602217 605507 603774 602814 600948 602391 604516 603054 604960 606627 603858 599232 600075 606145 
45 577615 576472 580372 572929 577200 570012 573146 576352 571608 578608 577318 575621 568847 568152 573109 580787 574855 577524 576177 582042 567690 575980 573349 572666 
46 588315 583644 586766 591143 576131 584452 582283 579715 588265 586489 573748 584380 585080 571766 574792 585758 587558 587705 588168 578942 579401 572445 575010 573114 
47 611943 621315 615616 620014 616199 612195 618170 621466 623441 618611 615647 619571 615997 618208 615924 621830 621339 618806 624962 621176 620100 618847 615225 617130 
48 562348 559060 557757 561041 558107 557582 563613 560215 562307 561497 562106 559328 555941 557356 560340 558823 560066 560093 558366 555760 558168 561405 560929 560944 
49 516489 518141 518332 524148 515774 509143 510002 514292 513235 516341 509652 511338 507855 508966 510379 512367 515260 509373 514552 518057 505527 505946 512168 509744 
50 652471 654428 655731 654915 653507 653347 654617 651341 653728 652626 655041 651126 653550 651305 653757 653847 654462 654091 656001 655952 651291 655062 654290 653167 
51 626407 632193 631859 631293 628438 631321 630439 634458 636970 631129 633521 630369 628134 628606 630115 631276 635457 626994 637178 630614 632216 631954 632422 629736 
52 621746 616356 627376 620892 617134 617040 620682 625956 618541 615019 624423 623896 616001 618500 621365 623895 613656 617311 619308 616599 616827 622342 617480 622201 
53 580228 581050 576990 580190 577752 581246 581239 585209 583468 583858 588124 585927 577929 581603 579790 580464 580144 577480 584332 589425 583152 577600 585250 584798 
54 572291 569943 572370 574371 569300 567531 573318 571964 573432 573777 572450 573785 567919 570871 570130 569078 572773 570964 570623 571957 572998 569767 569976 568709 
55 547748 546321 552185 544027 549151 541401 544815 554598 544711 555651 547062 559344 546825 548675 554664 546024 544114 554188 546060 554098 544374 554309 545905 549086 
56 631749 629849 631956 635258 630316 630958 633566 638478 631250 635096 642914 635116 633423 628010 630064 633413 629602 637778 633702 637676 633364 631300 635715 634940 
57 579843 584494 584362 582456 580957 580360 583072 584606 582726 581054 586024 582337 578732 579521 582077 585932 583601 580453 583870 587512 580133 580082 585102 583051 
58 537214 531182 531846 532847 529184 529750 531833 533483 535511 532961 531225 534145 534119 529713 529252 535230 532237 530313 533718 531842 530002 529942 527697 535426 
59 558477 560473 565126 567642 559836 562599 562160 563836 566329 558006 561587 563866 562308 561012 561940 562710 575087 563081 562358 561804 560546 559624 561926 563840 
60 637974 646506 645753 645875 640169 642660 644062 640750 641602 641860 647011 644851 644384 638432 640348 645882 646934 642865 643822 646832 643229 638346 644367 643966 
