1 668252 672821 670152 670182 674089 668703 674498 671705 676842 672490 670825 675398 671540 668252 670997 669629 670095 668371 672919 670088 671281 670908 668703 671692 
2 704330 708245 708264 714010 701982 705171 708196 708103 701221 707674 709427 710908 708307 703563 706811 710216 708182 711293 710402 710396 707766 706081 708616 708355 
3 734545 747021 742516 742101 742740 744750 738709 746818 732752 736264 738378 742190 737388 732666 740131 732956 750387 738820 747910 741614 746590 737609 739040 737017 
4 698948 695374 705271 702961 693598 695035 694758 699536 697769 695180 703015 703522 695041 695354 683226 698623 703490 700232 695292 698533 694765 698832 683708 699185 
5 682798 688399 696296 688415 681187 686721 689094 664421 678325 685918 684662 691742 678356 686563 683209 690806 682544 689936 683393 691459 680683 686159 683675 680991 
6 777802 771012 768212 760306 770012 763942 760775 764235 759298 766600 773703 762777 764511 763813 764110 767525 764749 768885 758681 765014 759126 759277 760910 761654 
7 756799 759257 748692 754099 753405 750244 753260 752364 758505 746714 753499 751801 749931 750271 746831 748397 754561 752688 754370 751344 759222 745689 753628 752037 
8 646465 652102 652791 645373 640678 641375 642166 647956 640678 641860 647512 650718 649240 642339 645180 651543 642875 646499 648319 645086 644036 642616 641957 639495 
9 589967 589618 588980 589211 585579 587835 587824 591170 595168 590830 589802 589418 588233 587760 590822 590869 586730 587110 588746 590021 592798 586730 588792 590374 
10 590600 584301 590202 581900 590532 588415 581416 582772 604404 589018 585802 578239 579256 582298 580527 583465 597184 582889 586264 581643 587049 582100 582210 582352 
11 848310 842527 850352 851806 843444 849646 846228 846969 844226 847586 845605 845554 846313 844866 848041 845999 849085 843982 849174 850842 845656 845549 845554 844314 
12 697393 696124 699341 703772 701380 696703 703820 697511 708506 700296 695658 698905 699577 698219 696648 697866 702259 697393 706357 704864 698222 698222 697618 699154 
13 732263 729350 734842 732456 736682 727177 729667 728824 730401 728561 730572 729408 730314 726253 728818 730453 732081 728626 729968 730874 728626 728622 729760 728305 
14 889554 893671 894763 894204 888948 893430 886898 889441 883081 891722 892616 882534 893479 882096 892817 888827 887499 883589 892834 885628 880848 883293 891849 889349 
15 758620 751034 754509 758212 754909 753572 752470 751042 749011 740121 759395 758396 758951 749149 753909 756905 758049 749149 749630 756511 758633 753157 752770 740076 
16 526410 527613 528528 534604 528233 528059 527234 527416 520756 529294 530177 536853 525305 522666 530478 533791 528901 526658 527853 528088 526116 525701 528242 525935 
17 625691 638716 639240 639517 635819 635606 635467 624730 636871 636599 625517 629148 631148 627834 624602 625298 640692 636542 627923 635081 627202 639176 626283 637589 
18 540574 537404 541419 538277 541095 538516 542116 538635 544771 539933 543917 539522 538349 536282 537815 543228 539272 540204 541614 542080 540162 534987 541680 538682 
19 626354 628585 632245 630240 623919 627998 625803 628748 626792 627153 624890 628385 626471 625927 626057 626340 628534 626826 625798 627795 622766 626785 625264 627370 
20 610175 606643 612268 612768 612606 609145 610268 615611 614920 616789 614940 616258 610489 607120 605036 608376 613314 611414 602573 614533 609314 610098 611289 607550 
21 680862 677754 676753 675728 670377 670881 672743 665977 676116 671335 674330 674249 671863 669697 672028 670646 671359 671926 671758 672026 679046 669222 671610 673299 
22 678603 678078 677615 678490 679165 676094 679397 676750 677312 679292 676764 679358 674332 676184 679977 679126 678442 679258 679291 677140 680731 674153 681016 679680 
23 587083 586390 591204 586067 585231 582473 583577 589824 582867 592166 583285 591979 586010 584027 581939 588881 606728 582825 591660 589854 587518 588135 584212 590408 
24 683398 686282 677136 674056 677193 677236 681246 683301 683022 683887 677540 689577 676250 672680 682751 689049 673435 681804 680867 684674 682044 678906 675762 676040 
25 700031 702577 702297 690815 704743 691803 707930 701562 702904 704011 706270 710924 708855 707213 694621 706027 706373 700756 709877 696157 700984 703156 702961 707268 
26 695744 698252 699405 701951 701837 697821 695931 691736 695200 690366 696724 702655 700102 691582 698669 691262 694089 702924 704935 695831 690965 695438 692734 702698 
27 705866 698627 706340 700395 705001 697407 697965 691821 710333 694492 700307 698957 695423 692815 698101 698268 701613 697783 701521 693901 692750 698100 701436 704584 
28 688037 694176 688429 694910 684743 687079 684810 689727 686229 685170 691579 687432 687100 685054 692967 690550 695281 688552 685139 695405 686174 687336 691379 692293 
29 674998 670520 673635 689066 676211 679660 672711 675151 676220 680302 683148 684037 668850 677428 679057 679770 676560 672754 679645 673913 671598 677111 672597 674010 
30 735432 717742 723068 729917 716794 716763 716259 720785 717110 719053 725839 727340 719358 711132 705743 727186 704799 721512 734134 736781 711724 717020 722108 722742 
31 556290 562200 562385 563230 560112 558105 556736 562182 565544 555664 564812 559546 557608 557669 558701 562832 563851 559223 562385 563416 558041 561084 562908 557421 
32 601380 599304 605863 601431 597450 600448 602515 598956 600634 600058 600610 603850 596135 598172 595334 600973 604729 601070 600058 600081 600195 594162 598868 600550 
33 589597 596437 599700 594320 598120 594317 592722 596596 592672 590337 596600 594365 592950 593569 592322 595880 596089 591983 596816 595827 591119 593274 589394 594678 
34 535475 527982 531271 535582 526492 527706 533242 532640 528953 532935 533081 529139 527699 529479 535297 535912 535464 530620 534619 536338 531887 527383 532202 528938 
35 492593 501649 494534 494819 500046 501036 492610 491422 487706 500965 496425 495607 491943 489782 495774 494226 488816 493540 490092 491533 500537 489072 500530 491778 
36 565526 563871 566428 573028 569401 569915 558413 558312 572982 569416 572449 574369 564448 574132 570112 575407 573273 575606 570259 562592 567913 554222 569565 573365 
37 556638 554258 563598 557278 553364 556217 554338 555219 557194 556039 554817 557735 555419 553107 555508 553813 555905 557269 559770 558525 555454 555444 553578 557372 
38 531528 526625 531503 531174 530710 525635 528860 527202 531353 527859 529198 528498 526376 524837 528769 525571 528069 523440 529711 531510 527668 529157 528314 526398 
39 583409 580464 580845 577670 579533 581305 576382 582182 582102 579899 575542 580257 577498 576729 577305 579104 577498 581896 579692 579926 576379 580187 580111 583119 
40 518903 511492 512766 518550 508580 511376 511798 518561 514702 511492 518642 516191 511289 513488 513544 516165 513094 510084 516207 518104 512669 513513 514145 510618 
41 701031 705507 705744 705057 701495 704911 703794 706746 702562 706321 710190 707476 705707 704171 703577 703032 701584 704855 703725 707375 702741 702413 705100 701512 
42 554627 553550 555797 554030 552299 552081 554386 553755 554870 551838 553121 556311 557752 551346 552350 553662 557616 553609 553709 552977 552758 552427 551108 554456 
43 574122 574044 576180 575514 576038 574646 575513 575898 577854 574956 575137 575662 574227 576019 573897 577128 578133 578328 573606 575194 573409 574488 575902 578208 
44 605021 602324 604563 604661 603674 603499 597624 604463 605028 601826 607055 607967 601036 598086 604213 600569 608317 605426 603982 600933 600589 598006 604199 603074 
45 582625 575196 575244 573484 571320 571930 578132 576667 570237 579430 572333 580295 572388 575371 575154 579980 578304 572515 585875 568919 572848 575799 571247 577886 
46 570756 583407 584475 581249 569959 582251 587393 586505 571271 579166 591568 588867 580040 570943 573551 573423 574027 584030 586577 583562 582770 578234 573180 573193 
47 613598 618467 620982 618268 620226 615943 619605 617774 615784 619614 618645 618649 616255 616339 615312 621536 614882 619462 619419 622286 621240 618538 620846 615503 
48 553980 559104 558307 566960 557076 560182 559763 564232 562895 558298 564732 563547 559386 557846 557658 558877 557496 560275 564692 564266 560352 553826 555622 563400 
49 504997 511682 507631 521862 517200 515502 508994 512177 513464 513014 509586 513370 508163 508299 509872 512316 511357 511189 522595 522995 508258 512265 513293 510180 
50 651673 654336 654825 655793 650936 653096 651558 654066 652199 653065 656297 654832 651708 654109 655733 658386 652744 652509 654489 656989 651935 651579 655562 655520 
51 632530 630589 633308 629720 631340 629809 630422 630672 630814 628513 628127 634435 630353 628148 628285 631292 633264 635009 633584 639666 630174 632463 633106 631333 
52 619574 617058 615226 626021 615120 616618 619205 620038 618362 614465 618803 625138 618963 617176 617826 616714 615235 619812 620405 619032 624275 617444 619103 619476 
53 579100 578839 577616 580103 580849 578640 576738 582447 583296 577704 587639 588414 581056 577145 576980 587296 584739 584110 585370 576710 581319 575779 583343 582921 
54 572974 572378 571723 573349 570980 569376 569839 571453 572491 572423 571975 571500 571726 571110 572379 572826 574356 571552 570157 573529 569138 568801 569322 569409 
55 549932 553075 553797 560667 546714 544794 544358 547945 551023 545365 555678 552274 550730 541401 543663 553275 553382 554448 550058 548885 544492 544937 553782 545214 
56 635840 631033 639004 634048 633408 633696 631189 633141 633352 636079 635360 636212 632554 628557 635905 634168 628010 631646 629662 638488 627568 636924 633185 628749 
57 580470 582790 586142 587236 581666 580111 581440 582959 580570 588597 582482 586176 583244 580090 581477 587139 584145 580403 584969 581904 579320 582805 582234 586871 
58 531771 532341 533036 535298 534119 533848 535194 534618 534757 532641 534135 530661 533646 533456 536366 534245 531544 535301 535402 534314 536683 529793 530403 535953 
59 558782 562148 565570 564646 567307 559801 559168 558519 561128 560161 564587 563112 561263 562858 564272 565010 563064 564474 563560 567514 558337 560460 562216 564598 
60 644660 642283 645919 647634 641957 641517 640770 644658 644032 642012 643376 648838 639712 645049 647139 649246 645258 649481 642696 647106 647543 640226 644238 646104 
