1 167 
2 165 
3 196 
4 167 
5 177 
6 187 
7 172 
8 177 
9 164 
10 162 
11 170 
12 181 
13 178 
14 168 
15 156 
16 195 
17 184 
18 178 
19 192 
20 176 
21 141 
22 152 
23 165 
24 149 
25 163 
26 192 
27 187 
28 186 
29 184 
30 186 
31 180 
32 174 
33 204 
34 190 
35 202 
36 201 
37 182 
38 207 
39 196 
40 176 
41 184 
42 186 
43 196 
44 215 
45 189 
46 163 
47 146 
48 145 
49 158 
50 145 
51 145 
52 121 
53 128 
54 144 
55 131 
56 167 
57 181 
58 179 
59 134 
60 132 
61 155 
62 146 
63 169 
64 159 
65 148 
66 180 
67 161 
68 170 
69 161 
70 156 
71 164 
72 162 
73 137 
74 140 
75 129 
76 200 
77 194 
78 149 
79 155 
80 172 
81 138 
82 154 
83 190 
84 146 
85 195 
86 140 
87 182 
88 196 
89 206 
90 158 
91 157 
92 142 
93 130 
94 143 
95 110 
96 146 
97 173 
98 158 
99 111 
100 144 
101 141 
102 108 
103 130 
104 148 
105 135 
106 168 
107 169 
108 161 
109 146 
110 165 
111 149 
112 165 
113 160 
114 139 
115 137 
116 155 
117 136 
118 150 
119 119 
120 146 
121 110 
122 176 
123 120 
124 165 
125 186 
126 157 
127 172 
128 179 
129 170 
130 189 
131 177 
132 140 
133 156 
134 164 
135 157 
136 168 
137 161 
138 134 
139 145 
140 159 
141 157 
142 141 
143 146 
144 136 
145 144 
146 144 
147 147 
148 147 
149 171 
150 151 
151 173 
152 154 
153 174 
154 207 
155 158 
156 157 
157 172 
158 174 
159 154 
160 147 
161 146 
162 168 
163 163 
164 133 
165 182 
166 141 
167 149 
168 170 
169 161 
170 196 
171 190 
172 148 
173 169 
174 124 
175 164 
176 143 
177 181 
178 189 
179 143 
180 171 
