1 167 
2 155 
3 163 
4 159 
5 156 
6 178 
7 183 
8 153 
9 172 
10 146 
11 180 
12 155 
13 169 
14 181 
15 174 
16 172 
17 197 
18 211 
19 195 
20 215 
21 187 
22 155 
23 188 
24 144 
25 189 
26 195 
27 172 
28 203 
29 179 
30 180 
31 188 
32 172 
33 209 
34 190 
35 202 
36 192 
37 203 
38 207 
39 183 
40 209 
41 201 
42 175 
43 196 
44 203 
45 203 
46 149 
47 145 
48 132 
49 146 
50 170 
51 146 
52 147 
53 178 
54 138 
55 149 
56 120 
57 187 
58 167 
59 131 
60 149 
61 180 
62 156 
63 194 
64 176 
65 196 
66 145 
67 170 
68 151 
69 145 
70 162 
71 165 
72 183 
73 153 
74 178 
75 163 
76 195 
77 165 
78 155 
79 166 
80 186 
81 192 
82 204 
83 188 
84 197 
85 171 
86 189 
87 170 
88 151 
89 176 
90 181 
91 146 
92 167 
93 129 
94 137 
95 144 
96 159 
97 168 
98 168 
99 122 
100 138 
101 152 
102 164 
103 152 
104 174 
105 148 
106 147 
107 203 
108 135 
109 140 
110 124 
111 154 
112 158 
113 136 
114 130 
115 153 
116 188 
117 186 
118 137 
119 149 
120 150 
121 174 
122 167 
123 157 
124 142 
125 171 
126 151 
127 157 
128 160 
129 169 
130 187 
131 160 
132 150 
133 186 
134 149 
135 137 
136 167 
137 150 
138 168 
139 157 
140 151 
141 159 
142 146 
143 145 
144 173 
145 159 
146 110 
147 158 
148 153 
149 127 
150 162 
151 158 
152 157 
153 124 
154 166 
155 136 
156 168 
157 163 
158 162 
159 127 
160 168 
161 175 
162 152 
163 154 
164 157 
165 161 
166 188 
167 172 
168 153 
169 166 
170 182 
171 163 
172 162 
173 157 
174 143 
175 169 
176 128 
177 210 
178 175 
179 204 
180 163 
