1 166 
2 115 
3 182 
4 174 
5 167 
6 178 
7 133 
8 173 
9 166 
10 142 
11 156 
12 168 
13 169 
14 168 
15 157 
16 193 
17 164 
18 184 
19 189 
20 184 
21 178 
22 170 
23 187 
24 150 
25 203 
26 180 
27 183 
28 173 
29 177 
30 161 
31 172 
32 149 
33 205 
34 206 
35 201 
36 197 
37 179 
38 226 
39 179 
40 195 
41 201 
42 170 
43 202 
44 182 
45 183 
46 164 
47 145 
48 127 
49 135 
50 154 
51 156 
52 143 
53 190 
54 139 
55 149 
56 142 
57 117 
58 166 
59 149 
60 143 
61 169 
62 161 
63 160 
64 185 
65 151 
66 166 
67 154 
68 148 
69 173 
70 180 
71 168 
72 164 
73 181 
74 160 
75 186 
76 154 
77 179 
78 126 
79 166 
80 164 
81 152 
82 147 
83 171 
84 172 
85 179 
86 173 
87 192 
88 164 
89 196 
90 166 
91 176 
92 116 
93 140 
94 151 
95 128 
96 141 
97 149 
98 148 
99 131 
100 133 
101 144 
102 129 
103 164 
104 137 
105 139 
106 137 
107 163 
108 171 
109 149 
110 158 
111 155 
112 182 
113 147 
114 149 
115 134 
116 188 
117 153 
118 185 
119 166 
120 184 
121 157 
122 134 
123 123 
124 139 
125 168 
126 169 
127 142 
128 185 
129 165 
130 146 
131 166 
132 158 
133 160 
134 179 
135 166 
136 153 
137 181 
138 132 
139 155 
140 154 
141 152 
142 125 
143 150 
144 148 
145 162 
146 131 
147 136 
148 152 
149 116 
150 126 
151 158 
152 177 
153 160 
154 160 
155 158 
156 140 
157 129 
158 164 
159 148 
160 165 
161 175 
162 166 
163 127 
164 167 
165 170 
166 159 
167 143 
168 144 
169 146 
170 178 
171 173 
172 160 
173 160 
174 157 
175 175 
176 164 
177 145 
178 174 
179 139 
180 181 
