1 136 
2 121 
3 159 
4 128 
5 120 
6 126 
7 106 
8 124 
9 118 
10 151 
11 122 
12 117 
13 109 
14 119 
15 100 
16 127 
17 131 
18 160 
19 142 
20 146 
21 128 
22 117 
23 124 
24 133 
25 125 
26 139 
27 114 
28 114 
29 124 
30 137 
31 175 
32 178 
33 191 
34 133 
35 124 
36 139 
37 141 
38 129 
39 166 
40 152 
41 153 
42 140 
43 162 
44 169 
45 129 
46 97 
47 131 
48 82 
49 128 
50 97 
51 106 
52 107 
53 95 
54 95 
55 116 
56 93 
57 127 
58 116 
59 91 
60 111 
61 104 
62 126 
63 102 
64 100 
65 119 
66 97 
67 97 
68 115 
69 103 
70 130 
71 119 
72 104 
73 113 
74 104 
75 119 
76 122 
77 102 
78 148 
79 153 
80 94 
81 108 
82 110 
83 124 
84 111 
85 106 
86 104 
87 113 
88 125 
89 126 
90 115 
91 102 
92 108 
93 93 
94 95 
95 104 
96 115 
97 88 
98 99 
99 100 
100 83 
101 94 
102 122 
103 117 
104 93 
105 111 
106 110 
107 99 
108 110 
109 105 
110 86 
111 82 
112 96 
113 95 
114 98 
115 115 
116 121 
117 85 
118 104 
119 109 
120 124 
121 103 
122 119 
123 117 
124 113 
125 132 
126 127 
127 91 
128 113 
129 146 
130 118 
131 124 
132 112 
133 101 
134 102 
135 105 
136 91 
137 105 
138 102 
139 110 
140 96 
141 96 
142 91 
143 78 
144 78 
145 96 
146 89 
147 101 
148 85 
149 82 
150 85 
151 93 
152 116 
153 126 
154 100 
155 113 
156 98 
157 108 
158 89 
159 101 
160 79 
161 76 
162 94 
163 96 
164 90 
165 110 
166 98 
167 90 
168 104 
169 83 
170 92 
171 88 
172 88 
173 100 
174 105 
175 100 
176 107 
177 99 
178 99 
179 117 
180 113 
