1 141 
2 117 
3 139 
4 122 
5 122 
6 119 
7 106 
8 126 
9 137 
10 113 
11 116 
12 139 
13 105 
14 117 
15 116 
16 144 
17 159 
18 159 
19 132 
20 167 
21 137 
22 104 
23 145 
24 132 
25 139 
26 139 
27 117 
28 126 
29 143 
30 124 
31 178 
32 161 
33 143 
34 151 
35 114 
36 147 
37 147 
38 136 
39 150 
40 145 
41 135 
42 152 
43 137 
44 177 
45 161 
46 95 
47 96 
48 134 
49 106 
50 93 
51 130 
52 123 
53 107 
54 115 
55 137 
56 116 
57 96 
58 111 
59 95 
60 113 
61 107 
62 111 
63 102 
64 106 
65 114 
66 116 
67 109 
68 108 
69 117 
70 127 
71 121 
72 116 
73 141 
74 116 
75 110 
76 126 
77 99 
78 153 
79 113 
80 96 
81 128 
82 165 
83 132 
84 128 
85 111 
86 134 
87 126 
88 117 
89 122 
90 116 
91 82 
92 98 
93 115 
94 90 
95 98 
96 112 
97 100 
98 109 
99 102 
100 96 
101 81 
102 83 
103 121 
104 95 
105 98 
106 88 
107 109 
108 107 
109 82 
110 106 
111 92 
112 93 
113 102 
114 91 
115 91 
116 111 
117 103 
118 89 
119 116 
120 123 
121 108 
122 117 
123 126 
124 111 
125 113 
126 107 
127 109 
128 111 
129 104 
130 104 
131 118 
132 124 
133 102 
134 113 
135 98 
136 86 
137 100 
138 98 
139 103 
140 92 
141 81 
142 91 
143 74 
144 91 
145 91 
146 83 
147 97 
148 99 
149 90 
150 92 
151 107 
152 106 
153 119 
154 96 
155 117 
156 90 
157 100 
158 90 
159 119 
160 97 
161 87 
162 114 
163 92 
164 116 
165 97 
166 99 
167 110 
168 95 
169 100 
170 88 
171 91 
172 81 
173 98 
174 100 
175 108 
176 115 
177 103 
178 104 
179 115 
180 117 
