1 117 
2 112 
3 139 
4 112 
5 120 
6 117 
7 125 
8 122 
9 114 
10 123 
11 144 
12 120 
13 114 
14 153 
15 116 
16 173 
17 169 
18 158 
19 117 
20 149 
21 129 
22 135 
23 141 
24 173 
25 135 
26 132 
27 121 
28 126 
29 124 
30 121 
31 181 
32 142 
33 142 
34 133 
35 144 
36 126 
37 159 
38 169 
39 148 
40 176 
41 116 
42 139 
43 136 
44 162 
45 130 
46 124 
47 98 
48 97 
49 99 
50 97 
51 115 
52 127 
53 83 
54 115 
55 120 
56 96 
57 115 
58 107 
59 100 
60 127 
61 152 
62 111 
63 94 
64 109 
65 105 
66 143 
67 115 
68 106 
69 113 
70 115 
71 108 
72 112 
73 115 
74 144 
75 121 
76 134 
77 101 
78 129 
79 110 
80 120 
81 120 
82 117 
83 137 
84 115 
85 131 
86 112 
87 115 
88 123 
89 116 
90 121 
91 83 
92 94 
93 116 
94 104 
95 109 
96 101 
97 110 
98 119 
99 90 
100 110 
101 89 
102 83 
103 108 
104 86 
105 94 
106 82 
107 122 
108 116 
109 78 
110 86 
111 97 
112 90 
113 101 
114 104 
115 89 
116 110 
117 88 
118 88 
119 106 
120 101 
121 117 
122 126 
123 100 
124 114 
125 105 
126 126 
127 98 
128 99 
129 123 
130 103 
131 127 
132 128 
133 105 
134 113 
135 111 
136 89 
137 110 
138 93 
139 94 
140 99 
141 74 
142 100 
143 94 
144 105 
145 94 
146 105 
147 77 
148 105 
149 88 
150 85 
151 97 
152 113 
153 103 
154 97 
155 124 
156 82 
157 103 
158 97 
159 104 
160 98 
161 90 
162 97 
163 117 
164 102 
165 101 
166 122 
167 105 
168 96 
169 89 
170 90 
171 91 
172 91 
173 104 
174 109 
175 119 
176 102 
177 125 
178 98 
179 132 
180 102 
