1 108 
2 147 
3 128 
4 121 
5 114 
6 111 
7 126 
8 116 
9 127 
10 147 
11 126 
12 130 
13 119 
14 130 
15 111 
16 137 
17 147 
18 150 
19 142 
20 139 
21 156 
22 128 
23 141 
24 147 
25 153 
26 133 
27 115 
28 132 
29 128 
30 149 
31 179 
32 158 
33 137 
34 131 
35 127 
36 131 
37 162 
38 141 
39 130 
40 147 
41 138 
42 148 
43 137 
44 155 
45 169 
46 100 
47 115 
48 95 
49 104 
50 99 
51 110 
52 101 
53 86 
54 108 
55 109 
56 102 
57 115 
58 125 
59 92 
60 125 
61 97 
62 121 
63 113 
64 104 
65 102 
66 108 
67 114 
68 119 
69 104 
70 99 
71 102 
72 123 
73 110 
74 142 
75 106 
76 134 
77 95 
78 145 
79 134 
80 95 
81 122 
82 131 
83 123 
84 144 
85 121 
86 111 
87 107 
88 117 
89 127 
90 122 
91 101 
92 91 
93 115 
94 94 
95 104 
96 92 
97 88 
98 99 
99 106 
100 102 
101 114 
102 95 
103 97 
104 90 
105 88 
106 101 
107 99 
108 107 
109 86 
110 92 
111 101 
112 94 
113 105 
114 101 
115 110 
116 117 
117 89 
118 92 
119 122 
120 91 
121 102 
122 123 
123 113 
124 98 
125 113 
126 127 
127 103 
128 113 
129 124 
130 98 
131 115 
132 120 
133 96 
134 100 
135 105 
136 99 
137 87 
138 91 
139 84 
140 95 
141 87 
142 91 
143 86 
144 95 
145 92 
146 107 
147 100 
148 91 
149 91 
150 86 
151 98 
152 117 
153 110 
154 85 
155 90 
156 88 
157 87 
158 94 
159 92 
160 79 
161 92 
162 101 
163 117 
164 94 
165 89 
166 101 
167 95 
168 104 
169 97 
170 86 
171 97 
172 91 
173 113 
174 112 
175 97 
176 85 
177 109 
178 102 
179 114 
180 109 
