1 151 
2 155 
3 125 
4 123 
5 149 
6 113 
7 114 
8 114 
9 114 
10 113 
11 152 
12 107 
13 121 
14 98 
15 123 
16 138 
17 136 
18 124 
19 160 
20 133 
21 111 
22 123 
23 143 
24 138 
25 128 
26 138 
27 119 
28 141 
29 130 
30 142 
31 159 
32 138 
33 144 
34 137 
35 118 
36 136 
37 167 
38 158 
39 132 
40 174 
41 121 
42 161 
43 152 
44 149 
45 160 
46 107 
47 108 
48 108 
49 95 
50 86 
51 106 
52 117 
53 102 
54 101 
55 113 
56 119 
57 105 
58 118 
59 114 
60 130 
61 108 
62 107 
63 126 
64 132 
65 102 
66 135 
67 103 
68 107 
69 116 
70 111 
71 103 
72 131 
73 105 
74 113 
75 145 
76 123 
77 97 
78 163 
79 123 
80 99 
81 131 
82 118 
83 139 
84 151 
85 107 
86 125 
87 122 
88 123 
89 141 
90 107 
91 101 
92 110 
93 116 
94 94 
95 119 
96 86 
97 91 
98 114 
99 101 
100 93 
101 105 
102 95 
103 105 
104 89 
105 111 
106 98 
107 106 
108 101 
109 91 
110 88 
111 99 
112 95 
113 125 
114 91 
115 91 
116 106 
117 88 
118 93 
119 103 
120 117 
121 102 
122 130 
123 129 
124 108 
125 117 
126 109 
127 97 
128 89 
129 99 
130 104 
131 112 
132 120 
133 103 
134 99 
135 99 
136 118 
137 89 
138 97 
139 93 
140 90 
141 90 
142 106 
143 74 
144 88 
145 83 
146 96 
147 94 
148 106 
149 91 
150 105 
151 101 
152 107 
153 106 
154 96 
155 107 
156 84 
157 95 
158 105 
159 87 
160 89 
161 108 
162 92 
163 90 
164 95 
165 94 
166 96 
167 121 
168 116 
169 92 
170 85 
171 91 
172 82 
173 92 
174 106 
175 116 
176 87 
177 93 
178 108 
179 96 
180 114 
