1 0 
2 0 
3 1 
4 0 
5 1 
6 0 
7 1 
8 0 
9 1 
10 0 
11 1 
12 0 
13 1 
14 0 
15 0 
16 1 
17 0 
18 0 
19 1 
20 0 
21 1 
22 0 
23 1 
24 0 
25 0 
26 1 
27 0 
28 1 
29 0 
30 1 
31 0 
32 1 
33 0 
34 1 
35 0 
36 1 
37 0 
38 1 
39 1 
40 0 
41 1 
42 0 
43 1 
44 0 
45 1 
46 0 
47 1 
48 0 
49 1 
50 0 
51 1 
52 1 
53 0 
54 1 
55 0 
56 1 
57 1 
58 0 
59 1 
60 1 
61 0 
62 1 
63 0 
64 1 
65 0 
66 1 
67 1 
68 0 
69 1 
70 1 
71 0 
72 1 
73 0 
74 1 
75 0 
76 1 
77 1 
78 0 
79 1 
80 0 
81 1 
82 0 
83 1 
84 0 
85 1 
86 0 
87 1 
88 0 
89 1 
90 0 
91 1 
92 1 
93 0 
94 1 
95 0 
96 1 
97 0 
98 1 
99 0 
100 1 
101 1 
102 0 
103 1 
104 1 
105 0 
106 1 
107 1 
108 0 
109 1 
110 1 
111 0 
112 1 
113 0 
114 1 
115 1 
116 0 
117 1 
118 0 
119 1 
120 1 
121 0 
122 1 
123 1 
124 0 
125 1 
126 1 
127 0 
128 1 
129 0 
130 1 
131 1 
132 0 
133 1 
134 1 
135 0 
136 1 
137 1 
138 0 
139 1 
140 1 
141 0 
142 1 
143 1 
144 0 
145 1 
146 1 
147 0 
148 1 
149 1 
150 0 
151 1 
152 1 
153 0 
154 1 
155 1 
156 1 
157 0 
158 1 
159 1 
160 0 
161 1 
162 1 
163 1 
164 0 
165 1 
166 1 
167 0 
168 1 
169 1 
170 0 
171 1 
172 1 
173 0 
174 1 
175 1 
176 1 
177 1 
178 1 
179 0 
180 1 
181 1 
182 1 
183 0 
184 1 
185 1 
186 1 
187 0 
188 1 
189 1 
190 1 
191 0 
192 1 
193 1 
194 0 
195 1 
196 1 
197 1 
198 0 
199 1 
200 1 
201 0 
202 1 
203 1 
204 0 
205 1 
206 1 
207 1 
208 1 
209 1 
210 0 
211 1 
212 1 
213 1 
214 0 
215 1 
216 1 
217 1 
218 1 
219 0 
220 1 
221 1 
222 1 
223 0 
224 1 
225 1 
226 1 
227 1 
228 1 
229 0 
230 1 
231 1 
232 1 
233 1 
234 0 
235 1 
236 1 
237 1 
238 1 
239 0 
240 1 
241 1 
242 1 
243 1 
244 1 
245 1 
246 1 
247 1 
248 0 
249 1 
250 1 
251 1 
252 1 
253 1 
254 1 
255 1 
256 1 
257 1 
258 1 
259 0 
260 1 
261 1 
262 1 
263 1 
264 1 
265 0 
266 1 
267 1 
268 1 
269 1 
270 1 
271 0 
272 1 
273 1 
274 1 
275 1 
276 1 
277 1 
278 1 
279 1 
280 1 
281 0 
282 1 
283 1 
284 1 
285 1 
286 1 
287 1 
288 1 
289 1 
290 1 
291 0 
292 2 
293 0 
294 1 
295 1 
296 1 
297 1 
298 1 
299 1 
300 1 
