1 0 
2 0 
3 1 
4 0 
5 1 
6 0 
7 1 
8 0 
9 1 
10 0 
11 1 
12 0 
13 1 
14 0 
15 0 
16 1 
17 0 
18 1 
19 0 
20 0 
21 1 
22 0 
23 1 
24 0 
25 0 
26 1 
27 1 
28 0 
29 1 
30 0 
31 1 
32 0 
33 1 
34 0 
35 1 
36 0 
37 1 
38 0 
39 1 
40 1 
41 0 
42 0 
43 1 
44 1 
45 0 
46 1 
47 0 
48 1 
49 0 
50 1 
51 0 
52 1 
53 0 
54 1 
55 1 
56 0 
57 1 
58 1 
59 0 
60 1 
61 1 
62 0 
63 1 
64 1 
65 0 
66 1 
67 0 
68 1 
69 1 
70 0 
71 1 
72 1 
73 0 
74 1 
75 1 
76 0 
77 1 
78 0 
79 1 
80 1 
81 0 
82 0 
83 1 
84 1 
85 0 
86 1 
87 1 
88 0 
89 0 
90 1 
91 1 
92 0 
93 1 
94 0 
95 1 
96 0 
97 1 
98 1 
99 0 
100 1 
101 0 
102 1 
103 1 
104 0 
105 1 
106 1 
107 0 
108 1 
109 1 
110 0 
111 1 
112 1 
113 0 
114 1 
115 1 
116 0 
117 1 
118 0 
119 1 
120 1 
121 1 
122 0 
123 1 
124 0 
125 1 
126 1 
127 0 
128 1 
129 1 
130 1 
131 0 
132 1 
133 0 
134 1 
135 1 
136 1 
137 0 
138 1 
139 1 
140 1 
141 0 
142 1 
143 1 
144 0 
145 1 
146 1 
147 0 
148 1 
149 1 
150 0 
151 1 
152 1 
153 0 
154 1 
155 1 
156 1 
157 0 
158 1 
159 1 
160 0 
161 1 
162 1 
163 1 
164 1 
165 0 
166 1 
167 1 
168 0 
169 1 
170 1 
171 0 
172 1 
173 1 
174 0 
175 1 
176 1 
177 1 
178 1 
179 0 
180 1 
181 1 
182 0 
183 1 
184 1 
185 1 
186 0 
187 1 
188 1 
189 1 
190 0 
191 1 
192 1 
193 0 
194 1 
195 1 
196 1 
197 0 
198 1 
199 1 
200 0 
201 1 
202 1 
203 0 
204 1 
205 1 
206 1 
207 1 
208 0 
209 1 
210 1 
211 1 
212 1 
213 0 
214 1 
215 1 
216 1 
217 1 
218 0 
219 1 
220 1 
221 1 
222 0 
223 1 
224 1 
225 1 
226 1 
227 0 
228 1 
229 1 
230 1 
231 1 
232 0 
233 1 
234 1 
235 1 
236 0 
237 1 
238 1 
239 1 
240 1 
241 0 
242 1 
243 1 
244 1 
245 1 
246 1 
247 1 
248 1 
249 0 
250 1 
251 1 
252 1 
253 1 
254 1 
255 1 
256 1 
257 0 
258 1 
259 1 
260 1 
261 1 
262 1 
263 1 
264 0 
265 1 
266 1 
267 1 
268 1 
269 0 
270 1 
271 1 
272 1 
273 1 
274 1 
275 1 
276 0 
277 1 
278 1 
279 1 
280 1 
281 1 
282 1 
283 0 
284 1 
285 1 
286 1 
287 1 
288 1 
289 0 
290 1 
291 1 
292 1 
293 1 
294 1 
295 1 
296 1 
297 1 
298 1 
299 0 
300 1 
