1 27 
2 29 
3 28 
4 28 
5 27 
6 28 
7 28 
8 27 
9 29 
10 26 
11 27 
12 26 
13 27 
14 27 
15 29 
16 27 
17 29 
18 32 
19 27 
20 29 
21 26 
22 26 
23 28 
24 27 
25 29 
26 29 
27 26 
28 30 
29 28 
30 26 
31 27 
32 28 
33 29 
34 26 
35 28 
36 29 
37 27 
38 27 
39 28 
40 29 
41 29 
42 26 
43 30 
44 28 
45 28 
46 34 
47 35 
48 35 
49 36 
50 36 
51 35 
52 35 
53 34 
54 33 
55 36 
56 35 
57 36 
58 34 
59 34 
60 32 
61 34 
62 37 
63 34 
64 39 
65 37 
66 42 
67 33 
68 34 
69 34 
70 36 
71 39 
72 37 
73 39 
74 40 
75 35 
76 39 
77 38 
78 34 
79 34 
80 37 
81 35 
82 34 
83 36 
84 37 
85 34 
86 37 
87 36 
88 35 
89 36 
90 34 
91 41 
92 40 
93 40 
94 43 
95 41 
96 42 
97 42 
98 42 
99 38 
100 40 
101 40 
102 39 
103 41 
104 40 
105 42 
106 43 
107 40 
108 40 
109 41 
110 41 
111 41 
112 40 
113 38 
114 43 
115 42 
116 42 
117 40 
118 40 
119 39 
120 38 
121 38 
122 40 
123 40 
124 39 
125 37 
126 38 
127 40 
128 40 
129 39 
130 42 
131 40 
132 38 
133 42 
134 38 
135 40 
136 48 
137 42 
138 48 
139 47 
140 47 
141 51 
142 49 
143 53 
144 48 
145 48 
146 50 
147 46 
148 50 
149 46 
150 47 
151 48 
152 45 
153 47 
154 47 
155 44 
156 48 
157 48 
158 44 
159 45 
160 44 
161 49 
162 43 
163 46 
164 47 
165 49 
166 46 
167 47 
168 44 
169 42 
170 47 
171 44 
172 46 
173 47 
174 50 
175 45 
176 45 
177 44 
178 47 
179 44 
180 42 
