1 27 
2 27 
3 27 
4 28 
5 29 
6 27 
7 29 
8 27 
9 26 
10 25 
11 30 
12 27 
13 25 
14 27 
15 28 
16 29 
17 32 
18 26 
19 29 
20 28 
21 27 
22 28 
23 28 
24 26 
25 29 
26 28 
27 28 
28 28 
29 29 
30 28 
31 27 
32 28 
33 28 
34 29 
35 29 
36 27 
37 28 
38 28 
39 29 
40 27 
41 27 
42 28 
43 31 
44 29 
45 28 
46 36 
47 34 
48 35 
49 38 
50 38 
51 36 
52 35 
53 35 
54 37 
55 36 
56 35 
57 38 
58 36 
59 36 
60 35 
61 37 
62 33 
63 38 
64 39 
65 34 
66 39 
67 35 
68 34 
69 33 
70 35 
71 36 
72 36 
73 37 
74 34 
75 35 
76 39 
77 37 
78 34 
79 34 
80 35 
81 33 
82 33 
83 33 
84 34 
85 32 
86 36 
87 34 
88 33 
89 35 
90 31 
91 40 
92 40 
93 40 
94 40 
95 41 
96 44 
97 41 
98 40 
99 38 
100 39 
101 39 
102 38 
103 43 
104 40 
105 40 
106 41 
107 38 
108 40 
109 40 
110 40 
111 40 
112 40 
113 41 
114 46 
115 46 
116 41 
117 43 
118 43 
119 40 
120 38 
121 37 
122 39 
123 38 
124 43 
125 39 
126 39 
127 38 
128 39 
129 39 
130 43 
131 36 
132 39 
133 37 
134 40 
135 38 
136 46 
137 47 
138 44 
139 46 
140 49 
141 49 
142 54 
143 47 
144 45 
145 53 
146 45 
147 50 
148 48 
149 46 
150 47 
151 44 
152 45 
153 47 
154 47 
155 45 
156 51 
157 48 
158 46 
159 41 
160 45 
161 54 
162 44 
163 45 
164 44 
165 48 
166 45 
167 44 
168 45 
169 45 
170 51 
171 44 
172 43 
173 47 
174 45 
175 44 
176 44 
177 44 
178 45 
179 49 
180 45 
