1 28 
2 29 
3 26 
4 28 
5 27 
6 27 
7 27 
8 25 
9 29 
10 28 
11 28 
12 27 
13 25 
14 28 
15 26 
16 26 
17 28 
18 29 
19 28 
20 28 
21 29 
22 27 
23 28 
24 26 
25 30 
26 27 
27 27 
28 30 
29 26 
30 30 
31 26 
32 29 
33 31 
34 26 
35 28 
36 27 
37 28 
38 30 
39 30 
40 28 
41 29 
42 28 
43 31 
44 28 
45 29 
46 37 
47 34 
48 33 
49 36 
50 36 
51 33 
52 35 
53 33 
54 35 
55 35 
56 37 
57 35 
58 37 
59 36 
60 38 
61 35 
62 35 
63 38 
64 35 
65 33 
66 38 
67 33 
68 37 
69 33 
70 36 
71 38 
72 36 
73 35 
74 36 
75 34 
76 35 
77 35 
78 33 
79 33 
80 34 
81 34 
82 34 
83 35 
84 35 
85 32 
86 33 
87 34 
88 35 
89 37 
90 34 
91 43 
92 44 
93 42 
94 45 
95 41 
96 46 
97 41 
98 38 
99 42 
100 39 
101 40 
102 41 
103 41 
104 42 
105 40 
106 45 
107 38 
108 40 
109 40 
110 41 
111 41 
112 43 
113 38 
114 44 
115 44 
116 44 
117 42 
118 40 
119 38 
120 39 
121 38 
122 38 
123 42 
124 39 
125 39 
126 39 
127 41 
128 41 
129 39 
130 42 
131 39 
132 41 
133 38 
134 42 
135 38 
136 45 
137 46 
138 46 
139 53 
140 48 
141 45 
142 48 
143 51 
144 49 
145 48 
146 47 
147 47 
148 50 
149 45 
150 49 
151 47 
152 49 
153 47 
154 46 
155 42 
156 47 
157 46 
158 46 
159 44 
160 45 
161 50 
162 44 
163 48 
164 46 
165 48 
166 45 
167 45 
168 45 
169 44 
170 46 
171 45 
172 44 
173 44 
174 46 
175 45 
176 45 
177 47 
178 44 
179 49 
180 45 
