1 29 
2 28 
3 26 
4 32 
5 30 
6 27 
7 26 
8 27 
9 28 
10 25 
11 28 
12 27 
13 27 
14 24 
15 29 
16 26 
17 30 
18 33 
19 29 
20 27 
21 29 
22 27 
23 29 
24 29 
25 31 
26 27 
27 26 
28 30 
29 27 
30 28 
31 28 
32 27 
33 29 
34 28 
35 29 
36 29 
37 27 
38 30 
39 30 
40 26 
41 30 
42 27 
43 28 
44 28 
45 30 
46 36 
47 36 
48 37 
49 33 
50 34 
51 37 
52 35 
53 34 
54 33 
55 35 
56 34 
57 34 
58 35 
59 35 
60 35 
61 36 
62 35 
63 35 
64 40 
65 36 
66 34 
67 34 
68 37 
69 36 
70 33 
71 38 
72 35 
73 35 
74 35 
75 37 
76 36 
77 34 
78 32 
79 34 
80 38 
81 32 
82 34 
83 34 
84 35 
85 36 
86 35 
87 34 
88 37 
89 36 
90 35 
91 38 
92 41 
93 40 
94 41 
95 39 
96 45 
97 45 
98 45 
99 40 
100 40 
101 43 
102 40 
103 39 
104 38 
105 40 
106 42 
107 40 
108 39 
109 39 
110 39 
111 41 
112 41 
113 41 
114 44 
115 43 
116 38 
117 43 
118 40 
119 44 
120 37 
121 39 
122 39 
123 41 
124 41 
125 38 
126 38 
127 40 
128 37 
129 39 
130 41 
131 37 
132 40 
133 40 
134 39 
135 37 
136 44 
137 46 
138 44 
139 48 
140 52 
141 54 
142 47 
143 52 
144 45 
145 50 
146 49 
147 52 
148 48 
149 46 
150 47 
151 48 
152 48 
153 46 
154 46 
155 46 
156 48 
157 46 
158 47 
159 43 
160 45 
161 47 
162 44 
163 47 
164 44 
165 49 
166 46 
167 42 
168 45 
169 45 
170 50 
171 44 
172 43 
173 45 
174 45 
175 45 
176 45 
177 47 
178 43 
179 47 
180 43 
