40_500_0.2 40_800_0.2 40_1000_0.2 40_500_0.3 40_800_0.3 40_1000_0.3 40_500_0.5 40_800_0.5 40_1000_0.5 50_500_0.2 50_800_0.2 50_1000_0.2 50_500_0.3 50_800_0.3 50_1000_0.3 50_500_0.5 50_800_0.5 50_1000_0.5 70_500_0.2 70_800_0.2 70_1000_0.2 70_500_0.3 70_800_0.3 70_1000_0.3 70_500_0.5 70_800_0.5 70_1000_0.5 OVER_1 OVER_2 OVER_3 OVER_4 OVER_5 OVER_6 OVER_7 OVER_8 OVER_9 OVER_10 OVER_11 OVER_12 OVER_13 OVER_14 OVER_15 OVER_16 OVER_17 OVER_18 OVER_19 OVER_20 OVER_21 OVER_22 OVER_23 OVER_24 OVER_25 OVER_26 OVER_27 TIME_1 TIME_2 TIME_3 TIME_4 TIME_5 TIME_6 TIME_7 TIME_8 TIME_9 TIME_10 TIME_11 TIME_12 TIME_13 TIME_14 TIME_15 TIME_16 TIME_17 TIME_18 TIME_19 TIME_20 TIME_21 TIME_22 TIME_23 TIME_24 TIME_25 TIME_26 TIME_27 
1.73268e+06 1.61548e+06 1.65157e+06 1.69067e+06 1.56114e+06 1.55543e+06 1.55679e+06 1.57452e+06 1.59958e+06 1.61911e+06 1.60688e+06 1.59998e+06 1.61587e+06 1.58707e+06 1.56578e+06 1.5414e+06 1.49151e+06 1.54309e+06 1.54437e+06 1.60007e+06 1.59924e+06 1.64896e+06 1.60621e+06 1.55833e+06 1.47679e+06 1.53563e+06 1.46442e+06 0 0 0 0 0 0 0 0 0 0 0 0 5 0 0 0 0 0 0 0 0 0 0 0 0 0 0 0 1 1 0 1 1 1 1 1 1 1 1 1 1 1 1 1 1 1 2 1 1 2 2 1 1 2
1.35239e+06 1.38773e+06 1.25124e+06 1.34333e+06 1.28505e+06 1.29766e+06 1.38903e+06 1.3038e+06 1.26253e+06 1.35453e+06 1.32509e+06 1.27666e+06 1.32785e+06 1.27948e+06 1.3042e+06 1.28973e+06 1.35478e+06 1.20431e+06 1.49887e+06 1.39149e+06 1.29822e+06 1.25883e+06 1.29676e+06 1.23533e+06 1.26855e+06 1.25572e+06 1.25918e+06 0 0 0 15 0 0 27 4 0 0 0 0 0 0 0 0 39 0 150 100 0 0 74 0 0 0 0 1 1 1 0 1 1 1 1 1 1 1 1 1 1 1 1 1 2 1 2 1 1 2 2 1 2 2
1.60575e+06 1.51862e+06 1.51674e+06 1.59513e+06 1.53794e+06 1.54755e+06 1.519e+06 1.4781e+06 1.50068e+06 1.55916e+06 1.53527e+06 1.54693e+06 1.51911e+06 1.48375e+06 1.50063e+06 1.51965e+06 1.46024e+06 1.41105e+06 1.51552e+06 1.50658e+06 1.5009e+06 1.52981e+06 1.47892e+06 1.4989e+06 1.51183e+06 1.45144e+06 1.47486e+06 0 0 0 0 0 0 0 0 0 0 0 0 0 0 0 0 19 0 0 0 0 3 0 7 0 0 0 0 1 1 0 1 1 1 1 1 1 1 1 1 1 1 1 1 2 0 2 2 1 1 2 1 2 2
1.37785e+06 1.40265e+06 1.35684e+06 1.30245e+06 1.33515e+06 1.26701e+06 1.33484e+06 1.2523e+06 1.27533e+06 1.42913e+06 1.35452e+06 1.2554e+06 1.30839e+06 1.25433e+06 1.29704e+06 1.36999e+06 1.22092e+06 1.28401e+06 1.39264e+06 1.3055e+06 1.29173e+06 1.30543e+06 1.39955e+06 1.31386e+06 1.2495e+06 1.34834e+06 1.22097e+06 0 53 0 0 0 0 0 0 17 18 43 0 0 0 55 26 0 0 22 0 0 49 117 0 0 84 0 0 1 1 1 1 1 0 1 2 0 2 1 1 1 1 1 1 1 1 2 2 1 1 2 1 2 2
1.45188e+06 1.478e+06 1.60849e+06 1.45833e+06 1.44886e+06 1.43973e+06 1.43853e+06 1.41992e+06 1.35109e+06 1.55496e+06 1.41617e+06 1.54646e+06 1.44457e+06 1.42763e+06 1.42138e+06 1.41159e+06 1.41772e+06 1.39838e+06 1.57067e+06 1.46215e+06 1.37232e+06 1.50767e+06 1.35929e+06 1.41386e+06 1.45173e+06 1.36504e+06 1.41656e+06 0 0 102 13 0 0 0 0 0 2 0 58 0 0 0 0 0 0 64 0 3 33 16 0 0 0 15 1 1 1 1 0 2 0 1 1 1 1 2 0 1 2 0 2 1 1 2 2 1 1 2 1 2 2
1.57735e+06 1.53778e+06 1.6251e+06 1.60351e+06 1.58715e+06 1.55068e+06 1.59694e+06 1.47164e+06 1.56724e+06 1.67934e+06 1.57319e+06 1.58091e+06 1.61947e+06 1.52326e+06 1.50172e+06 1.55842e+06 1.54826e+06 1.51237e+06 1.58247e+06 1.47695e+06 1.50658e+06 1.45326e+06 1.51869e+06 1.52493e+06 1.54551e+06 1.52613e+06 1.53848e+06 0 0 0 0 0 0 0 0 0 0 0 0 0 0 0 0 0 0 0 0 0 0 0 0 0 0 46 0 1 1 1 1 1 0 1 1 1 1 1 1 1 1 1 1 2 1 1 2 1 1 2 1 2 2
1.53245e+06 1.52598e+06 1.48138e+06 1.57987e+06 1.53585e+06 1.48664e+06 1.59262e+06 1.49662e+06 1.42587e+06 1.53054e+06 1.5523e+06 1.4313e+06 1.52146e+06 1.45319e+06 1.48303e+06 1.49559e+06 1.44919e+06 1.50234e+06 1.50466e+06 1.5038e+06 1.51637e+06 1.47964e+06 1.46188e+06 1.48986e+06 1.4701e+06 1.4087e+06 1.42595e+06 0 0 0 0 0 0 0 0 0 0 0 0 0 0 0 0 0 0 0 0 0 0 0 0 0 0 0 1 1 1 0 1 1 1 1 1 0 1 2 0 1 2 0 2 1 1 1 2 1 1 2 1 2 2
1.74953e+06 1.6449e+06 1.67297e+06 1.84402e+06 1.66239e+06 1.58274e+06 1.72027e+06 1.65458e+06 1.57537e+06 1.66305e+06 1.60076e+06 1.76405e+06 1.66323e+06 1.62117e+06 1.60585e+06 1.65978e+06 1.55244e+06 1.65166e+06 1.61269e+06 1.6493e+06 1.60076e+06 1.65542e+06 1.58381e+06 1.59948e+06 1.59237e+06 1.62521e+06 1.53958e+06 0 0 57 96 0 0 0 0 0 0 0 104 0 0 43 0 0 0 0 0 0 0 0 0 0 0 0 1 0 1 1 1 1 0 1 2 0 1 2 0 2 1 1 1 1 1 2 1 1 2 2 1 1 2
1.82626e+06 1.6557e+06 1.56575e+06 1.6645e+06 1.71036e+06 1.67509e+06 1.66864e+06 1.59619e+06 1.56816e+06 1.67915e+06 1.65167e+06 1.59924e+06 1.65452e+06 1.60447e+06 1.6081e+06 1.67733e+06 1.63218e+06 1.57683e+06 1.61111e+06 1.71936e+06 1.62115e+06 1.6109e+06 1.64499e+06 1.52701e+06 1.6381e+06 1.59776e+06 1.51485e+06 0 0 0 0 0 0 0 0 0 0 0 0 0 0 0 0 0 0 0 0 0 0 0 0 0 0 0 1 1 1 0 1 1 1 1 1 0 1 2 0 1 2 0 2 1 1 1 2 1 2 1 1 2 2
1.64911e+06 1.54091e+06 1.56168e+06 1.61156e+06 1.57861e+06 1.50558e+06 1.60034e+06 1.4789e+06 1.53645e+06 1.63347e+06 1.5374e+06 1.50261e+06 1.56977e+06 1.58061e+06 1.54312e+06 1.50818e+06 1.49489e+06 1.52682e+06 1.62105e+06 1.47805e+06 1.53139e+06 1.57806e+06 1.46858e+06 1.45057e+06 1.53915e+06 1.55823e+06 1.54479e+06 0 0 0 0 0 0 0 0 0 0 0 0 0 0 0 0 0 0 0 0 0 0 0 0 0 0 0 1 0 1 1 1 1 0 1 1 1 1 1 1 1 1 1 1 2 1 1 2 1 1 2 1 2 2
1.45343e+06 1.47551e+06 1.49776e+06 1.37442e+06 1.39841e+06 1.48267e+06 1.46152e+06 1.3482e+06 1.36362e+06 1.57778e+06 1.39489e+06 1.40134e+06 1.42553e+06 1.44473e+06 1.34082e+06 1.35878e+06 1.41026e+06 1.37439e+06 1.46972e+06 1.44275e+06 1.36e+06 1.40414e+06 1.35245e+06 1.34638e+06 1.33908e+06 1.32927e+06 1.26615e+06 0 0 14 0 0 70 43 0 15 89 0 0 0 0 0 0 69 0 53 28 0 0 0 8 0 0 0 0 1 1 1 1 1 1 1 1 1 1 1 1 1 1 1 1 2 1 1 2 1 2 2 1 1 2
1.71391e+06 1.54583e+06 1.47507e+06 1.4946e+06 1.52879e+06 1.50468e+06 1.48313e+06 1.42046e+06 1.42403e+06 1.54784e+06 1.5308e+06 1.47617e+06 1.63434e+06 1.41232e+06 1.4833e+06 1.54513e+06 1.44378e+06 1.42808e+06 1.52017e+06 1.47148e+06 1.66449e+06 1.41257e+06 1.49252e+06 1.46982e+06 1.44235e+06 1.46786e+06 1.37313e+06 70 0 0 0 0 0 0 0 0 0 0 0 0 0 2 0 0 0 0 0 144 0 0 0 0 38 0 1 1 1 0 1 1 1 1 1 0 1 2 0 2 1 1 1 1 1 2 2 1 1 2 1 2 2
1.63206e+06 1.57024e+06 1.61788e+06 1.60238e+06 1.58148e+06 1.55491e+06 1.53034e+06 1.55299e+06 1.559e+06 1.61933e+06 1.53755e+06 1.63695e+06 1.57424e+06 1.55393e+06 1.53773e+06 1.62194e+06 1.54533e+06 1.52801e+06 1.50031e+06 1.49784e+06 1.48673e+06 1.59832e+06 1.54984e+06 1.50799e+06 1.56457e+06 1.53389e+06 1.51312e+06 0 0 0 0 0 0 0 0 0 0 0 0 0 0 0 0 0 0 0 0 0 0 0 0 0 0 0 0 1 1 1 1 1 0 1 1 1 1 1 1 1 1 1 1 2 1 1 2 1 1 2 1 2 2
1.49404e+06 1.49443e+06 1.46224e+06 1.47248e+06 1.50244e+06 1.46687e+06 1.48427e+06 1.42681e+06 1.48951e+06 1.44739e+06 1.44416e+06 1.42189e+06 1.49749e+06 1.46546e+06 1.41179e+06 1.45886e+06 1.37999e+06 1.45161e+06 1.48763e+06 1.44317e+06 1.38422e+06 1.41493e+06 1.40585e+06 1.41506e+06 1.39847e+06 1.40851e+06 1.38449e+06 0 0 0 0 0 51 0 0 115 0 0 0 0 0 0 3 0 0 0 0 0 0 0 0 0 0 33 0 1 1 1 0 2 0 1 2 0 1 1 1 1 1 1 1 2 1 1 2 1 1 2 1 2 2
1.40427e+06 1.38089e+06 1.36841e+06 1.41267e+06 1.39372e+06 1.3075e+06 1.33892e+06 1.32646e+06 1.37991e+06 1.49541e+06 1.38458e+06 1.33729e+06 1.46228e+06 1.41056e+06 1.43676e+06 1.42767e+06 1.36953e+06 1.25626e+06 1.39005e+06 1.43147e+06 1.32548e+06 1.59118e+06 1.36021e+06 1.29511e+06 1.31227e+06 1.27812e+06 1.44788e+06 0 0 42 32 57 31 0 0 14 12 15 0 6 75 93 24 22 0 30 87 0 145 0 0 0 0 126 1 0 2 0 1 1 1 1 1 1 1 1 1 1 2 1 1 2 1 1 2 1 2 2 1 1 3
1.37863e+06 1.39091e+06 1.2959e+06 1.32251e+06 1.24473e+06 1.28227e+06 1.28882e+06 1.3273e+06 1.21953e+06 1.32185e+06 1.23885e+06 1.23478e+06 1.36577e+06 1.24756e+06 1.26695e+06 1.2979e+06 1.24618e+06 1.37301e+06 1.50133e+06 1.34578e+06 1.30405e+06 1.26001e+06 1.27646e+06 1.25514e+06 1.31321e+06 1.26236e+06 1.27381e+06 0 63 0 0 0 0 0 26 0 0 0 0 0 19 0 0 39 101 123 19 78 0 0 0 0 0 17 0 1 1 1 1 1 1 1 1 1 1 1 1 1 2 1 1 2 1 2 2 1 2 2 1 2 2
1.51161e+06 1.4303e+06 1.47019e+06 1.40855e+06 1.49e+06 1.50316e+06 1.36612e+06 1.40553e+06 1.34485e+06 1.41799e+06 1.35577e+06 1.36645e+06 1.36788e+06 1.58523e+06 1.41223e+06 1.4339e+06 1.37225e+06 1.4117e+06 1.434e+06 1.39511e+06 1.41803e+06 1.43693e+06 1.44012e+06 1.37277e+06 1.37701e+06 1.35291e+06 1.35943e+06 53 12 61 0 79 121 0 79 0 0 0 0 0 173 75 0 0 61 11 0 67 25 53 0 41 0 0 1 1 1 1 1 1 1 1 2 0 1 2 1 1 2 0 2 2 1 1 2 1 2 2 2 1 3
1.20114e+06 1.22121e+06 1.19899e+06 1.25664e+06 1.26953e+06 1.35487e+06 1.1643e+06 1.19493e+06 1.16773e+06 1.26818e+06 1.17211e+06 1.2094e+06 1.1463e+06 1.14387e+06 1.20462e+06 1.21075e+06 1.17431e+06 1.08519e+06 1.26547e+06 1.12145e+06 1.28126e+06 1.18965e+06 1.16144e+06 1.20321e+06 1.20906e+06 1.15597e+06 1.1573e+06 0 0 0 16 127 171 0 56 37 38 0 37 0 30 52 24 0 0 51 0 85 0 16 88 62 0 0 0 1 1 1 1 1 1 1 2 0 1 2 1 1 2 1 1 2 1 1 3 1 1 3 1 2 2
1.56392e+06 1.54352e+06 1.35047e+06 1.48188e+06 1.55495e+06 1.51186e+06 1.4132e+06 1.39237e+06 1.40494e+06 1.48789e+06 1.40896e+06 1.38443e+06 1.46667e+06 1.52497e+06 1.40344e+06 1.42799e+06 1.41523e+06 1.49384e+06 1.44567e+06 1.44495e+06 1.50306e+06 1.57148e+06 1.37666e+06 1.4801e+06 1.42512e+06 1.38815e+06 1.32003e+06 54 119 0 0 119 57 0 0 0 0 0 0 72 60 0 0 36 52 0 15 91 130 0 95 0 0 0 1 1 1 0 2 1 1 1 1 1 1 1 1 1 2 1 1 2 1 2 2 1 2 2 1 2 2
1.59718e+06 1.58184e+06 1.46625e+06 1.49102e+06 1.48905e+06 1.40304e+06 1.47174e+06 1.43583e+06 1.40181e+06 1.52732e+06 1.48329e+06 1.50043e+06 1.49475e+06 1.40953e+06 1.41429e+06 1.45317e+06 1.43081e+06 1.44865e+06 1.43954e+06 1.42018e+06 1.47434e+06 1.50475e+06 1.44532e+06 1.44799e+06 1.44998e+06 1.38508e+06 1.4271e+06 0 42 0 0 0 0 21 0 0 0 15 0 0 0 0 0 0 0 0 0 0 0 0 0 0 0 0 1 1 1 1 1 1 0 1 2 0 1 2 1 1 1 1 1 2 1 2 1 1 2 2 1 2 2
1.18339e+06 1.13497e+06 1.15709e+06 1.19879e+06 1.17615e+06 1.16428e+06 1.13795e+06 1.12822e+06 1.18252e+06 1.29269e+06 1.19223e+06 1.17204e+06 1.13932e+06 1.12091e+06 1.10094e+06 1.17878e+06 1.1257e+06 1.14004e+06 1.23545e+06 1.1338e+06 1.13601e+06 1.18086e+06 1.08334e+06 1.10693e+06 1.15694e+06 1.10885e+06 1.08857e+06 0 0 0 0 0 0 0 0 0 0 0 0 0 0 0 0 0 0 22 0 0 21 0 0 0 0 0 1 1 1 0 1 2 0 1 2 0 1 2 1 1 1 1 1 2 1 2 1 1 2 2 1 2 2
1.47226e+06 1.44464e+06 1.45781e+06 1.42275e+06 1.41815e+06 1.38545e+06 1.44338e+06 1.40687e+06 1.39371e+06 1.53388e+06 1.42112e+06 1.44503e+06 1.45241e+06 1.44815e+06 1.35003e+06 1.42922e+06 1.35097e+06 1.29511e+06 1.4834e+06 1.3962e+06 1.38505e+06 1.38694e+06 1.40843e+06 1.40881e+06 1.33726e+06 1.38799e+06 1.33498e+06 0 3 0 0 0 0 0 0 0 16 0 3 0 40 0 0 0 0 31 0 0 0 0 11 0 0 15 1 1 1 0 1 2 0 1 2 0 1 2 1 1 1 1 1 2 1 2 2 1 1 2 1 2 3
1.34894e+06 1.39603e+06 1.31257e+06 1.40967e+06 1.3722e+06 1.32457e+06 1.38298e+06 1.34761e+06 1.30995e+06 1.40903e+06 1.3778e+06 1.41317e+06 1.37014e+06 1.32861e+06 1.37475e+06 1.35317e+06 1.34348e+06 1.28356e+06 1.40438e+06 1.34891e+06 1.44186e+06 1.31279e+06 1.2743e+06 1.30665e+06 1.33396e+06 1.32976e+06 1.32423e+06 0 0 0 0 0 23 0 0 0 0 0 0 0 0 0 0 9 0 0 0 99 0 0 0 0 0 0 0 1 1 1 1 1 1 1 1 1 1 1 1 1 1 1 2 1 1 2 2 1 2 2 1 1 3
1.24289e+06 1.26412e+06 1.21765e+06 1.24061e+06 1.26273e+06 1.37556e+06 1.27878e+06 1.22877e+06 1.22779e+06 1.32005e+06 1.2869e+06 1.1912e+06 1.24835e+06 1.23031e+06 1.19454e+06 1.24269e+06 1.25871e+06 1.19066e+06 1.24993e+06 1.1749e+06 1.18593e+06 1.18943e+06 1.20773e+06 1.20157e+06 1.15898e+06 1.20999e+06 1.20375e+06 0 0 0 0 32 121 0 5 0 0 0 0 0 0 0 0 0 0 0 0 0 0 0 0 0 0 0 0 1 1 1 1 1 1 1 1 1 1 1 1 1 2 1 1 1 1 2 2 1 1 3 1 1 3
1.47099e+06 1.45857e+06 1.34871e+06 1.39587e+06 1.35347e+06 1.27151e+06 1.46367e+06 1.51776e+06 1.29365e+06 1.42549e+06 1.32986e+06 1.31376e+06 1.36472e+06 1.32123e+06 1.388e+06 1.3917e+06 1.35162e+06 1.37913e+06 1.37509e+06 1.33272e+06 1.37886e+06 1.3686e+06 1.32378e+06 1.30518e+06 1.32716e+06 1.38027e+06 1.33896e+06 22 51 0 0 0 0 64 110 0 0 0 0 0 0 87 0 0 0 0 0 0 0 0 0 0 0 0 0 1 1 1 1 1 1 1 2 0 1 2 0 2 1 1 1 2 1 1 2 1 2 2 1 2 2
1.49902e+06 1.43451e+06 1.39925e+06 1.52e+06 1.40431e+06 1.4127e+06 1.43222e+06 1.4297e+06 1.42312e+06 1.50471e+06 1.48419e+06 1.39995e+06 1.45792e+06 1.42886e+06 1.40382e+06 1.47059e+06 1.38833e+06 1.38901e+06 1.48556e+06 1.38186e+06 1.38932e+06 1.39256e+06 1.41223e+06 1.43131e+06 1.43911e+06 1.4111e+06 1.35435e+06 0 0 0 0 0 0 0 0 0 0 42 0 0 0 0 0 0 0 0 0 0 0 0 0 0 0 0 1 1 1 0 1 1 1 1 1 1 1 2 0 2 1 1 1 2 1 1 2 1 2 2 1 2 2
1.45315e+06 1.32681e+06 1.4335e+06 1.39783e+06 1.31271e+06 1.34288e+06 1.37886e+06 1.31394e+06 1.27893e+06 1.39292e+06 1.28267e+06 1.27799e+06 1.37326e+06 1.32698e+06 1.33355e+06 1.37585e+06 1.3318e+06 1.28101e+06 1.43212e+06 1.38309e+06 1.34584e+06 1.3195e+06 1.28096e+06 1.28487e+06 1.37721e+06 1.25205e+06 1.2475e+06 27 0 66 0 0 0 0 0 0 0 0 0 0 0 0 0 0 0 0 0 0 0 0 0 0 0 0 1 1 1 0 1 1 1 1 1 1 1 2 0 1 2 1 1 2 1 1 2 1 2 2 1 2 2
1.57623e+06 1.5679e+06 1.51999e+06 1.61148e+06 1.5873e+06 1.49362e+06 1.53829e+06 1.52607e+06 1.39121e+06 1.57004e+06 1.69192e+06 1.7436e+06 1.54854e+06 1.5736e+06 1.45263e+06 1.58328e+06 1.51884e+06 1.43872e+06 1.57935e+06 1.59407e+06 1.48849e+06 1.56062e+06 1.45285e+06 1.57181e+06 1.48167e+06 1.459e+06 1.47616e+06 0 0 0 43 54 0 0 0 0 0 150 167 7 0 0 0 0 0 36 66 0 0 0 43 0 0 24 1 1 1 0 1 2 0 1 2 0 2 2 0 2 1 1 1 2 1 2 1 1 2 2 2 1 3
1.44512e+06 1.32607e+06 1.41311e+06 1.34062e+06 1.40282e+06 1.3044e+06 1.33331e+06 1.24805e+06 1.32781e+06 1.40861e+06 1.30906e+06 1.33659e+06 1.3094e+06 1.26568e+06 1.26756e+06 1.30285e+06 1.26872e+06 1.28996e+06 1.34789e+06 1.29909e+06 1.26153e+06 1.32743e+06 1.29379e+06 1.25748e+06 1.29897e+06 1.27384e+06 1.26385e+06 19 0 0 0 48 0 0 0 31 0 0 0 0 0 0 0 0 0 0 0 0 0 0 0 0 0 0 0 1 1 1 1 1 1 1 1 1 1 2 0 2 1 1 1 2 1 1 2 1 2 2 1 2 2
1.62695e+06 1.48255e+06 1.46348e+06 1.52248e+06 1.46577e+06 1.49113e+06 1.48342e+06 1.41642e+06 1.4642e+06 1.57153e+06 1.45143e+06 1.47977e+06 1.49232e+06 1.45506e+06 1.51181e+06 1.50351e+06 1.40878e+06 1.44239e+06 1.48969e+06 1.4543e+06 1.46235e+06 1.48092e+06 1.45286e+06 1.34911e+06 1.45146e+06 1.41098e+06 1.45562e+06 0 0 0 0 0 0 0 0 0 0 0 0 0 0 42 0 0 0 0 0 0 0 17 0 8 0 0 1 1 1 0 1 1 1 1 1 1 1 1 1 1 2 1 1 2 1 1 2 1 2 2 1 2 3
1.13705e+06 1.16056e+06 1.16765e+06 1.12475e+06 1.18744e+06 1.08466e+06 1.12917e+06 1.10096e+06 1.07439e+06 1.15841e+06 1.13707e+06 1.14298e+06 1.13797e+06 1.26534e+06 1.09569e+06 1.13784e+06 1.1436e+06 1.11235e+06 1.1195e+06 1.1977e+06 1.16177e+06 1.24521e+06 1.07695e+06 1.07398e+06 1.15147e+06 1.1443e+06 1.11595e+06 0 63 36 0 43 0 0 0 0 0 0 40 0 113 0 4 43 39 0 46 28 77 0 0 46 35 0 0 1 2 0 1 2 0 1 2 1 1 1 1 2 1 1 2 1 1 2 3 1 2 2 1 2 3
1.26617e+06 1.19838e+06 1.17034e+06 1.23126e+06 1.19436e+06 1.26893e+06 1.206e+06 1.17365e+06 1.16418e+06 1.16834e+06 1.23075e+06 1.18384e+06 1.21054e+06 1.23748e+06 1.34185e+06 1.17328e+06 1.17248e+06 1.12085e+06 1.25263e+06 1.17457e+06 1.17739e+06 1.20032e+06 1.14786e+06 1.11802e+06 1.19714e+06 1.26308e+06 1.16465e+06 7 0 0 13 43 66 15 0 0 0 0 0 0 28 148 0 0 0 0 0 16 0 0 0 27 68 0 0 1 1 1 1 1 1 1 1 1 1 2 1 1 2 1 1 2 1 2 2 1 2 2 1 3 2
1.32374e+06 1.24859e+06 1.27723e+06 1.31131e+06 1.30597e+06 1.23419e+06 1.28897e+06 1.30027e+06 1.27796e+06 1.32052e+06 1.25316e+06 1.31284e+06 1.29355e+06 1.4703e+06 1.34715e+06 1.24097e+06 1.21931e+06 1.20679e+06 1.23373e+06 1.25407e+06 1.31502e+06 1.29696e+06 1.32022e+06 1.25399e+06 1.23235e+06 1.24808e+06 1.23042e+06 29 0 0 0 0 0 0 69 72 0 10 37 0 183 95 0 0 0 0 0 82 0 62 42 0 7 31 1 1 1 1 1 1 1 1 2 0 2 1 1 1 2 1 1 2 1 2 2 1 2 2 2 2 2
1.31628e+06 1.29992e+06 1.23209e+06 1.29634e+06 1.26402e+06 1.30838e+06 1.25807e+06 1.22581e+06 1.20257e+06 1.25443e+06 1.26715e+06 1.29749e+06 1.28458e+06 1.24282e+06 1.28561e+06 1.45395e+06 1.17366e+06 1.20173e+06 1.24859e+06 1.22262e+06 1.19086e+06 1.24453e+06 1.3247e+06 1.12894e+06 1.21275e+06 1.20173e+06 1.17428e+06 0 0 5 0 0 60 0 12 0 0 0 69 0 11 13 166 0 0 0 0 0 0 112 22 0 0 24 1 1 1 1 1 1 1 1 1 1 1 2 1 1 2 1 1 2 1 1 2 1 2 3 1 2 2
1.48562e+06 1.38709e+06 1.39495e+06 1.39132e+06 1.37785e+06 1.30875e+06 1.36386e+06 1.32033e+06 1.36125e+06 1.44248e+06 1.36307e+06 1.42951e+06 1.3946e+06 1.48302e+06 1.29797e+06 1.3435e+06 1.36705e+06 1.35495e+06 1.42918e+06 1.45659e+06 1.34954e+06 1.39238e+06 1.41801e+06 1.34055e+06 1.34209e+06 1.40675e+06 1.30201e+06 0 0 0 0 0 0 0 0 0 0 0 78 0 0 0 0 0 0 0 112 0 0 62 2 9 104 0 1 1 1 0 1 2 0 1 2 0 2 1 1 1 2 1 1 2 1 2 2 1 2 2 1 2 3
1.34401e+06 1.307e+06 1.35834e+06 1.30721e+06 1.27226e+06 1.27607e+06 1.3481e+06 1.33236e+06 1.26832e+06 1.33653e+06 1.27806e+06 1.26427e+06 1.28576e+06 1.29594e+06 1.27713e+06 1.27618e+06 1.2644e+06 1.31392e+06 1.3081e+06 1.37328e+06 1.28901e+06 1.30559e+06 1.25663e+06 1.27133e+06 1.26115e+06 1.27335e+06 1.2648e+06 0 0 54 0 0 0 0 13 0 0 16 0 0 0 0 0 0 0 0 66 0 0 0 0 0 0 0 0 1 2 0 1 1 1 1 2 0 2 1 1 1 2 0 2 1 1 2 2 1 2 2 1 2 3
1.45852e+06 1.47874e+06 1.48675e+06 1.45286e+06 1.41577e+06 1.4195e+06 1.37754e+06 1.37052e+06 1.32904e+06 1.42107e+06 1.3949e+06 1.35118e+06 1.41302e+06 1.35828e+06 1.37234e+06 1.40876e+06 1.34093e+06 1.34324e+06 1.40529e+06 1.36622e+06 1.36506e+06 1.35631e+06 1.34131e+06 1.43634e+06 1.39941e+06 1.38322e+06 1.3275e+06 0 0 46 0 6 0 0 0 0 0 0 16 0 0 0 0 0 0 16 0 0 0 0 78 48 4 0 0 1 2 0 1 1 1 1 2 0 1 2 1 1 1 1 2 1 1 2 2 1 1 3 1 2 3
1.58313e+06 1.57183e+06 1.50435e+06 1.54366e+06 1.52322e+06 1.54269e+06 1.55229e+06 1.5081e+06 1.48452e+06 1.59981e+06 1.54695e+06 1.5397e+06 1.5821e+06 1.50381e+06 1.56964e+06 1.51574e+06 1.49034e+06 1.55397e+06 1.56376e+06 1.50375e+06 1.52637e+06 1.5256e+06 1.54488e+06 1.49132e+06 1.52271e+06 1.50567e+06 1.51416e+06 0 0 0 0 0 0 0 0 0 0 0 0 0 0 0 0 0 0 0 0 0 0 0 0 0 0 0 0 1 1 1 1 1 1 1 1 1 1 2 0 2 1 1 1 2 1 2 2 1 1 2 2 1 3
1.37196e+06 1.27323e+06 1.36784e+06 1.36178e+06 1.27418e+06 1.27964e+06 1.30234e+06 1.26824e+06 1.27433e+06 1.30385e+06 1.306e+06 1.43745e+06 1.27549e+06 1.29866e+06 1.25618e+06 1.27545e+06 1.26041e+06 1.25832e+06 1.27204e+06 1.29547e+06 1.38134e+06 1.2858e+06 1.26203e+06 1.2574e+06 1.31191e+06 1.23579e+06 1.22489e+06 27 0 62 0 0 18 0 13 49 0 0 154 0 0 0 0 13 0 0 0 82 0 0 12 38 0 0 0 1 2 0 1 2 0 2 1 1 1 2 0 1 2 1 1 2 1 2 2 1 2 2 2 1 3
1.42256e+06 1.22111e+06 1.24692e+06 1.26099e+06 1.18508e+06 1.22301e+06 1.24524e+06 1.2244e+06 1.13563e+06 1.25453e+06 1.25259e+06 1.20135e+06 1.21768e+06 1.16843e+06 1.21117e+06 1.19447e+06 1.23305e+06 1.16477e+06 1.26628e+06 1.16315e+06 1.22774e+06 1.20771e+06 1.14083e+06 1.1456e+06 1.22582e+06 1.16386e+06 1.1595e+06 69 0 0 0 0 0 0 0 0 0 0 0 0 0 0 0 0 0 0 0 0 0 0 0 0 0 0 1 0 2 0 1 2 0 1 2 0 1 2 1 1 1 1 2 1 1 2 2 1 2 2 1 2 2
1.39949e+06 1.37106e+06 1.40937e+06 1.36929e+06 1.36779e+06 1.31922e+06 1.38612e+06 1.34135e+06 1.35559e+06 1.42955e+06 1.32993e+06 1.37328e+06 1.33532e+06 1.36266e+06 1.45e+06 1.33959e+06 1.34566e+06 1.34768e+06 1.38529e+06 1.34512e+06 1.31427e+06 1.32851e+06 1.39786e+06 1.32139e+06 1.35902e+06 1.31971e+06 1.27462e+06 0 0 0 0 0 0 0 0 0 0 0 0 0 0 61 0 0 0 0 0 0 0 0 0 0 0 0 1 1 1 1 1 1 0 2 1 1 1 1 1 1 2 1 1 2 1 1 2 1 2 2 1 2 2
1.46906e+06 1.51048e+06 1.3972e+06 1.44547e+06 1.38808e+06 1.43857e+06 1.3961e+06 1.39989e+06 1.39277e+06 1.47998e+06 1.4723e+06 1.46549e+06 1.46225e+06 1.38095e+06 1.41325e+06 1.39021e+06 1.37844e+06 1.44132e+06 1.42404e+06 1.41376e+06 1.44407e+06 1.44883e+06 1.39961e+06 1.34864e+06 1.4259e+06 1.40778e+06 1.31686e+06 0 92 0 0 0 0 0 0 0 2 13 0 31 0 0 0 0 89 0 19 61 0 0 0 0 0 0 1 1 1 1 1 1 1 1 1 1 1 1 1 1 2 1 1 2 1 2 2 1 2 2 1 2 3
1.4599e+06 1.42441e+06 1.40518e+06 1.42622e+06 1.34318e+06 1.36718e+06 1.37865e+06 1.38185e+06 1.43053e+06 1.46264e+06 1.43283e+06 1.39617e+06 1.40718e+06 1.45165e+06 1.32929e+06 1.43236e+06 1.37623e+06 1.34751e+06 1.40883e+06 1.36959e+06 1.3856e+06 1.36393e+06 1.37959e+06 1.35087e+06 1.36234e+06 1.36163e+06 1.31124e+06 0 0 0 0 0 0 0 0 0 0 0 40 0 36 0 58 0 0 0 0 0 0 0 0 0 0 0 0 1 1 1 1 1 1 1 1 1 1 2 0 2 1 1 2 1 1 2 2 1 2 2 1 2 3
1.41476e+06 1.33538e+06 1.32244e+06 1.33331e+06 1.32554e+06 1.35805e+06 1.36879e+06 1.32296e+06 1.37202e+06 1.46711e+06 1.34147e+06 1.32921e+06 1.36077e+06 1.3487e+06 1.33189e+06 1.38148e+06 1.32344e+06 1.34528e+06 1.36865e+06 1.36669e+06 1.39159e+06 1.31681e+06 1.32961e+06 1.3154e+06 1.32655e+06 1.28326e+06 1.28153e+06 0 0 0 0 0 0 0 0 67 45 0 14 0 11 0 0 0 0 0 0 0 0 17 0 0 0 0 0 1 1 1 1 1 1 1 1 1 1 2 0 2 1 1 1 2 1 2 2 1 2 2 1 2 2
1.50257e+06 1.45872e+06 1.46404e+06 1.49297e+06 1.42803e+06 1.39931e+06 1.53962e+06 1.36425e+06 1.38661e+06 1.47607e+06 1.42964e+06 1.43231e+06 1.42851e+06 1.42388e+06 1.37476e+06 1.41968e+06 1.46195e+06 1.36524e+06 1.4885e+06 1.40497e+06 1.41581e+06 1.50444e+06 1.44133e+06 1.39886e+06 1.39295e+06 1.43491e+06 1.35944e+06 0 0 0 0 0 0 86 0 0 0 0 0 0 0 0 0 0 0 0 0 0 6 0 0 0 64 0 1 1 1 1 1 1 1 1 1 1 1 1 1 1 2 1 1 1 2 1 2 1 2 2 1 2 3
1.25317e+06 1.25237e+06 1.27927e+06 1.31012e+06 1.24178e+06 1.24598e+06 1.3139e+06 1.41743e+06 1.22034e+06 1.26897e+06 1.24133e+06 1.21953e+06 1.28435e+06 1.30493e+06 1.39419e+06 1.22478e+06 1.22073e+06 1.18974e+06 1.3314e+06 1.26947e+06 1.1937e+06 1.21625e+06 1.23036e+06 1.23688e+06 1.20318e+06 1.17548e+06 1.17279e+06 0 20 0 4 15 13 44 182 29 0 0 33 0 36 117 0 0 32 64 0 0 0 31 18 0 0 0 0 1 2 0 1 2 1 1 1 1 1 2 1 1 2 1 2 1 2 2 2 1 2 2 2 2 2
1.26759e+06 1.15298e+06 1.15494e+06 1.1222e+06 1.11656e+06 1.05731e+06 1.17464e+06 1.08888e+06 1.13321e+06 1.09606e+06 1.16887e+06 1.12682e+06 1.11079e+06 1.10495e+06 1.21929e+06 1.09679e+06 1.04975e+06 1.09709e+06 1.11393e+06 1.12901e+06 1.09636e+06 1.13131e+06 1.19438e+06 1.06622e+06 1.09763e+06 1.08133e+06 1.03172e+06 96 33 0 0 4 0 0 1 44 0 60 0 0 0 111 0 0 0 0 20 12 0 98 4 0 0 0 1 1 1 1 1 1 1 1 2 0 2 1 1 1 2 1 1 2 1 2 2 1 3 2 1 2 3
1.34325e+06 1.38803e+06 1.28141e+06 1.34186e+06 1.34459e+06 1.28566e+06 1.35055e+06 1.34797e+06 1.28243e+06 1.36621e+06 1.30279e+06 1.33184e+06 1.27046e+06 1.29716e+06 1.27968e+06 1.27699e+06 1.24916e+06 1.27686e+06 1.35907e+06 1.30639e+06 1.276e+06 1.2985e+06 1.27451e+06 1.25388e+06 1.29683e+06 1.23067e+06 1.26824e+06 0 46 0 0 12 16 21 75 0 33 9 0 0 0 8 0 0 27 2 23 6 0 17 0 0 0 0 0 1 1 1 1 1 1 1 2 1 1 1 1 1 2 1 1 2 1 2 2 1 2 2 2 2 2
1.23978e+06 1.3413e+06 1.1883e+06 1.22012e+06 1.18163e+06 1.20961e+06 1.15625e+06 1.29473e+06 1.16009e+06 1.21414e+06 1.19111e+06 1.23257e+06 1.19717e+06 1.20679e+06 1.14347e+06 1.19497e+06 1.18995e+06 1.11839e+06 1.23074e+06 1.19562e+06 1.161e+06 1.18586e+06 1.28807e+06 1.31654e+06 1.25516e+06 1.13326e+06 1.11372e+06 0 127 58 0 0 0 0 134 0 0 0 24 0 63 0 0 0 0 13 0 0 0 147 149 44 0 0 1 1 1 1 1 1 1 1 2 0 2 2 0 2 1 1 2 1 1 2 3 1 2 3 1 2 3
1.33264e+06 1.26112e+06 1.21119e+06 1.22949e+06 1.31373e+06 1.19609e+06 1.18524e+06 1.13593e+06 1.23512e+06 1.20094e+06 1.24292e+06 1.32383e+06 1.21705e+06 1.17221e+06 1.16909e+06 1.21626e+06 1.24451e+06 1.21037e+06 1.25262e+06 1.15038e+06 1.39517e+06 1.23921e+06 1.15135e+06 1.1232e+06 1.15614e+06 1.14771e+06 1.16973e+06 35 22 0 0 68 25 0 0 51 0 57 100 0 0 0 57 36 68 0 0 159 3 0 0 0 0 0 0 1 2 0 2 1 1 1 1 1 2 1 1 1 2 1 2 1 2 1 3 1 2 2 1 2 3
1.32113e+06 1.31551e+06 1.24575e+06 1.31241e+06 1.25985e+06 1.21161e+06 1.32617e+06 1.25327e+06 1.22665e+06 1.34014e+06 1.25821e+06 1.2475e+06 1.32141e+06 1.2623e+06 1.2382e+06 1.26096e+06 1.25711e+06 1.27141e+06 1.29242e+06 1.27074e+06 1.2393e+06 1.27513e+06 1.27446e+06 1.26321e+06 1.26136e+06 1.21232e+06 1.20157e+06 0 0 0 0 0 0 0 0 11 0 0 0 0 0 0 0 0 0 0 0 0 0 0 0 0 0 0 1 1 1 0 1 2 0 1 2 1 1 1 1 2 1 1 1 2 1 2 2 1 2 2 1 2 3
1.2347e+06 1.25445e+06 1.33934e+06 1.25772e+06 1.317e+06 1.24296e+06 1.28731e+06 1.18442e+06 1.18252e+06 1.24111e+06 1.24805e+06 1.20675e+06 1.28376e+06 1.23467e+06 1.25147e+06 1.24092e+06 1.18878e+06 1.18821e+06 1.25238e+06 1.25999e+06 1.22816e+06 1.18581e+06 1.19037e+06 1.18591e+06 1.26512e+06 1.16948e+06 1.21105e+06 0 49 78 0 73 0 26 0 0 0 10 0 31 0 0 0 0 0 0 47 0 0 0 0 0 0 13 0 1 2 0 1 2 0 2 1 1 1 2 0 2 1 1 2 1 2 1 3 1 1 3 1 2 3
1.31638e+06 1.33018e+06 1.31575e+06 1.30696e+06 1.30802e+06 1.25686e+06 1.45835e+06 1.25235e+06 1.32946e+06 1.34673e+06 1.29597e+06 1.30252e+06 1.36059e+06 1.32616e+06 1.30779e+06 1.27101e+06 1.31009e+06 1.28763e+06 1.37855e+06 1.24418e+06 1.34384e+06 1.33433e+06 1.28195e+06 1.26757e+06 1.31411e+06 1.41445e+06 1.25581e+06 4 0 0 0 0 0 121 0 19 0 0 0 0 0 0 8 0 0 18 0 65 4 0 0 0 153 0 0 1 1 1 1 1 1 1 2 1 1 1 1 1 2 1 1 2 1 2 2 1 2 2 1 3 2
1.25815e+06 1.27216e+06 1.23176e+06 1.23635e+06 1.26148e+06 1.23333e+06 1.26197e+06 1.25384e+06 1.21455e+06 1.27724e+06 1.26231e+06 1.21797e+06 1.24217e+06 1.27868e+06 1.21509e+06 1.24908e+06 1.22689e+06 1.29233e+06 1.34329e+06 1.22748e+06 1.21818e+06 1.27153e+06 1.22465e+06 1.2051e+06 1.26777e+06 1.25965e+06 1.22836e+06 0 0 0 0 0 0 0 0 0 0 0 0 4 0 0 0 0 55 0 0 0 0 20 0 0 46 0 1 1 1 1 1 1 1 1 1 1 1 2 0 2 1 1 2 1 1 2 2 1 2 2 2 2 2
1.40232e+06 1.27983e+06 1.32049e+06 1.30247e+06 1.29478e+06 1.2752e+06 1.31067e+06 1.29059e+06 1.31057e+06 1.35519e+06 1.39166e+06 1.30707e+06 1.32739e+06 1.29201e+06 1.29234e+06 1.29775e+06 1.21813e+06 1.31925e+06 1.29604e+06 1.30647e+06 1.31587e+06 1.32965e+06 1.25248e+06 1.3521e+06 1.3006e+06 1.28981e+06 1.32016e+06 25 0 15 0 0 0 0 0 0 0 104 0 0 0 0 0 0 29 0 0 41 0 12 33 0 0 40 1 1 1 1 1 1 1 1 2 0 2 1 1 1 2 0 2 2 1 1 3 1 2 2 2 2 2
1.25946e+06 1.25556e+06 1.23858e+06 1.24894e+06 1.2459e+06 1.22029e+06 1.23503e+06 1.24637e+06 1.20666e+06 1.26892e+06 1.23945e+06 1.25145e+06 1.24835e+06 1.21002e+06 1.2107e+06 1.25622e+06 1.21614e+06 1.22408e+06 1.24091e+06 1.23275e+06 1.22521e+06 1.24233e+06 1.19817e+06 1.19818e+06 1.22993e+06 1.22867e+06 1.21402e+06 0 9 0 0 0 1 0 0 0 0 0 0 0 0 0 0 0 0 0 0 0 0 0 0 0 0 0 1 1 1 1 1 1 1 1 1 1 1 2 1 1 1 1 2 1 2 1 2 1 2 2 2 1 3
1.1882e+06 1.13264e+06 1.10406e+06 1.12289e+06 1.06488e+06 1.13752e+06 1.13281e+06 1.09747e+06 1.08092e+06 1.23548e+06 1.10825e+06 1.10323e+06 1.12532e+06 1.14044e+06 1.11841e+06 1.11702e+06 1.05059e+06 1.04952e+06 1.17673e+06 1.11426e+06 1.08755e+06 1.15115e+06 1.08827e+06 1.09274e+06 1.11181e+06 1.05984e+06 1.10607e+06 0 0 0 0 0 45 22 8 0 99 0 0 0 19 0 23 0 0 19 0 37 14 0 0 0 7 0 1 0 2 0 1 2 1 1 1 1 1 2 1 1 2 1 1 2 1 2 2 1 2 2 1 2 2
1.3165e+06 1.29018e+06 1.29536e+06 1.34169e+06 1.29164e+06 1.29355e+06 1.3284e+06 1.28518e+06 1.27206e+06 1.29886e+06 1.31518e+06 1.30203e+06 1.31664e+06 1.24171e+06 1.24486e+06 1.33564e+06 1.28143e+06 1.23021e+06 1.36205e+06 1.3289e+06 1.29029e+06 1.33882e+06 1.27892e+06 1.26603e+06 1.28145e+06 1.30765e+06 1.27215e+06 0 0 0 0 0 0 0 0 0 0 0 33 0 0 0 0 0 0 0 0 0 0 0 0 0 0 0 1 1 1 1 1 1 1 1 1 1 1 2 1 1 1 1 2 1 1 2 3 1 1 3 1 2 2
1.44886e+06 1.31834e+06 1.29751e+06 1.34579e+06 1.35004e+06 1.30388e+06 1.30721e+06 1.27898e+06 1.32994e+06 1.36802e+06 1.31996e+06 1.30337e+06 1.31273e+06 1.29251e+06 1.26088e+06 1.33105e+06 1.35338e+06 1.28819e+06 1.30648e+06 1.28958e+06 1.30843e+06 1.30448e+06 1.33129e+06 1.24697e+06 1.29208e+06 1.26724e+06 1.26388e+06 60 0 0 0 31 0 0 0 0 0 0 0 0 0 0 0 0 0 0 0 0 0 0 0 0 0 0 1 1 1 1 1 1 1 1 1 1 1 2 1 1 1 1 2 1 2 1 2 1 2 2 1 2 3
1.40257e+06 1.37109e+06 1.39217e+06 1.38596e+06 1.34809e+06 1.36867e+06 1.39961e+06 1.40343e+06 1.36287e+06 1.40464e+06 1.33522e+06 1.34022e+06 1.3586e+06 1.32886e+06 1.31363e+06 1.35098e+06 1.29595e+06 1.31371e+06 1.35827e+06 1.34807e+06 1.35151e+06 1.38069e+06 1.35659e+06 1.3244e+06 1.38641e+06 1.28248e+06 1.33635e+06 0 0 0 0 0 0 0 0 1 0 0 0 0 0 0 0 0 0 0 0 0 4 0 0 0 0 0 0 1 2 0 1 2 0 1 2 1 1 1 1 1 2 1 1 2 1 1 2 2 1 3 1 2 2
