1 861177 
2 831750 
3 675757 
4 908792 
5 796458 
6 726521 
7 755586 
8 744059 
9 726145 
10 801639 
11 840545 
12 705993 
13 734444 
14 750695 
15 800156 
16 736859 
17 793316 
18 850137 
19 746059 
20 941931 
21 710238 
22 732868 
23 780493 
24 777795 
25 811149 
26 832909 
27 894544 
28 823479 
29 731662 
30 753857 
31 787518 
32 796464 
33 988484 
34 1.00637e+06 
35 895226 
36 726199 
37 898599 
38 983124 
39 888480 
40 865425 
41 741220 
42 899788 
43 834692 
44 797515 
45 879584 
46 836308 
47 795508 
48 649852 
49 809948 
50 758475 
51 705752 
52 667360 
53 730368 
54 722164 
55 702932 
56 706452 
57 646153 
58 773673 
59 797503 
60 815580 
61 656131 
62 761339 
63 704028 
64 734900 
65 804268 
66 815156 
67 816327 
68 768386 
69 733042 
70 716483 
71 711731 
72 722741 
73 850282 
74 766234 
75 693650 
76 676397 
77 740830 
78 880434 
79 772764 
80 834929 
81 715076 
82 700690 
83 856247 
84 772264 
85 793269 
86 782124 
87 889065 
88 822141 
89 825610 
90 731286 
91 719620 
92 742763 
93 638960 
94 627546 
95 632394 
96 721936 
97 640790 
98 699404 
99 712981 
100 645037 
101 578841 
102 697049 
103 678635 
104 618531 
105 729753 
106 708843 
107 916135 
108 810666 
109 758221 
110 731860 
111 701963 
112 681912 
113 654316 
114 722312 
115 831286 
116 756622 
117 716161 
118 653086 
119 684884 
120 713001 
121 661971 
122 865895 
123 745767 
124 845653 
125 690894 
126 675101 
127 799950 
128 813286 
129 706127 
130 662236 
131 753375 
132 767710 
133 630721 
134 667694 
135 776464 
136 643453 
137 637578 
138 603170 
139 719628 
140 617617 
141 584332 
142 654732 
143 671605 
144 667676 
145 646356 
146 694228 
147 610166 
148 651425 
149 675979 
150 628297 
151 755032 
152 682568 
153 775555 
154 684639 
155 703474 
156 679620 
157 622557 
158 619460 
159 724997 
160 671832 
161 683642 
162 652734 
163 615198 
164 760774 
165 661429 
166 730731 
167 733079 
168 744127 
169 689715 
170 676485 
171 639156 
172 660016 
173 766602 
174 733854 
175 694498 
176 730993 
177 732020 
178 699115 
179 658283 
180 777850 
