1 272533 
2 277712 
3 280176 
4 268515 
5 259785 
6 270137 
7 237510 
8 315776 
9 253365 
10 297205 
11 287161 
12 264596 
13 254100 
14 321353 
15 261026 
16 310413 
17 296616 
18 294154 
19 327948 
20 285393 
21 283673 
22 293805 
23 293330 
24 281174 
25 298380 
26 313966 
27 276776 
28 265239 
29 266633 
30 276724 
31 307439 
32 317246 
33 308635 
34 277363 
35 236049 
36 324627 
37 295116 
38 326305 
39 311512 
40 316387 
41 311930 
42 316315 
43 245442 
44 319699 
45 298828 
46 313830 
47 225925 
48 246119 
49 214453 
50 254095 
51 234801 
52 258133 
53 265133 
54 232899 
55 248418 
56 261298 
57 287962 
58 246464 
59 246157 
60 205930 
61 241183 
62 321717 
63 288077 
64 273939 
65 252457 
66 280587 
67 253102 
68 256665 
69 227519 
70 275650 
71 278810 
72 264917 
73 257686 
74 247942 
75 278773 
76 267724 
77 253087 
78 292276 
79 253666 
80 264953 
81 254916 
82 298071 
83 299024 
84 284818 
85 294787 
86 269416 
87 249193 
88 277741 
89 241469 
90 291362 
91 240399 
92 211464 
93 251791 
94 238410 
95 238475 
96 272097 
97 251034 
98 229159 
99 252433 
100 267068 
101 239580 
102 259205 
103 222341 
104 238962 
105 251439 
106 252859 
107 253384 
108 244883 
109 278605 
110 263547 
111 253866 
112 240770 
113 230453 
114 289396 
115 283585 
116 249444 
117 233941 
118 248470 
119 253638 
120 277342 
121 242977 
122 282181 
123 245520 
124 248807 
125 263722 
126 248922 
127 244382 
128 261438 
129 251628 
130 220622 
131 252002 
132 246125 
133 257332 
134 249017 
135 223086 
136 226228 
137 231738 
138 222994 
139 280812 
140 239422 
141 216331 
142 253913 
143 225031 
144 225290 
145 266732 
146 271043 
147 249670 
148 239288 
149 246507 
150 240481 
151 242276 
152 224776 
153 238500 
154 237870 
155 258360 
156 240818 
157 235539 
158 209238 
159 241824 
160 224679 
161 217624 
162 231939 
163 280890 
164 280383 
165 243659 
166 238364 
167 285100 
168 249197 
169 261131 
170 270157 
171 270754 
172 254153 
173 250045 
174 207621 
175 301550 
176 222492 
177 222404 
178 236186 
179 227432 
180 196952 
