1 53753.6 
2 54077.1 
3 47651.5 
4 42972.8 
5 56048.2 
6 50033.1 
7 40484.2 
8 52207.8 
9 50596.2 
10 49619.8 
11 56959.4 
12 50425.5 
13 46901.2 
14 45303.1 
15 36558.6 
16 50059.9 
17 47586.9 
18 45076.5 
19 30829.3 
20 51550.9 
21 47061.3 
22 45344.6 
23 49662.9 
24 36036.1 
25 43742.6 
26 44512.7 
27 54336.4 
28 50139.1 
29 68227.8 
30 49996.3 
31 46761.6 
32 49282.2 
33 48627.4 
34 60500.1 
35 57356.3 
36 45431.8 
37 47921.5 
38 42958.2 
39 45486.6 
40 44943.5 
41 53889.9 
42 48173.3 
43 49983.8 
44 34828.9 
45 65966.9 
46 47813.1 
47 47817.8 
48 46453.6 
49 50884.3 
50 56078.4 
51 48816.3 
52 53103 
53 50605.2 
54 56527.7 
55 36462.1 
56 55202.5 
57 47341.4 
58 56917.2 
59 64595 
60 52720.7 
61 50948.3 
62 50005.7 
63 39483.8 
64 63823.7 
65 57956.3 
66 47443 
67 60900.2 
68 43699.4 
69 54196.1 
70 37300.1 
71 44713 
72 52445.6 
73 55093.1 
74 47419.3 
75 53186.5 
76 42702.6 
77 41622.8 
78 42472.7 
79 52992.3 
80 45501.5 
81 56652.3 
82 49364.7 
83 49589.6 
84 41601.7 
85 40660.6 
86 48159.1 
87 52155.9 
88 47399.6 
89 37339.8 
90 43566.2 
91 47386.8 
92 45156.9 
93 54449.8 
94 44199.8 
95 52571.9 
96 52697.3 
97 48383.9 
98 42221.6 
99 42820.3 
100 41648.4 
101 43266 
102 45964 
103 39012.6 
104 55013.6 
105 38919.3 
106 47923.8 
107 37164.8 
108 42351.4 
109 65425.2 
110 46224.2 
111 46945.8 
112 44048.5 
113 50347.6 
114 61716.7 
115 57669.6 
116 46083.2 
117 46485.3 
118 37509.7 
119 66905.4 
120 46075.3 
121 55861 
122 49721.9 
123 40021.2 
124 56447.1 
125 55659.9 
126 48860.9 
127 46044.1 
128 65826.1 
129 44750.1 
130 54849 
131 47907.5 
132 50955.1 
133 53846.3 
134 47824.7 
135 48382.4 
136 49036.4 
137 51163.6 
138 48595.9 
139 66159.2 
140 54596.4 
141 55664.3 
142 48219.4 
143 51912.4 
144 43420 
145 49208.8 
146 42058.4 
147 43394.5 
148 41036.2 
149 40121.7 
150 40954.9 
151 47262.3 
152 42600.3 
153 46069.5 
154 39573.3 
155 53217.1 
156 46280.2 
157 40729 
158 44571.3 
159 33987.2 
160 46479.8 
161 39683.8 
162 42570.1 
163 40059.5 
164 49752 
165 41370.8 
166 41472.6 
167 35113.4 
168 41498.8 
169 41125.6 
170 36721.7 
171 44243.6 
172 27889.6 
173 43992 
174 44501.1 
175 39146.4 
176 50145.8 
177 61246.6 
178 41632.6 
179 54026.7 
180 45739.9 
181 43108.8 
182 40202.3 
183 37650.4 
184 44180.9 
185 41703.1 
186 45660.1 
187 36540.2 
188 44728.7 
189 33999.5 
190 47940.2 
191 43003.5 
192 44639.1 
193 43786.4 
194 39599.1 
195 40104.9 
196 39146.5 
197 43717.9 
198 40181 
199 53687.9 
200 41473.4 
201 43085.2 
202 53141.7 
203 57244.1 
204 51076.8 
205 59523 
206 50876.9 
207 40026.5 
208 41473.4 
209 38018.3 
210 48817.4 
211 60559.5 
212 43902.8 
213 57873.2 
214 52443.9 
215 47255.7 
216 50901.6 
217 42512 
218 39042.4 
219 53835.1 
220 40295.4 
221 40958.7 
222 45807.3 
223 38738.4 
224 51565.1 
225 41299.6 
226 46436.1 
227 42357.1 
228 47522.9 
229 41147.7 
230 42385.1 
231 43227.9 
232 43271.5 
233 48849.9 
234 46756.4 
235 42581.4 
236 44887.2 
237 49096.7 
238 46712.5 
239 41105.3 
240 47740.3 
241 45816.8 
242 44953.4 
243 37501.2 
244 42017.8 
245 44632 
246 46120.2 
247 51815.2 
248 38563.9 
249 43247.6 
250 39793.9 
251 43094.2 
252 40971.4 
253 48627.2 
254 49181.7 
255 58130.7 
256 35705.7 
257 55120.4 
258 48468.1 
259 42378.7 
260 50184.4 
261 52198.2 
262 46045.4 
263 51676.7 
264 55435.1 
265 44242.7 
266 31526 
267 43409.4 
268 50764 
269 46403.8 
270 45517.7 
271 45112.8 
272 48622.7 
273 36713.5 
274 47960.8 
275 41267.9 
276 49677.3 
277 59598.5 
278 47830.2 
279 45462.4 
280 52212.7 
281 41110.7 
282 38075.2 
283 49077.8 
284 49138.1 
285 37805.2 
286 40621.8 
287 44228.4 
288 51754.9 
289 50793.4 
290 40569.9 
291 54432.3 
292 57007.3 
293 49838.4 
294 47833.8 
295 59111.1 
296 48271.4 
297 44761.8 
298 46350.5 
299 41924.8 
300 36734.5 
