1 1.38051e+06 1.48652e+06 1.48321e+06 1.50329e+06 1.40801e+06 1.43564e+06 1.48172e+06 1.49965e+06 1.36884e+06 1.44653e+06 1.48578e+06 1.49847e+06 1.29775e+06 1.46534e+06 1.47154e+06 1.48346e+06 1.34983e+06 1.46968e+06 1.49556e+06 1.4867e+06 1.35417e+06 1.47092e+06 1.47021e+06 1.50395e+06 
2 1.10991e+06 1.20937e+06 1.22861e+06 1.24169e+06 1.10155e+06 1.21608e+06 1.20256e+06 1.22001e+06 1.12987e+06 1.20113e+06 1.22412e+06 1.23423e+06 1.10827e+06 1.19383e+06 1.22148e+06 1.20728e+06 1.11575e+06 1.19783e+06 1.22562e+06 1.21151e+06 1.11148e+06 1.19709e+06 1.2073e+06 1.20695e+06 
3 1.31433e+06 1.46196e+06 1.47464e+06 1.47006e+06 1.33405e+06 1.4247e+06 1.472e+06 1.45006e+06 1.35789e+06 1.4085e+06 1.45692e+06 1.46897e+06 1.32408e+06 1.42704e+06 1.44678e+06 1.45845e+06 1.31166e+06 1.39254e+06 1.44096e+06 1.46526e+06 1.32485e+06 1.41401e+06 1.4434e+06 1.45057e+06 
4 1.10989e+06 1.19143e+06 1.2111e+06 1.20652e+06 1.09466e+06 1.17155e+06 1.19756e+06 1.20206e+06 1.09767e+06 1.18225e+06 1.18913e+06 1.19663e+06 1.05831e+06 1.18301e+06 1.19692e+06 1.20293e+06 1.11782e+06 1.14184e+06 1.19982e+06 1.20785e+06 1.09552e+06 1.15936e+06 1.1814e+06 1.18363e+06 
5 1.26956e+06 1.32921e+06 1.3528e+06 1.29526e+06 1.2316e+06 1.31769e+06 1.33373e+06 1.33854e+06 1.2348e+06 1.32353e+06 1.35834e+06 1.3386e+06 1.2456e+06 1.30866e+06 1.33471e+06 1.30992e+06 1.25628e+06 1.33311e+06 1.32146e+06 1.32669e+06 1.18579e+06 1.2889e+06 1.32275e+06 1.33894e+06 
6 1.31469e+06 1.39354e+06 1.44102e+06 1.41682e+06 1.29512e+06 1.43055e+06 1.43125e+06 1.42975e+06 1.33711e+06 1.41101e+06 1.4516e+06 1.44319e+06 1.29405e+06 1.42387e+06 1.42971e+06 1.4237e+06 1.32416e+06 1.42528e+06 1.43596e+06 1.45837e+06 1.30223e+06 1.38766e+06 1.43306e+06 1.42497e+06 
7 1.31452e+06 1.41578e+06 1.41609e+06 1.42423e+06 1.27882e+06 1.40877e+06 1.40177e+06 1.41708e+06 1.32583e+06 1.39309e+06 1.40689e+06 1.41577e+06 1.28005e+06 1.38388e+06 1.40975e+06 1.38397e+06 1.32368e+06 1.39715e+06 1.40475e+06 1.42228e+06 1.30591e+06 1.38122e+06 1.4074e+06 1.40813e+06 
8 1.4673e+06 1.52113e+06 1.55268e+06 1.54756e+06 1.43792e+06 1.54581e+06 1.55119e+06 1.50786e+06 1.42806e+06 1.51582e+06 1.57489e+06 1.55066e+06 1.42096e+06 1.50501e+06 1.54166e+06 1.54701e+06 1.46893e+06 1.54613e+06 1.56189e+06 1.55412e+06 1.4469e+06 1.50232e+06 1.54258e+06 1.53016e+06 
9 1.44398e+06 1.51336e+06 1.52165e+06 1.50985e+06 1.41742e+06 1.49827e+06 1.51384e+06 1.51702e+06 1.40103e+06 1.51188e+06 1.52499e+06 1.51931e+06 1.40109e+06 1.48372e+06 1.50513e+06 1.52755e+06 1.4294e+06 1.47457e+06 1.5365e+06 1.50146e+06 1.39357e+06 1.49586e+06 1.51705e+06 1.50117e+06 
10 1.39712e+06 1.38959e+06 1.47142e+06 1.44496e+06 1.32471e+06 1.44355e+06 1.4193e+06 1.45747e+06 1.34311e+06 1.45329e+06 1.46417e+06 1.4553e+06 1.26599e+06 1.42173e+06 1.42682e+06 1.43552e+06 1.31435e+06 1.43952e+06 1.4444e+06 1.42281e+06 1.2948e+06 1.40253e+06 1.43183e+06 1.44655e+06 
11 1.1882e+06 1.26617e+06 1.28697e+06 1.27455e+06 1.15393e+06 1.28094e+06 1.29452e+06 1.30022e+06 1.21579e+06 1.30179e+06 1.30097e+06 1.27807e+06 1.19099e+06 1.25516e+06 1.30212e+06 1.29613e+06 1.21159e+06 1.26864e+06 1.30179e+06 1.29836e+06 1.17085e+06 1.22937e+06 1.26465e+06 1.28984e+06 
12 1.29643e+06 1.39622e+06 1.38502e+06 1.3799e+06 1.30198e+06 1.38464e+06 1.39487e+06 1.41115e+06 1.32451e+06 1.37672e+06 1.43122e+06 1.40706e+06 1.29464e+06 1.4035e+06 1.38081e+06 1.3901e+06 1.26601e+06 1.39166e+06 1.40858e+06 1.37879e+06 1.28073e+06 1.37511e+06 1.40291e+06 1.41286e+06 
13 1.41481e+06 1.47855e+06 1.48661e+06 1.50611e+06 1.37673e+06 1.47471e+06 1.46414e+06 1.46628e+06 1.38663e+06 1.4925e+06 1.49668e+06 1.4535e+06 1.40537e+06 1.47532e+06 1.47773e+06 1.48777e+06 1.37321e+06 1.47489e+06 1.47646e+06 1.48529e+06 1.36557e+06 1.43896e+06 1.4717e+06 1.48343e+06 
14 1.28311e+06 1.30545e+06 1.34661e+06 1.37458e+06 1.23222e+06 1.33391e+06 1.3642e+06 1.36182e+06 1.26938e+06 1.32802e+06 1.34643e+06 1.32877e+06 1.2726e+06 1.33806e+06 1.34954e+06 1.36562e+06 1.26417e+06 1.35392e+06 1.36627e+06 1.36434e+06 1.23697e+06 1.32726e+06 1.35784e+06 1.34108e+06 
15 1.13059e+06 1.23791e+06 1.2546e+06 1.22825e+06 1.08787e+06 1.23483e+06 1.23551e+06 1.23465e+06 1.13671e+06 1.23241e+06 1.24312e+06 1.25386e+06 1.13344e+06 1.21878e+06 1.23628e+06 1.22989e+06 1.13862e+06 1.23635e+06 1.24401e+06 1.26449e+06 1.11784e+06 1.22866e+06 1.23732e+06 1.24853e+06 
16 1.15377e+06 1.2197e+06 1.25033e+06 1.2421e+06 1.15196e+06 1.21928e+06 1.23101e+06 1.23059e+06 1.09988e+06 1.2069e+06 1.26461e+06 1.24437e+06 1.12857e+06 1.21162e+06 1.20463e+06 1.22674e+06 1.13332e+06 1.20802e+06 1.24752e+06 1.23406e+06 1.13214e+06 1.2005e+06 1.19878e+06 1.22567e+06 
17 1.21318e+06 1.32302e+06 1.3584e+06 1.35409e+06 1.24647e+06 1.34063e+06 1.32938e+06 1.30356e+06 1.20921e+06 1.29714e+06 1.33719e+06 1.33282e+06 1.24365e+06 1.28713e+06 1.321e+06 1.31358e+06 1.24136e+06 1.2694e+06 1.32785e+06 1.31093e+06 1.22622e+06 1.30479e+06 1.30668e+06 1.30423e+06 
18 1.01563e+06 1.11555e+06 1.11605e+06 1.14577e+06 1.05475e+06 1.10235e+06 1.12256e+06 1.15074e+06 1.04254e+06 1.13129e+06 1.13219e+06 1.14673e+06 1.0372e+06 1.1238e+06 1.11901e+06 1.10614e+06 1.04237e+06 1.12902e+06 1.10897e+06 1.10204e+06 1.01469e+06 1.10089e+06 1.12089e+06 1.1259e+06 
19 1.29254e+06 1.34503e+06 1.32689e+06 1.38642e+06 1.25173e+06 1.36092e+06 1.35948e+06 1.3563e+06 1.24232e+06 1.36737e+06 1.36113e+06 1.35544e+06 1.24668e+06 1.35475e+06 1.33568e+06 1.35802e+06 1.2723e+06 1.35626e+06 1.35212e+06 1.34872e+06 1.27463e+06 1.34333e+06 1.35263e+06 1.34322e+06 
20 1.35628e+06 1.41291e+06 1.40814e+06 1.39454e+06 1.33242e+06 1.40528e+06 1.41069e+06 1.39564e+06 1.34666e+06 1.40349e+06 1.39556e+06 1.41869e+06 1.32453e+06 1.40712e+06 1.39725e+06 1.41384e+06 1.32296e+06 1.39666e+06 1.41128e+06 1.4281e+06 1.33518e+06 1.37563e+06 1.4134e+06 1.40089e+06 
21 978018 1.10366e+06 1.08324e+06 1.11263e+06 1.00028e+06 1.06682e+06 1.11032e+06 1.10118e+06 1.04935e+06 1.09353e+06 1.1092e+06 1.10192e+06 981286 1.09473e+06 1.09193e+06 1.08527e+06 1.03082e+06 1.05856e+06 1.10599e+06 1.10508e+06 993242 1.07806e+06 1.08521e+06 1.09123e+06 
22 1.21458e+06 1.31736e+06 1.31318e+06 1.3264e+06 1.21168e+06 1.31981e+06 1.32542e+06 1.32343e+06 1.23998e+06 1.33178e+06 1.31489e+06 1.31316e+06 1.21623e+06 1.31822e+06 1.31124e+06 1.33441e+06 1.21844e+06 1.31206e+06 1.32815e+06 1.32871e+06 1.24056e+06 1.30898e+06 1.30099e+06 1.31763e+06 
23 1.20078e+06 1.23887e+06 1.29045e+06 1.27436e+06 1.16346e+06 1.25577e+06 1.26066e+06 1.23246e+06 1.1323e+06 1.2417e+06 1.29871e+06 1.28163e+06 1.16749e+06 1.2215e+06 1.25059e+06 1.27668e+06 1.14111e+06 1.24762e+06 1.26946e+06 1.29011e+06 1.1624e+06 1.25511e+06 1.2892e+06 1.2465e+06 
24 1.07776e+06 1.14348e+06 1.15374e+06 1.15386e+06 1.08211e+06 1.10868e+06 1.15161e+06 1.12247e+06 1.09421e+06 1.1577e+06 1.16855e+06 1.16331e+06 1.06931e+06 1.15403e+06 1.15407e+06 1.12954e+06 1.0616e+06 1.11985e+06 1.14622e+06 1.16738e+06 1.03326e+06 1.12894e+06 1.14609e+06 1.14237e+06 
25 1.19683e+06 1.24911e+06 1.27121e+06 1.27121e+06 1.19013e+06 1.27197e+06 1.28856e+06 1.24291e+06 1.17401e+06 1.25468e+06 1.28022e+06 1.28179e+06 1.14574e+06 1.25228e+06 1.27057e+06 1.27556e+06 1.19128e+06 1.2691e+06 1.28022e+06 1.28022e+06 1.14015e+06 1.2576e+06 1.27435e+06 1.27708e+06 
26 1.27604e+06 1.33769e+06 1.39715e+06 1.40932e+06 1.23794e+06 1.34838e+06 1.37479e+06 1.39369e+06 1.24519e+06 1.33428e+06 1.35763e+06 1.37123e+06 1.26494e+06 1.36289e+06 1.38636e+06 1.34895e+06 1.28456e+06 1.33969e+06 1.37341e+06 1.38719e+06 1.25347e+06 1.35994e+06 1.33313e+06 1.37748e+06 
27 1.18583e+06 1.24494e+06 1.2798e+06 1.29337e+06 1.16381e+06 1.27229e+06 1.26737e+06 1.27473e+06 1.20035e+06 1.26467e+06 1.25477e+06 1.29106e+06 1.15999e+06 1.25639e+06 1.26951e+06 1.2702e+06 1.17568e+06 1.26032e+06 1.26534e+06 1.292e+06 1.15524e+06 1.25662e+06 1.24956e+06 1.2768e+06 
28 1.33703e+06 1.40699e+06 1.46124e+06 1.43158e+06 1.26092e+06 1.41418e+06 1.4607e+06 1.44216e+06 1.33298e+06 1.44104e+06 1.45999e+06 1.45279e+06 1.32134e+06 1.44099e+06 1.44171e+06 1.42729e+06 1.32248e+06 1.3918e+06 1.44424e+06 1.47255e+06 1.31834e+06 1.4205e+06 1.42233e+06 1.43858e+06 
29 1.15347e+06 1.17382e+06 1.2185e+06 1.25229e+06 1.11125e+06 1.229e+06 1.22993e+06 1.25186e+06 1.17223e+06 1.13765e+06 1.17329e+06 1.24162e+06 1.14503e+06 1.19177e+06 1.21896e+06 1.22983e+06 1.09358e+06 1.25264e+06 1.2137e+06 1.26456e+06 1.14845e+06 1.21451e+06 1.24003e+06 1.23017e+06 
30 1.2733e+06 1.32895e+06 1.32895e+06 1.32895e+06 1.22952e+06 1.32515e+06 1.35707e+06 1.36118e+06 1.24612e+06 1.36161e+06 1.32895e+06 1.32895e+06 1.21815e+06 1.36021e+06 1.32895e+06 1.3744e+06 1.24092e+06 1.32895e+06 1.32895e+06 1.36021e+06 1.22693e+06 1.33502e+06 1.32895e+06 1.32895e+06 
31 1.00447e+06 1.04472e+06 1.00538e+06 1.04647e+06 999807 1.00538e+06 1.04114e+06 1.04339e+06 990288 1.05305e+06 1.03298e+06 1.00538e+06 966950 1.04311e+06 1.00538e+06 1.01886e+06 1.00322e+06 1.03501e+06 1.05276e+06 1.00538e+06 978685 1.01886e+06 1.03773e+06 1.00538e+06 
32 1.10308e+06 1.12696e+06 1.15397e+06 1.12352e+06 1.06199e+06 1.11032e+06 1.1133e+06 1.1133e+06 1.06997e+06 1.1133e+06 1.1149e+06 1.1133e+06 1.05714e+06 1.1217e+06 1.11925e+06 1.13976e+06 1.04577e+06 1.12848e+06 1.1133e+06 1.12782e+06 1.04315e+06 1.09978e+06 1.09485e+06 1.12312e+06 
33 1.14386e+06 1.14085e+06 1.14386e+06 1.17011e+06 1.10534e+06 1.14386e+06 1.17011e+06 1.15023e+06 1.11805e+06 1.14386e+06 1.16196e+06 1.14386e+06 1.10848e+06 1.14386e+06 1.16626e+06 1.15023e+06 1.12176e+06 1.14386e+06 1.15023e+06 1.16626e+06 1.07499e+06 1.14694e+06 1.14386e+06 1.16626e+06 
34 1.10679e+06 1.15837e+06 1.18185e+06 1.16834e+06 1.10006e+06 1.12364e+06 1.16339e+06 1.16345e+06 1.11207e+06 1.19787e+06 1.14807e+06 1.15309e+06 1.08731e+06 1.15241e+06 1.16378e+06 1.16997e+06 1.08964e+06 1.14137e+06 1.18329e+06 1.1711e+06 1.08621e+06 1.15788e+06 1.14322e+06 1.18422e+06 
35 1.20093e+06 1.2973e+06 1.28434e+06 1.26584e+06 1.22351e+06 1.2518e+06 1.25728e+06 1.26934e+06 1.20633e+06 1.2598e+06 1.2852e+06 1.2761e+06 1.20008e+06 1.23534e+06 1.26902e+06 1.24534e+06 1.16817e+06 1.25546e+06 1.27161e+06 1.258e+06 1.18749e+06 1.25694e+06 1.25905e+06 1.2644e+06 
36 1.13416e+06 1.1917e+06 1.23111e+06 1.1917e+06 1.10586e+06 1.17556e+06 1.1917e+06 1.23599e+06 1.13707e+06 1.22415e+06 1.1921e+06 1.21826e+06 1.12862e+06 1.18407e+06 1.20082e+06 1.20082e+06 1.1237e+06 1.16978e+06 1.23133e+06 1.23526e+06 1.12259e+06 1.19441e+06 1.1917e+06 1.1917e+06 
37 1.23652e+06 1.2695e+06 1.2695e+06 1.28861e+06 1.23999e+06 1.28861e+06 1.32153e+06 1.32533e+06 1.24076e+06 1.28861e+06 1.28861e+06 1.32989e+06 1.23091e+06 1.29632e+06 1.28678e+06 1.30987e+06 1.23538e+06 1.2695e+06 1.2695e+06 1.29488e+06 1.22329e+06 1.2695e+06 1.27789e+06 1.31574e+06 
38 1.35074e+06 1.44236e+06 1.45534e+06 1.44503e+06 1.29488e+06 1.42117e+06 1.44195e+06 1.44815e+06 1.32536e+06 1.38886e+06 1.44606e+06 1.44995e+06 1.33059e+06 1.41643e+06 1.40958e+06 1.43623e+06 1.32748e+06 1.42355e+06 1.45022e+06 1.46332e+06 1.29685e+06 1.41578e+06 1.43947e+06 1.40358e+06 
39 1.16727e+06 1.24739e+06 1.24097e+06 1.25429e+06 1.14839e+06 1.23943e+06 1.22044e+06 1.20966e+06 1.14986e+06 1.23081e+06 1.24395e+06 1.23916e+06 1.14087e+06 1.2146e+06 1.23206e+06 1.19187e+06 1.16204e+06 1.24341e+06 1.25091e+06 1.24904e+06 1.14216e+06 1.20553e+06 1.22723e+06 1.21036e+06 
40 1.05911e+06 1.05291e+06 1.12455e+06 1.05291e+06 1.0469e+06 1.12271e+06 1.12599e+06 1.13152e+06 1.07332e+06 1.05291e+06 1.05291e+06 1.05291e+06 1.04919e+06 1.12449e+06 1.13741e+06 1.1226e+06 1.04596e+06 1.12526e+06 1.12664e+06 1.1277e+06 1.05145e+06 1.11854e+06 1.09666e+06 1.05291e+06 
41 1.19761e+06 1.2502e+06 1.30011e+06 1.28355e+06 1.18741e+06 1.2763e+06 1.29861e+06 1.28274e+06 1.19496e+06 1.26507e+06 1.30131e+06 1.28971e+06 1.15769e+06 1.27175e+06 1.28024e+06 1.25802e+06 1.1829e+06 1.28586e+06 1.29914e+06 1.28293e+06 1.15637e+06 1.26418e+06 1.29054e+06 1.28026e+06 
42 1.19994e+06 1.27659e+06 1.28384e+06 1.32497e+06 1.21268e+06 1.24385e+06 1.24385e+06 1.30821e+06 1.20365e+06 1.29417e+06 1.24385e+06 1.29528e+06 1.22151e+06 1.29538e+06 1.24385e+06 1.30038e+06 1.2075e+06 1.24385e+06 1.29586e+06 1.30942e+06 1.15905e+06 1.23727e+06 1.29417e+06 1.24385e+06 
43 1.22467e+06 1.3e+06 1.26657e+06 1.33838e+06 1.2366e+06 1.31778e+06 1.26657e+06 1.33798e+06 1.21376e+06 1.28029e+06 1.26657e+06 1.30296e+06 1.2302e+06 1.29333e+06 1.29358e+06 1.3078e+06 1.1858e+06 1.30411e+06 1.32569e+06 1.26657e+06 1.1987e+06 1.30651e+06 1.28238e+06 1.31453e+06 
44 1.15514e+06 1.20105e+06 1.22472e+06 1.2255e+06 1.11587e+06 1.23286e+06 1.22654e+06 1.24114e+06 1.1072e+06 1.21059e+06 1.22848e+06 1.26426e+06 1.13087e+06 1.21455e+06 1.23504e+06 1.24926e+06 1.14527e+06 1.23757e+06 1.27569e+06 1.2504e+06 1.11409e+06 1.23393e+06 1.23127e+06 1.22986e+06 
45 1.19836e+06 1.31596e+06 1.28144e+06 1.2824e+06 1.22631e+06 1.2824e+06 1.31231e+06 1.30873e+06 1.19486e+06 1.31011e+06 1.3242e+06 1.2824e+06 1.23151e+06 1.2824e+06 1.3127e+06 1.29152e+06 1.20091e+06 1.30945e+06 1.33445e+06 1.2824e+06 1.20236e+06 1.31757e+06 1.2824e+06 1.31813e+06 
46 1.09742e+06 1.14521e+06 1.13782e+06 1.15211e+06 1.02253e+06 1.13755e+06 1.12878e+06 1.11296e+06 1.09743e+06 1.13929e+06 1.11629e+06 1.14047e+06 1.07169e+06 1.10127e+06 1.10848e+06 1.13743e+06 1.06714e+06 1.11297e+06 1.13494e+06 1.1275e+06 1.06204e+06 1.10167e+06 1.11595e+06 1.13372e+06 
47 979068 994299 1.00373e+06 1.0237e+06 976276 1.00761e+06 996318 1.01248e+06 967879 982168 1.02872e+06 1.01751e+06 944347 974715 1.01605e+06 1.01944e+06 973638 1.0072e+06 1.01294e+06 993404 954445 990696 973828 1.00902e+06 
48 1.1809e+06 1.21803e+06 1.22576e+06 1.24064e+06 1.18427e+06 1.21405e+06 1.22124e+06 1.22497e+06 1.17915e+06 1.22686e+06 1.22068e+06 1.22418e+06 1.14504e+06 1.20039e+06 1.21888e+06 1.21867e+06 1.17518e+06 1.22521e+06 1.20503e+06 1.19471e+06 1.176e+06 1.21683e+06 1.19998e+06 1.21833e+06 
49 1.07534e+06 1.07565e+06 1.11114e+06 1.12667e+06 1.04705e+06 1.06044e+06 1.13361e+06 1.10122e+06 1.06102e+06 1.0803e+06 1.09733e+06 1.12435e+06 1.0632e+06 1.09592e+06 1.09125e+06 1.09326e+06 1.06337e+06 1.08326e+06 1.1021e+06 1.05953e+06 1.0543e+06 1.06535e+06 1.09602e+06 1.10585e+06 
50 1.06307e+06 1.08182e+06 1.08598e+06 1.08771e+06 1.02817e+06 1.08201e+06 1.06925e+06 1.10272e+06 1.04591e+06 1.06347e+06 1.08653e+06 1.0664e+06 1.04097e+06 1.07509e+06 1.07564e+06 1.0902e+06 1.03491e+06 1.05806e+06 1.10468e+06 1.10757e+06 1.03051e+06 1.05794e+06 1.07243e+06 1.07671e+06 
51 1.1045e+06 1.14986e+06 1.17327e+06 1.20884e+06 1.09961e+06 1.16929e+06 1.15891e+06 1.1991e+06 1.07907e+06 1.13497e+06 1.16894e+06 1.18805e+06 1.10177e+06 1.1446e+06 1.15388e+06 1.16996e+06 1.12443e+06 1.16359e+06 1.18524e+06 1.15975e+06 1.08718e+06 1.15901e+06 1.16742e+06 1.14547e+06 
52 1.06801e+06 1.11321e+06 1.13435e+06 1.13935e+06 1.06388e+06 1.12156e+06 1.13935e+06 1.15696e+06 1.07193e+06 1.14411e+06 1.13935e+06 1.1382e+06 1.07965e+06 1.11581e+06 1.11879e+06 1.12156e+06 1.07671e+06 1.13923e+06 1.13935e+06 1.13935e+06 1.07832e+06 1.11879e+06 1.12557e+06 1.12482e+06 
53 1.17144e+06 1.20404e+06 1.19151e+06 1.2618e+06 1.12403e+06 1.19127e+06 1.21858e+06 1.20593e+06 1.16577e+06 1.23005e+06 1.19127e+06 1.22854e+06 1.15357e+06 1.20184e+06 1.18648e+06 1.22987e+06 1.15419e+06 1.2032e+06 1.22537e+06 1.19151e+06 1.13772e+06 1.19127e+06 1.18748e+06 1.19151e+06 
54 1.11007e+06 1.15178e+06 1.16121e+06 1.1443e+06 1.09466e+06 1.10711e+06 1.17376e+06 1.14582e+06 1.10995e+06 1.16613e+06 1.1443e+06 1.1443e+06 1.11149e+06 1.14582e+06 1.1628e+06 1.1443e+06 1.10635e+06 1.1443e+06 1.1608e+06 1.14582e+06 1.0632e+06 1.14591e+06 1.15015e+06 1.1443e+06 
55 1.13807e+06 1.18068e+06 1.20566e+06 1.19693e+06 1.11314e+06 1.16241e+06 1.17792e+06 1.18014e+06 1.11831e+06 1.17053e+06 1.1918e+06 1.19615e+06 1.10585e+06 1.18111e+06 1.18218e+06 1.19693e+06 1.13909e+06 1.1668e+06 1.20506e+06 1.20366e+06 1.11363e+06 1.18462e+06 1.20366e+06 1.18181e+06 
56 1.05937e+06 1.10951e+06 1.13546e+06 1.10874e+06 1.03595e+06 1.12383e+06 1.12472e+06 1.10908e+06 998997 1.08439e+06 1.11519e+06 1.13118e+06 1.05441e+06 1.11519e+06 1.12266e+06 1.12472e+06 1.04716e+06 1.11519e+06 1.11411e+06 1.12472e+06 1.02871e+06 1.1121e+06 1.12472e+06 1.12029e+06 
57 970261 1.02445e+06 1.01619e+06 1.02082e+06 924760 941721 1.01027e+06 1.02848e+06 954640 999668 996705 1.01084e+06 913971 999751 1.00652e+06 1.01084e+06 951591 991062 1.02676e+06 1.02092e+06 960370 987799 1.00354e+06 990155 
58 1.14277e+06 1.14644e+06 1.20827e+06 1.2014e+06 1.10836e+06 1.17957e+06 1.20321e+06 1.21918e+06 1.12135e+06 1.17139e+06 1.1933e+06 1.18635e+06 1.06878e+06 1.17918e+06 1.20228e+06 1.20193e+06 1.11121e+06 1.1805e+06 1.19531e+06 1.16889e+06 1.11534e+06 1.18326e+06 1.19188e+06 1.1713e+06 
59 1.12767e+06 1.17597e+06 1.13841e+06 1.19306e+06 1.08163e+06 1.1479e+06 1.15652e+06 1.14838e+06 1.09963e+06 1.17977e+06 1.1831e+06 1.1629e+06 1.0844e+06 1.16091e+06 1.17837e+06 1.1997e+06 1.07314e+06 1.15062e+06 1.16762e+06 1.18634e+06 1.08716e+06 1.14159e+06 1.17937e+06 1.17937e+06 
60 1.12926e+06 1.23967e+06 1.24339e+06 1.24187e+06 1.10526e+06 1.22774e+06 1.24518e+06 1.2292e+06 1.17671e+06 1.22938e+06 1.22037e+06 1.25968e+06 1.12267e+06 1.21663e+06 1.20963e+06 1.21306e+06 1.14964e+06 1.22655e+06 1.22231e+06 1.24192e+06 1.13885e+06 1.20952e+06 1.21473e+06 1.2398e+06 
