1 1.37624e+06 1.48262e+06 1.49194e+06 1.5057e+06 1.39651e+06 1.44259e+06 1.5082e+06 1.48794e+06 1.34392e+06 1.4733e+06 1.48897e+06 1.50384e+06 1.38556e+06 1.46823e+06 1.46088e+06 1.485e+06 1.38366e+06 1.44351e+06 1.49602e+06 1.48375e+06 1.38025e+06 1.44352e+06 1.47245e+06 1.46612e+06 
2 1.14814e+06 1.22699e+06 1.25088e+06 1.22375e+06 1.11431e+06 1.20124e+06 1.19925e+06 1.23272e+06 1.13027e+06 1.20666e+06 1.21192e+06 1.23513e+06 1.10183e+06 1.18668e+06 1.22117e+06 1.20724e+06 1.1328e+06 1.18886e+06 1.22647e+06 1.2305e+06 1.10855e+06 1.18344e+06 1.21061e+06 1.23099e+06 
3 1.34466e+06 1.42618e+06 1.46174e+06 1.46263e+06 1.32658e+06 1.45135e+06 1.44483e+06 1.46879e+06 1.32386e+06 1.44542e+06 1.4507e+06 1.44189e+06 1.36287e+06 1.45339e+06 1.46756e+06 1.46244e+06 1.33755e+06 1.44211e+06 1.46274e+06 1.44342e+06 1.30929e+06 1.45142e+06 1.44397e+06 1.46144e+06 
4 1.12023e+06 1.20036e+06 1.22695e+06 1.20414e+06 1.10564e+06 1.15971e+06 1.18941e+06 1.20485e+06 1.08508e+06 1.15551e+06 1.19457e+06 1.19815e+06 1.08639e+06 1.17775e+06 1.20677e+06 1.20515e+06 1.09765e+06 1.19917e+06 1.20753e+06 1.19377e+06 1.07903e+06 1.18556e+06 1.19787e+06 1.18176e+06 
5 1.28123e+06 1.3474e+06 1.32724e+06 1.33258e+06 1.2383e+06 1.31052e+06 1.31192e+06 1.33053e+06 1.25804e+06 1.31476e+06 1.32565e+06 1.34024e+06 1.19436e+06 1.30977e+06 1.33761e+06 1.31175e+06 1.26542e+06 1.30906e+06 1.31896e+06 1.32983e+06 1.23314e+06 1.31495e+06 1.31305e+06 1.32658e+06 
6 1.3463e+06 1.40403e+06 1.45522e+06 1.44586e+06 1.3038e+06 1.40197e+06 1.43159e+06 1.43116e+06 1.33862e+06 1.42155e+06 1.42588e+06 1.41034e+06 1.30938e+06 1.42657e+06 1.43288e+06 1.43692e+06 1.35217e+06 1.39369e+06 1.43232e+06 1.42405e+06 1.32198e+06 1.40699e+06 1.44176e+06 1.44468e+06 
7 1.30245e+06 1.39931e+06 1.43113e+06 1.42018e+06 1.31005e+06 1.38672e+06 1.41715e+06 1.41008e+06 1.32834e+06 1.38133e+06 1.40974e+06 1.4276e+06 1.31006e+06 1.36299e+06 1.40379e+06 1.44004e+06 1.2941e+06 1.40827e+06 1.40025e+06 1.42234e+06 1.29789e+06 1.39256e+06 1.40778e+06 1.41259e+06 
8 1.41381e+06 1.56708e+06 1.56654e+06 1.56113e+06 1.40926e+06 1.54492e+06 1.55311e+06 1.56751e+06 1.41571e+06 1.54482e+06 1.56103e+06 1.56158e+06 1.42697e+06 1.5275e+06 1.53574e+06 1.5429e+06 1.45762e+06 1.5566e+06 1.5302e+06 1.54879e+06 1.37297e+06 1.51632e+06 1.54482e+06 1.55587e+06 
9 1.43597e+06 1.51428e+06 1.52374e+06 1.55332e+06 1.41184e+06 1.51064e+06 1.53445e+06 1.5296e+06 1.39642e+06 1.51779e+06 1.53019e+06 1.52386e+06 1.40103e+06 1.50138e+06 1.48703e+06 1.51722e+06 1.40889e+06 1.51259e+06 1.53485e+06 1.55048e+06 1.3785e+06 1.46639e+06 1.52407e+06 1.53152e+06 
10 1.3593e+06 1.42731e+06 1.44395e+06 1.45175e+06 1.31577e+06 1.43309e+06 1.43981e+06 1.4617e+06 1.33926e+06 1.42974e+06 1.44857e+06 1.46663e+06 1.32217e+06 1.44925e+06 1.44354e+06 1.46321e+06 1.31645e+06 1.43248e+06 1.44787e+06 1.45178e+06 1.30012e+06 1.41302e+06 1.39239e+06 1.41703e+06 
11 1.21718e+06 1.28681e+06 1.30894e+06 1.2989e+06 1.18672e+06 1.26894e+06 1.29153e+06 1.25979e+06 1.17286e+06 1.27637e+06 1.30383e+06 1.28014e+06 1.19209e+06 1.28627e+06 1.28741e+06 1.25692e+06 1.21142e+06 1.27583e+06 1.29694e+06 1.28014e+06 1.17644e+06 1.28136e+06 1.29434e+06 1.28987e+06 
12 1.39513e+06 1.40177e+06 1.41627e+06 1.42689e+06 1.28553e+06 1.38811e+06 1.39068e+06 1.42765e+06 1.28505e+06 1.39626e+06 1.4009e+06 1.41886e+06 1.25925e+06 1.37801e+06 1.39635e+06 1.38543e+06 1.27127e+06 1.37414e+06 1.42157e+06 1.42528e+06 1.25841e+06 1.38298e+06 1.40119e+06 1.40727e+06 
13 1.40538e+06 1.43661e+06 1.47713e+06 1.47584e+06 1.36565e+06 1.47448e+06 1.4777e+06 1.45606e+06 1.4227e+06 1.47452e+06 1.47247e+06 1.49586e+06 1.38824e+06 1.44778e+06 1.46081e+06 1.48749e+06 1.35715e+06 1.47885e+06 1.49351e+06 1.48672e+06 1.36271e+06 1.47084e+06 1.47977e+06 1.47624e+06 
14 1.29541e+06 1.36587e+06 1.34458e+06 1.36697e+06 1.26278e+06 1.35401e+06 1.37453e+06 1.35859e+06 1.27546e+06 1.34103e+06 1.3743e+06 1.36709e+06 1.25717e+06 1.32448e+06 1.34684e+06 1.33483e+06 1.27241e+06 1.33603e+06 1.36675e+06 1.34254e+06 1.26204e+06 1.33787e+06 1.36284e+06 1.36173e+06 
15 1.12831e+06 1.24812e+06 1.25089e+06 1.25958e+06 1.11597e+06 1.17816e+06 1.2586e+06 1.25011e+06 1.15837e+06 1.19914e+06 1.23509e+06 1.26706e+06 1.13034e+06 1.2387e+06 1.23054e+06 1.23578e+06 1.13827e+06 1.23384e+06 1.21459e+06 1.26664e+06 1.11245e+06 1.21468e+06 1.24493e+06 1.22893e+06 
16 1.14449e+06 1.2312e+06 1.25946e+06 1.26294e+06 1.13511e+06 1.18388e+06 1.23421e+06 1.25596e+06 1.15547e+06 1.21452e+06 1.23211e+06 1.21421e+06 1.12643e+06 1.21456e+06 1.22826e+06 1.19753e+06 1.15599e+06 1.23602e+06 1.21499e+06 1.18078e+06 1.13102e+06 1.21045e+06 1.23888e+06 1.2131e+06 
17 1.20051e+06 1.34136e+06 1.34532e+06 1.32496e+06 1.24052e+06 1.32361e+06 1.3277e+06 1.34313e+06 1.21995e+06 1.32161e+06 1.32602e+06 1.33715e+06 1.21153e+06 1.30456e+06 1.33108e+06 1.33362e+06 1.24875e+06 1.31437e+06 1.35623e+06 1.29833e+06 1.2211e+06 1.31445e+06 1.28336e+06 1.31993e+06 
18 1.07079e+06 1.14165e+06 1.12592e+06 1.13219e+06 1.04433e+06 1.11595e+06 1.13219e+06 1.1337e+06 1.06417e+06 1.10397e+06 1.14614e+06 1.14778e+06 1.05012e+06 1.06705e+06 1.12408e+06 1.1206e+06 1.046e+06 1.11957e+06 1.12162e+06 1.08536e+06 1.02307e+06 1.08249e+06 1.11222e+06 1.10066e+06 
19 1.27258e+06 1.36922e+06 1.38808e+06 1.36408e+06 1.2873e+06 1.28588e+06 1.35204e+06 1.38835e+06 1.26936e+06 1.34916e+06 1.38451e+06 1.36721e+06 1.25623e+06 1.33408e+06 1.35616e+06 1.352e+06 1.26005e+06 1.34788e+06 1.37816e+06 1.32996e+06 1.26036e+06 1.34376e+06 1.34324e+06 1.33936e+06 
20 1.35695e+06 1.41913e+06 1.43346e+06 1.42322e+06 1.29894e+06 1.40163e+06 1.40356e+06 1.41957e+06 1.3267e+06 1.4213e+06 1.41543e+06 1.42323e+06 1.30331e+06 1.38565e+06 1.40307e+06 1.40958e+06 1.31038e+06 1.40163e+06 1.40278e+06 1.41905e+06 1.32987e+06 1.38456e+06 1.4136e+06 1.39997e+06 
21 1.03331e+06 1.09769e+06 1.12266e+06 1.12108e+06 1.02354e+06 1.05802e+06 1.09396e+06 1.09404e+06 974324 1.09825e+06 1.03921e+06 1.06617e+06 992677 1.0869e+06 1.08293e+06 1.10774e+06 1.02961e+06 1.06671e+06 1.10762e+06 1.08574e+06 1.01166e+06 1.08632e+06 1.08053e+06 1.10284e+06 
22 1.22636e+06 1.3263e+06 1.35428e+06 1.3267e+06 1.18506e+06 1.3132e+06 1.32087e+06 1.31517e+06 1.23755e+06 1.33951e+06 1.30231e+06 1.34191e+06 1.23215e+06 1.32075e+06 1.32658e+06 1.33297e+06 1.24734e+06 1.31895e+06 1.31546e+06 1.31883e+06 1.20701e+06 1.29826e+06 1.31894e+06 1.3153e+06 
23 1.17911e+06 1.26391e+06 1.27675e+06 1.28379e+06 1.15054e+06 1.27679e+06 1.27884e+06 1.27933e+06 1.1835e+06 1.25075e+06 1.27882e+06 1.30726e+06 1.14711e+06 1.25708e+06 1.26679e+06 1.25116e+06 1.1773e+06 1.27211e+06 1.30558e+06 1.28966e+06 1.15706e+06 1.25821e+06 1.25586e+06 1.27215e+06 
24 1.10523e+06 1.19103e+06 1.17378e+06 1.16682e+06 1.05401e+06 1.14178e+06 1.15956e+06 1.15023e+06 1.09908e+06 1.16025e+06 1.1688e+06 1.15143e+06 1.08456e+06 1.13474e+06 1.1405e+06 1.10935e+06 1.06683e+06 1.14085e+06 1.16276e+06 1.16487e+06 1.08641e+06 1.13654e+06 1.15112e+06 1.16121e+06 
25 1.17284e+06 1.26256e+06 1.28856e+06 1.28022e+06 1.14755e+06 1.26353e+06 1.27135e+06 1.27743e+06 1.20863e+06 1.24247e+06 1.28022e+06 1.27969e+06 1.18217e+06 1.27285e+06 1.24313e+06 1.27183e+06 1.19734e+06 1.26692e+06 1.28856e+06 1.28022e+06 1.1908e+06 1.23628e+06 1.27764e+06 1.27976e+06 
26 1.26685e+06 1.36922e+06 1.37847e+06 1.40407e+06 1.26539e+06 1.36539e+06 1.38363e+06 1.37304e+06 1.26741e+06 1.3265e+06 1.41351e+06 1.41785e+06 1.22236e+06 1.34049e+06 1.32783e+06 1.37756e+06 1.27413e+06 1.35551e+06 1.3819e+06 1.39867e+06 1.2463e+06 1.37143e+06 1.36756e+06 1.37841e+06 
27 1.15787e+06 1.27122e+06 1.25583e+06 1.27909e+06 1.15457e+06 1.23952e+06 1.2672e+06 1.28245e+06 1.15857e+06 1.26076e+06 1.2748e+06 1.27054e+06 1.15148e+06 1.24719e+06 1.23308e+06 1.26351e+06 1.17478e+06 1.28254e+06 1.27187e+06 1.25275e+06 1.14254e+06 1.2578e+06 1.27764e+06 1.27765e+06 
28 1.32793e+06 1.43548e+06 1.42159e+06 1.42026e+06 1.29511e+06 1.41334e+06 1.45724e+06 1.45459e+06 1.32923e+06 1.4245e+06 1.44842e+06 1.44348e+06 1.3187e+06 1.44225e+06 1.41291e+06 1.43494e+06 1.31215e+06 1.41116e+06 1.42836e+06 1.45163e+06 1.28523e+06 1.41856e+06 1.44654e+06 1.44263e+06 
29 1.15282e+06 1.2223e+06 1.24772e+06 1.22391e+06 1.14302e+06 1.19963e+06 1.22618e+06 1.20448e+06 1.12931e+06 1.17483e+06 1.21591e+06 1.21454e+06 1.13897e+06 1.23048e+06 1.22293e+06 1.22082e+06 1.15631e+06 1.18429e+06 1.23738e+06 1.26176e+06 1.14029e+06 1.20273e+06 1.18538e+06 1.24407e+06 
30 1.26083e+06 1.36021e+06 1.32895e+06 1.32895e+06 1.22748e+06 1.31665e+06 1.32895e+06 1.36021e+06 1.27816e+06 1.3479e+06 1.32895e+06 1.36021e+06 1.21661e+06 1.32232e+06 1.36021e+06 1.32895e+06 1.23928e+06 1.35691e+06 1.32895e+06 1.36822e+06 1.25185e+06 1.32125e+06 1.36849e+06 1.32895e+06 
31 1.00498e+06 1.00538e+06 1.05984e+06 1.05461e+06 1.01081e+06 1.02566e+06 1.03148e+06 1.07391e+06 991891 1.03857e+06 1.06996e+06 1.01886e+06 1.0002e+06 1.01886e+06 1.05725e+06 1.01886e+06 983973 1.04362e+06 1.05508e+06 1.00538e+06 987991 1.03459e+06 1.00538e+06 1.04382e+06 
32 1.07413e+06 1.13398e+06 1.11915e+06 1.1133e+06 1.05612e+06 1.10641e+06 1.13615e+06 1.1598e+06 1.08497e+06 1.11266e+06 1.11246e+06 1.11207e+06 1.06538e+06 1.11715e+06 1.11139e+06 1.1133e+06 1.08635e+06 1.1133e+06 1.1198e+06 1.1152e+06 1.05585e+06 1.10855e+06 1.11374e+06 1.11201e+06 
33 1.1184e+06 1.14386e+06 1.14386e+06 1.14386e+06 1.09603e+06 1.15023e+06 1.16196e+06 1.14386e+06 1.10365e+06 1.14386e+06 1.14655e+06 1.14386e+06 1.10492e+06 1.16196e+06 1.16196e+06 1.16196e+06 1.1169e+06 1.17011e+06 1.14386e+06 1.15023e+06 1.10214e+06 1.16464e+06 1.15023e+06 1.17011e+06 
34 1.12476e+06 1.15837e+06 1.17148e+06 1.17459e+06 1.09501e+06 1.10758e+06 1.16043e+06 1.18647e+06 1.12829e+06 1.161e+06 1.15514e+06 1.17573e+06 1.08895e+06 1.16296e+06 1.17412e+06 1.15837e+06 1.10555e+06 1.12313e+06 1.15028e+06 1.15837e+06 1.06319e+06 1.1556e+06 1.14231e+06 1.18017e+06 
35 1.23266e+06 1.27062e+06 1.28985e+06 1.25913e+06 1.19811e+06 1.24223e+06 1.2663e+06 1.26918e+06 1.2204e+06 1.27105e+06 1.27094e+06 1.2792e+06 1.19953e+06 1.23531e+06 1.27445e+06 1.24887e+06 1.1983e+06 1.2651e+06 1.27591e+06 1.27797e+06 1.20661e+06 1.24199e+06 1.24464e+06 1.2708e+06 
36 1.1337e+06 1.19548e+06 1.20082e+06 1.22492e+06 1.13898e+06 1.1917e+06 1.1917e+06 1.21124e+06 1.14774e+06 1.20082e+06 1.1917e+06 1.1917e+06 1.11928e+06 1.1917e+06 1.22333e+06 1.22372e+06 1.12857e+06 1.20082e+06 1.21656e+06 1.2171e+06 1.11914e+06 1.1886e+06 1.20475e+06 1.19585e+06 
37 1.19381e+06 1.28861e+06 1.28861e+06 1.2695e+06 1.23173e+06 1.2695e+06 1.3352e+06 1.30003e+06 1.2526e+06 1.2695e+06 1.33491e+06 1.2695e+06 1.21529e+06 1.29735e+06 1.2695e+06 1.2695e+06 1.24587e+06 1.25314e+06 1.28861e+06 1.31447e+06 1.24338e+06 1.28861e+06 1.2695e+06 1.32136e+06 
38 1.33586e+06 1.43782e+06 1.45515e+06 1.42055e+06 1.34114e+06 1.41956e+06 1.42189e+06 1.45765e+06 1.31313e+06 1.4459e+06 1.44266e+06 1.4328e+06 1.31945e+06 1.41e+06 1.44705e+06 1.44423e+06 1.34876e+06 1.42671e+06 1.44109e+06 1.42185e+06 1.32488e+06 1.40447e+06 1.42738e+06 1.4199e+06 
39 1.1678e+06 1.24223e+06 1.21973e+06 1.26395e+06 1.14453e+06 1.22064e+06 1.24625e+06 1.2456e+06 1.14881e+06 1.24659e+06 1.25257e+06 1.23645e+06 1.15405e+06 1.22215e+06 1.19952e+06 1.2251e+06 1.16919e+06 1.22159e+06 1.20624e+06 1.25419e+06 1.14453e+06 1.21771e+06 1.20541e+06 1.25285e+06 
40 1.06292e+06 1.10393e+06 1.13405e+06 1.1356e+06 1.05339e+06 1.08344e+06 1.05291e+06 1.12128e+06 1.06032e+06 1.12212e+06 1.05291e+06 1.06989e+06 1.03162e+06 1.05291e+06 1.13169e+06 1.13737e+06 1.07344e+06 1.13015e+06 1.13514e+06 1.13152e+06 1.01645e+06 1.132e+06 1.12932e+06 1.05291e+06 
41 1.16994e+06 1.2594e+06 1.30642e+06 1.2893e+06 1.18545e+06 1.21387e+06 1.2809e+06 1.29241e+06 1.17144e+06 1.26512e+06 1.2744e+06 1.28488e+06 1.10528e+06 1.2575e+06 1.2839e+06 1.28165e+06 1.21815e+06 1.28286e+06 1.25903e+06 1.27138e+06 1.18151e+06 1.2778e+06 1.29022e+06 1.27174e+06 
42 1.23268e+06 1.26459e+06 1.24385e+06 1.23727e+06 1.20327e+06 1.24385e+06 1.3189e+06 1.23727e+06 1.19884e+06 1.23727e+06 1.29417e+06 1.23727e+06 1.22985e+06 1.26501e+06 1.23727e+06 1.31278e+06 1.21495e+06 1.28786e+06 1.30903e+06 1.29417e+06 1.21745e+06 1.23727e+06 1.27686e+06 1.31493e+06 
43 1.21856e+06 1.27696e+06 1.26657e+06 1.32942e+06 1.2404e+06 1.30057e+06 1.3021e+06 1.31394e+06 1.22016e+06 1.2751e+06 1.28699e+06 1.32755e+06 1.20283e+06 1.26372e+06 1.32403e+06 1.32664e+06 1.21835e+06 1.29763e+06 1.28628e+06 1.31961e+06 1.20744e+06 1.27277e+06 1.26657e+06 1.26657e+06 
44 1.14254e+06 1.22492e+06 1.2311e+06 1.26265e+06 1.13605e+06 1.22275e+06 1.20251e+06 1.25442e+06 1.16484e+06 1.23202e+06 1.24957e+06 1.24356e+06 1.07852e+06 1.1962e+06 1.19219e+06 1.25013e+06 1.13822e+06 1.22446e+06 1.23626e+06 1.24758e+06 1.12834e+06 1.24097e+06 1.22372e+06 1.23172e+06 
45 1.21403e+06 1.31209e+06 1.33915e+06 1.2824e+06 1.2189e+06 1.2824e+06 1.2824e+06 1.31442e+06 1.22184e+06 1.26772e+06 1.2824e+06 1.33828e+06 1.19075e+06 1.30094e+06 1.31413e+06 1.31181e+06 1.20222e+06 1.2824e+06 1.2824e+06 1.31864e+06 1.22288e+06 1.2824e+06 1.3235e+06 1.2824e+06 
46 1.09777e+06 1.12957e+06 1.1371e+06 1.12611e+06 1.06477e+06 1.12366e+06 1.13873e+06 1.10808e+06 1.08156e+06 1.13839e+06 1.10005e+06 1.14961e+06 1.08183e+06 1.12512e+06 1.13781e+06 1.12287e+06 1.09378e+06 1.13871e+06 1.14157e+06 1.13214e+06 1.07873e+06 1.12366e+06 1.12296e+06 1.11777e+06 
47 974491 1.01144e+06 1.02159e+06 1.00539e+06 978122 1.0128e+06 987380 1.02152e+06 942816 1.00446e+06 1.00647e+06 1.01097e+06 958218 986940 981300 1.01517e+06 953492 978134 1.00055e+06 1.01275e+06 946433 983697 982037 994500 
48 1.17863e+06 1.23129e+06 1.22331e+06 1.22829e+06 1.15774e+06 1.21846e+06 1.21193e+06 1.20011e+06 1.19104e+06 1.2121e+06 1.2248e+06 1.22333e+06 1.17826e+06 1.21351e+06 1.21375e+06 1.23179e+06 1.18238e+06 1.21349e+06 1.22459e+06 1.22004e+06 1.17336e+06 1.20506e+06 1.21422e+06 1.2208e+06 
49 1.08572e+06 1.11273e+06 1.07432e+06 1.1113e+06 1.04531e+06 1.08114e+06 1.1086e+06 1.10561e+06 1.04724e+06 1.06547e+06 1.11489e+06 1.0814e+06 1.02255e+06 1.0718e+06 1.07693e+06 1.10559e+06 1.03908e+06 1.11581e+06 1.08199e+06 1.10701e+06 1.03918e+06 1.06502e+06 1.08211e+06 1.09435e+06 
50 1.04664e+06 1.07458e+06 1.10429e+06 1.09182e+06 1.03337e+06 1.07534e+06 1.1047e+06 1.10844e+06 1.04248e+06 1.05627e+06 1.08277e+06 1.10946e+06 1.00691e+06 1.07864e+06 1.05852e+06 1.09302e+06 1.02475e+06 1.07947e+06 1.08302e+06 1.07121e+06 1.00207e+06 1.05881e+06 1.08309e+06 1.08627e+06 
51 1.09894e+06 1.16466e+06 1.17669e+06 1.17631e+06 1.09534e+06 1.15591e+06 1.18533e+06 1.15647e+06 1.11486e+06 1.14858e+06 1.15482e+06 1.16062e+06 1.07993e+06 1.15307e+06 1.16206e+06 1.17282e+06 1.12189e+06 1.16803e+06 1.16361e+06 1.15514e+06 1.10374e+06 1.14572e+06 1.16641e+06 1.15918e+06 
52 1.08427e+06 1.13935e+06 1.12714e+06 1.12195e+06 1.05886e+06 1.13581e+06 1.11205e+06 1.14597e+06 1.05573e+06 1.12606e+06 1.15219e+06 1.13935e+06 1.0709e+06 1.1119e+06 1.13801e+06 1.12362e+06 1.03881e+06 1.11879e+06 1.11879e+06 1.11879e+06 1.0393e+06 1.12156e+06 1.1081e+06 1.12516e+06 
53 1.15382e+06 1.21976e+06 1.22905e+06 1.21891e+06 1.16803e+06 1.19151e+06 1.19127e+06 1.2105e+06 1.16434e+06 1.19127e+06 1.19151e+06 1.19127e+06 1.14246e+06 1.18689e+06 1.19953e+06 1.23049e+06 1.14554e+06 1.2124e+06 1.19151e+06 1.23573e+06 1.14835e+06 1.18757e+06 1.19151e+06 1.21368e+06 
54 1.10582e+06 1.14225e+06 1.14582e+06 1.16813e+06 1.09146e+06 1.15793e+06 1.16768e+06 1.16289e+06 1.11978e+06 1.15381e+06 1.14582e+06 1.14582e+06 1.0946e+06 1.1416e+06 1.14582e+06 1.15452e+06 1.04718e+06 1.1443e+06 1.14779e+06 1.17017e+06 1.10338e+06 1.11746e+06 1.16585e+06 1.15772e+06 
55 1.11294e+06 1.17782e+06 1.19515e+06 1.16324e+06 1.09751e+06 1.16702e+06 1.18709e+06 1.19693e+06 1.12291e+06 1.16431e+06 1.17109e+06 1.1887e+06 1.10518e+06 1.19513e+06 1.1915e+06 1.18368e+06 1.12521e+06 1.18007e+06 1.18327e+06 1.1603e+06 1.12095e+06 1.18226e+06 1.17742e+06 1.19574e+06 
56 1.04533e+06 1.11519e+06 1.12472e+06 1.11017e+06 1.05264e+06 1.12472e+06 1.12472e+06 1.11519e+06 1.03727e+06 1.10474e+06 1.12472e+06 1.12472e+06 1.02059e+06 1.11017e+06 1.13524e+06 1.12901e+06 1.03858e+06 1.10908e+06 1.14592e+06 1.11017e+06 1.02166e+06 1.09828e+06 1.12472e+06 1.12472e+06 
57 953505 1.01084e+06 1.02958e+06 1.01084e+06 934973 985794 1.01084e+06 995848 950573 1.02059e+06 1.02419e+06 1.01236e+06 950952 1.01268e+06 1.0018e+06 998606 963630 991610 1.00846e+06 1.01084e+06 922260 977483 1.01372e+06 1.01437e+06 
58 1.13311e+06 1.18649e+06 1.19618e+06 1.19546e+06 1.12852e+06 1.16249e+06 1.19641e+06 1.20891e+06 1.13241e+06 1.17827e+06 1.20257e+06 1.20125e+06 1.09111e+06 1.17042e+06 1.18924e+06 1.18871e+06 1.09597e+06 1.1914e+06 1.19231e+06 1.19179e+06 1.10357e+06 1.18663e+06 1.18805e+06 1.17828e+06 
59 1.06682e+06 1.16514e+06 1.15627e+06 1.17032e+06 1.07616e+06 1.13527e+06 1.15841e+06 1.17926e+06 1.08177e+06 1.14062e+06 1.16574e+06 1.18321e+06 1.0985e+06 1.14702e+06 1.15942e+06 1.18084e+06 1.06105e+06 1.18822e+06 1.16697e+06 1.18725e+06 1.10441e+06 1.13979e+06 1.18595e+06 1.16251e+06 
60 1.16039e+06 1.25628e+06 1.23375e+06 1.23992e+06 1.14549e+06 1.17125e+06 1.21643e+06 1.22289e+06 1.16002e+06 1.20363e+06 1.23381e+06 1.25313e+06 1.12206e+06 1.20481e+06 1.20864e+06 1.21831e+06 1.15331e+06 1.22298e+06 1.22542e+06 1.23526e+06 1.11273e+06 1.20121e+06 1.21746e+06 1.23356e+06 
