10287.8 10287.8 10287.8 0 1 0
9061.3 9061.3 9061.3 0 0 0
10429.9 10429.9 10429.9 0 0 0
10466.4 10466.4 10466.4 0 0 0
6221.1 6221.1 6221.1 1 0 0
6140.1 6140.1 6140.1 0 0 0
9516.6 9516.6 9516.6 0 0 0
10069.8 10069.8 10069.8 0 1 0
8778 8778 8778 0 0 0
7566.2 7566.2 7566.2 0 0 0
5139.1 5139.1 5139.1 0 0 1
8667.4 8667.4 8667.4 0 0 0
9284.2 9284.2 9284.2 0 0 0
8034.7 8034.7 8034.7 0 1 0
9512.6 9512.6 9512.6 0 0 0
7658.5 7658.5 7658.5 0 0 0
6953.5 6953.5 6953.5 0 0 1
6020.5 6020.5 6020.5 0 0 0
6059.4 6059.4 6059.4 0 0 0
5209.7 5209.7 5209.7 0 1 0
7729.6 7729.6 7729.6 0 0 0
8669.7 8669.7 8669.7 0 0 0
7855.9 7855.9 7855.9 0 0 1
10747.4 10747.4 10747.4 0 0 0
8396.2 8396.2 8396.2 0 0 0
6473.8 6473.8 6473.8 0 0 1
9846.8 9846.8 9846.8 0 0 0
6623.3 6623.3 6623.3 0 0 0
7481.8 7481.8 7481.8 0 0 1
8200.1 8200.1 8200.1 0 0 0
8319.2 8319.2 8319.2 0 0 0
8135 8135 8135 0 0 1
7006.1 7006.1 7006.1 0 0 0
10561.9 10561.9 10561.9 0 0 0
9474.1 9474.1 9474.1 0 0 1
7959.6 7959.6 7959.6 0 0 0
10153.4 10153.4 10153.4 0 0 0
7619.4 7619.4 7619.4 0 1 0
6803.9 6803.9 6803.9 0 0 0
5664.4 5664.4 5664.4 0 0 1
7883 7883 7883 0 0 0
9167.3 9167.3 9167.3 0 0 0
9153.9 9153.9 9153.9 0 0 1
6621.9 6621.9 6621.9 0 0 0
8437.4 8437.4 8437.4 0 0 0
7511.4 7511.4 7511.4 0 0 1
7311.3 7311.3 7311.3 0 0 0
5998.2 5998.2 5998.2 0 0 0
8900.1 8900.1 8900.1 0 0 1
6925.3 6880.5 6880.5 0 0 0
9104.2 9104.2 9104.2 0 0 0
9402 9402 9402 0 1 0
6714 6714 6714 0 0 0
10518.3 10518.3 10518.3 0 0 1
7294.2 7294.2 7294.2 0 0 0
9894.5 9894.5 9894.5 0 0 0
9970.6 9970.6 9970.6 0 0 1
11444.9 11444.9 11444.9 0 0 0
9652.5 9652.5 9652.5 0 0 0
11162.4 11162.4 11162.4 0 0 1
8656.4 8656.4 8656.4 0 0 0
11586.4 11586.4 11586.4 0 0 0
10438.3 10438.3 10438.3 0 1 0
8618.2 8618.2 8618.2 0 0 0
11593.9 11593.9 11593.9 0 0 1
8802.6 8802.6 8802.6 0 0 0
8702.7 8702.7 8702.7 0 0 0
9463.6 9415.6 9415.6 1 0 0
11598.3 11598.3 11598.3 0 0 0
5675.3 5675.3 5675.3 0 0 1
10327.8 10304.8 10304.8 0 0 0
8654.5 8654.5 8654.5 0 0 0
5178 5178 5178 1 0 0
10164.9 10164.9 10164.9 0 0 0
5846.6 5846.6 5846.6 0 0 1
10227.9 10227.9 10227.9 0 0 0
5977 5977 5977 0 0 1
7535.7 7535.7 7535.7 0 0 0
7873.9 7873.9 7873.9 0 0 0
9912.4 9912.4 9912.4 1 0 0
8995.8 8995.8 8995.8 0 0 0
6755.5 6755.5 6755.5 0 0 1
10393.4 10393.4 10393.4 0 0 0
8202.1 8202.1 8202.1 0 0 0
9719.9 9719.9 9719.9 1 0 0
6114.7 6114.7 6114.7 0 0 0
8813.4 8813.4 8813.4 1 0 0
6881.7 6881.7 6881.7 0 0 0
8778.8 8778.8 8778.8 0 1 0
8357.5 8357.5 8357.5 0 0 0
6673.1 6673.1 6673.1 0 1 0
8135.6 8135.6 8135.6 0 0 0
7579 7579 7579 0 1 0
6478.4 6478.4 6478.4 0 0 0
12507.5 12507.5 12507.5 0 1 0
8095.2 8095.2 8095.2 0 0 0
8321.4 8321.4 8321.4 0 0 1
7912.7 7912.7 7912.7 0 0 0
6939.9 6939.9 6939.9 0 0 1
8241.4 8241.4 8241.4 0 0 0
8311.5 8311.5 8311.5 0 0 1
8522.9 8522.9 8522.9 0 0 0
9816.1 9816.1 9816.1 0 0 1
7588.1 7588.1 7588.1 0 0 0
9396.3 9396.3 9396.3 0 0 1
11373 11373 11373 0 0 0
10072.4 10072.4 10072.4 0 0 1
13008.2 13008.2 13008.2 0 0 0
7948.1 7948.1 7948.1 0 0 1
9123.4 9123.4 9123.4 0 0 0
9392 9392 9392 0 0 0
9158.5 9158.5 9158.5 1 0 0
12247.7 12247.7 12247.7 0 0 1
10108.4 10108.4 10108.4 0 0 0
7533.4 7533.4 7533.4 0 0 1
8713 8713 8713 0 0 0
7044.9 7044.9 7044.9 0 0 1
11355.3 11355.3 11355.3 0 0 0
9015 9015 9015 0 0 0
10714.5 10714.5 10714.5 1 0 0
7578.5 7578.5 7578.5 0 0 0
8475 8475 8475 0 1 0
7024.2 7024.2 7024.2 0 0 0
10573.5 10573.5 10573.5 0 1 0
6433.4 6433.4 6433.4 0 0 0
8801.4 8801.4 8801.4 1 0 0
10531.9 10531.9 10531.9 0 0 1
11293.1 11293.1 11293.1 0 0 0
11269.5 11269.5 11269.5 0 1 0
8862.6 8862.6 8862.6 0 0 0
9600.4 9600.4 9600.4 1 0 0
9829 9829 9829 0 0 1
9169 9169 9169 0 0 0
9728.1 9728.1 9728.1 0 1 0
11811.1 11811.1 11811.1 0 0 0
7746.2 7746.2 7746.2 1 0 0
7790.5 7790.5 7790.5 0 0 1
9610.5 9610.5 9610.5 0 0 0
4736.3 4736.3 4736.3 0 0 1
8006.3 8006.3 8006.3 0 0 0
10001.6 10001.6 10001.6 1 0 0
8486.9 8486.9 8486.9 0 0 1
8310.6 8310.6 8310.6 0 0 0
7341.1 7341.1 7341.1 0 0 1
8867 8867 8867 0 0 0
8489.3 8489.3 8489.3 0 1 0
6652.9 6652.9 6652.9 0 0 0
7128.9 7128.9 7128.9 1 0 0
8161.8 8161.8 8161.8 0 0 0
9432.4 9432.4 9432.4 1 0 0
8772.1 8772.1 8772.1 0 0 1
8623.2 8623.2 8623.2 0 0 0
7695.7 7695.7 7695.7 1 0 0
10629 10629 10629 0 0 1
8481.8 8481.8 8481.8 0 0 0
12836.5 12836.5 12836.5 0 1 0
9760.2 9760.2 9760.2 0 0 1
8555.3 8555.3 8555.3 0 0 0
9418.9 9418.9 9418.9 0 1 0
10701 10591.4 10591.4 0 0 1
7565 7565 7565 0 0 0
10328.9 10328.9 10328.9 1 0 0
8162.2 8162.2 8162.2 0 1 0
8633.2 8633.2 8633.2 0 0 1
8045.1 8045.1 8045.1 0 0 1
8942.5 8942.5 8942.5 0 0 0
7423.5 7423.5 7423.5 0 1 0
11829.6 11829.6 11829.6 0 0 1
8350.9 8350.9 8350.9 0 0 0
10967.6 10967.6 10967.6 0 1 0
12241.5 12241.5 12241.5 0 0 0
7323.5 7323.5 7323.5 1 0 0
9113.2 9113.2 9113.2 0 0 1
9051.3 9051.3 9051.3 0 0 0
8163.8 8163.8 8163.8 1 0 0
9568.9 9568.9 9568.9 0 1 0
8962.7 8962.7 8962.7 0 0 1
9158.3 9158.3 9158.3 0 0 0
10685.8 10685.8 10685.8 1 0 0
8368.5 8136.5 8136.5 0 1 0
8536.6 8536.6 8536.6 0 0 1
12145.7 12145.7 12145.7 0 0 1
10617.2 10617.2 10617.2 0 0 0
9902.3 9902.3 9902.3 1 0 0
9943 9943 9943 0 1 0
10147 10147 10147 0 0 1
10525.5 10525.5 10525.5 0 0 0
8955.4 8955.4 8955.4 0 1 0
9391.6 9343.6 9343.6 0 0 1
7888.1 7888.1 7888.1 0 0 0
7569.2 7569.2 7569.2 0 1 0
10582 10574 10574 0 0 1
9654.1 9654.1 9654.1 0 0 0
8294.7 8294.7 8294.7 0 1 0
9053.5 9053.5 9053.5 0 0 1
7137.9 7137.9 7137.9 0 0 0
7375.7 7295.7 7295.7 0 1 0
10302.9 10302.9 10302.9 0 0 1
8223.4 8223.4 8223.4 0 0 0
8323.7 8323.7 8323.7 1 0 0
11843.3 11843.3 11843.3 0 0 1
14263 14263 14263 0 0 1
11548.1 11548.1 11548.1 0 0 1
11050.8 11050.8 11050.8 0 0 0
8585.4 8585.4 8585.4 1 0 0
12330.7 12330.7 12330.7 0 0 0
9755.8 9687.2 9687.2 1 0 0
7961.6 7961.6 7961.6 0 1 0
9988.1 9988.1 9988.1 0 0 1
11211 11211 11211 0 0 0
9036.7 9036.7 9036.7 1 0 0
10458.8 10458.8 10458.8 0 1 0
11239.2 11239.2 11239.2 0 0 1
6985.9 6985.9 6985.9 0 0 0
8224.4 8224.4 8224.4 0 1 0
10708.6 10708.6 10708.6 0 0 1
12698.7 12698.7 12698.7 0 0 0
12126.5 12126.5 12126.5 0 1 0
10176.3 10176.3 10176.3 0 0 0
9379.4 9379.4 9379.4 0 1 0
10702.7 10702.7 10702.7 0 0 1
9123.5 9123.5 9123.5 0 0 0
8246.6 8246.6 8246.6 0 1 0
6205.3 6205.3 6205.3 0 0 0
7533.3 7533.3 7533.3 1 0 0
11543.3 11543.3 11543.3 0 1 0
11236 11236 11236 0 1 0
11045.3 11045.3 11045.3 0 1 0
9866.5 9866.5 9866.5 0 0 1
11324.6 11324.6 11324.6 0 0 1
10523.6 10523.6 10523.6 0 0 1
12558 12558 12558 0 0 1
10714.4 10714.4 10714.4 0 0 0
11576 11576 11576 0 1 0
8549.7 8549.7 8549.7 0 0 1
11560.6 11560.6 11560.6 0 0 1
7395.3 7395.3 7395.3 0 0 1
9411.4 9411.4 9411.4 0 0 0
9005.7 9005.7 9005.7 1 0 0
11708.7 11708.7 11708.7 0 1 0
9657.3 9657.3 9657.3 0 1 0
8081.2 8081.2 8081.2 0 0 0
10012.6 10012.6 10012.6 1 0 0
8266.6 8266.6 8266.6 0 1 0
8762 8762 8762 0 1 0
8505.6 8505.6 8505.6 0 0 1
10642.8 10642.8 10642.8 0 0 0
9382.5 9382.5 9382.5 1 0 0
11786.4 11786.4 11786.4 0 1 0
8187.1 8187.1 8187.1 0 0 1
13342.6 13342.6 13342.6 0 0 1
10342.1 10342.1 10342.1 0 0 0
9554.6 9554.6 9554.6 0 1 0
9687.2 9687.2 9687.2 0 0 1
12259.9 12251.9 12251.9 0 0 1
7775.7 7775.7 7775.7 0 0 1
11227.5 11227.5 11227.5 0 0 0
7248.8 7248.8 7248.8 0 1 0
6165.7 6165.7 6165.7 0 1 0
11433.1 11433.1 11433.1 0 1 0
12234 12234 12234 0 0 1
6810.4 6810.4 6810.4 0 0 1
9097.5 9097.5 9097.5 0 0 0
10422.9 10422.9 10422.9 0 1 0
7318.2 7318.2 7318.2 0 0 1
10612.6 10612.6 10612.6 0 0 0
8396 8396 8396 1 0 0
12457.7 12457.7 12457.7 0 1 0
9224.6 9224.6 9224.6 0 0 1
10546.4 10546.4 10546.4 0 0 0
7338.9 7338.9 7338.9 1 0 0
8004.8 8004.8 8004.8 0 0 1
10245.4 10245.4 10245.4 0 0 0
11681.3 11681.3 11681.3 1 0 0
9966.8 9966.8 9966.8 0 1 0
12286.2 12286.2 12286.2 0 0 1
9416.1 9256.1 9256.1 0 0 1
9930.1 9930.1 9930.1 0 0 0
13648.9 13608.9 13608.9 0 1 0
10491.7 10491.7 10491.7 0 0 1
11379.7 11379.7 11379.7 0 0 1
8650.5 8650.5 8650.5 0 0 1
8563.1 8563.1 8563.1 0 0 0
10423.2 10423.2 10423.2 0 1 0
7788.3 7788.3 7788.3 0 0 1
8345.5 8345.5 8345.5 0 0 0
10923.4 10923.4 10923.4 1 0 0
10812 10812 10812 0 1 0
9428.1 9428.1 9428.1 0 0 1
9918.7 9894.7 9894.7 0 0 0
12211.8 12211.8 12211.8 1 0 0
9434 9434 9434 0 0 1
10331 10331 10331 0 0 1
9330.7 9330.7 9330.7 0 0 0
7778.9 7778.9 7778.9 1 0 0
10014.4 10014.4 10014.4 0 1 0
11141.2 11141.2 11141.2 0 0 1
9031.8 9031.8 9031.8 0 0 1
9801.8 9801.8 9801.8 0 0 0
8727.5 8727.5 8727.5 1 0 0
