40_500_0.2 40_800_0.2 40_1000_0.2 40_500_0.3 40_800_0.3 40_1000_0.3 40_500_0.5 40_800_0.5 40_1000_0.5 50_500_0.2 50_800_0.2 50_1000_0.2 50_500_0.3 50_800_0.3 50_1000_0.3 50_500_0.5 50_800_0.5 50_1000_0.5 70_500_0.2 70_800_0.2 70_1000_0.2 70_500_0.3 70_800_0.3 70_1000_0.3 70_500_0.5 70_800_0.5 70_1000_0.5 OVER_1 OVER_2 OVER_3 OVER_4 OVER_5 OVER_6 OVER_7 OVER_8 OVER_9 OVER_10 OVER_11 OVER_12 OVER_13 OVER_14 OVER_15 OVER_16 OVER_17 OVER_18 OVER_19 OVER_20 OVER_21 OVER_22 OVER_23 OVER_24 OVER_25 OVER_26 OVER_27 TIME_1 TIME_2 TIME_3 TIME_4 TIME_5 TIME_6 TIME_7 TIME_8 TIME_9 TIME_10 TIME_11 TIME_12 TIME_13 TIME_14 TIME_15 TIME_16 TIME_17 TIME_18 TIME_19 TIME_20 TIME_21 TIME_22 TIME_23 TIME_24 TIME_25 TIME_26 TIME_27 
323282 316952 328928 321786 333387 316602 334567 318923 326988 333808 371988 336519 336537 333994 322604 313733 333697 307310 315224 313271 314792 351306 322938 321158 326939 314428 314368 0 0 0 0 0 0 0 0 0 0 13 0 0 0 0 0 0 0 0 0 0 31 0 0 0 0 0 0 0 1 0 1 0 1 0 1 0 1 0 1 0 1 0 1 1 0 1 1 0 1 1 1 0 2
328196 322148 336634 312781 343476 316942 319421 324218 306254 359104 317862 322044 334607 326470 387778 314701 333646 363637 335702 299899 337266 334856 322578 317492 323630 295155 298900 11 0 0 0 6 0 0 0 0 1 0 0 0 1 57 0 0 50 0 0 0 0 0 0 0 0 0 0 0 1 0 1 0 0 1 1 0 0 1 0 1 1 0 1 1 0 1 1 0 1 1 1 0 2
374018 345454 335814 350573 335030 350866 307802 354425 325619 339467 380134 348722 340837 361393 343487 411425 418222 329685 375039 341142 322272 361074 351664 358384 341738 441481 364948 0 0 0 0 0 0 0 0 0 0 0 0 0 0 0 56 69 0 25 0 0 0 0 0 0 92 25 0 0 1 0 0 1 0 1 0 1 0 1 0 1 1 0 1 0 1 1 1 0 1 1 0 2 1
413696 373944 348558 376658 369338 363721 357354 352257 339495 356170 479722 373721 356236 342143 350725 334684 338054 350166 339846 353942 358031 375291 339016 357740 351029 361780 338894 31 30 0 0 0 0 0 0 0 0 129 0 0 0 0 0 0 0 6 17 0 0 0 0 0 0 0 0 1 0 0 1 0 1 0 1 0 1 0 1 0 1 0 1 1 0 1 1 1 0 1 1 1 1
338559 303590 403299 342818 317418 328295 339591 321941 320073 322576 328651 325140 351699 317650 308140 320718 301009 316607 348861 338601 326626 307277 329203 318469 300587 357779 324034 0 0 83 18 0 12 0 0 0 4 0 0 0 0 0 0 0 0 22 0 0 0 0 0 0 42 2 0 0 1 0 1 1 0 0 1 0 1 1 0 0 1 1 0 1 0 1 1 1 0 1 1 1 1
457408 394170 374064 399686 361523 381836 378400 382778 362704 395261 370746 371233 354300 389632 349672 418713 359307 358940 377713 389839 376268 368854 368737 373689 355299 365342 399425 50 0 0 0 0 0 0 0 0 0 0 0 0 0 0 36 0 0 0 0 0 0 0 0 0 0 46 0 1 0 1 0 1 0 0 1 0 1 1 0 0 1 1 0 1 0 1 1 1 0 1 1 1 1
383138 394711 401105 392605 383075 387531 378141 392238 396529 384882 407512 384766 389184 402838 389800 400443 389759 370259 420676 419551 426133 412418 388737 387254 367655 363350 389676 0 0 0 0 0 0 0 0 0 0 0 0 0 0 0 0 0 0 7 0 0 0 0 0 0 0 0 0 1 0 0 1 0 1 0 1 0 1 0 1 0 1 0 1 1 0 1 1 0 1 1 1 1 1
312069 318162 348387 320907 320315 343429 397213 304333 391300 326748 326956 333055 316031 320488 320450 327819 319276 403759 325881 336570 304132 360065 336728 327822 298207 309414 315299 0 0 0 0 0 11 75 0 58 0 0 0 0 0 0 0 0 86 0 40 0 36 0 0 0 0 0 0 0 1 0 1 0 1 0 1 0 1 0 1 0 1 0 1 1 0 1 1 1 0 1 1 1 1
406996 365990 365290 373484 374612 359990 352998 376624 354065 432573 383838 386749 367231 372204 342038 345178 355724 360248 360600 365510 373045 364981 386062 368585 353834 344963 361982 37 0 0 0 0 0 0 56 0 64 0 0 0 0 0 0 0 0 0 0 0 0 0 0 0 0 0 0 0 1 0 1 0 1 0 1 0 1 0 1 0 1 0 1 1 0 1 1 0 1 1 1 1 1
373120 345891 365852 377083 379991 384397 358430 373381 341521 374395 373710 372944 373340 346719 339817 336670 352176 370020 365632 358394 353481 376162 347232 345341 361925 362386 360611 0 0 0 0 0 0 0 0 0 0 0 0 0 0 0 0 0 0 0 0 0 7 0 0 0 0 0 0 0 1 0 1 0 0 1 0 1 0 1 0 1 1 0 1 0 1 1 0 1 1 1 0 1 1
397458 430060 432076 401354 417616 406221 409222 398235 441786 404728 401141 390318 406398 417908 410255 380489 414914 420756 394891 413598 383296 416111 413799 416136 417777 410469 407025 0 0 0 0 0 0 0 0 0 0 0 0 0 0 0 0 0 0 0 0 0 0 0 0 0 0 0 0 1 0 1 0 1 0 0 1 0 1 1 0 0 1 1 0 1 0 1 1 0 1 1 1 1 1
367005 388478 428204 407925 356846 364026 350194 342390 355440 370010 352030 358832 364965 341908 342118 379484 356273 336107 349737 362710 350520 370144 332112 373906 368351 355136 337456 0 0 35 19 0 0 1 16 0 0 0 0 0 0 0 0 0 0 0 0 0 0 0 16 0 0 0 0 0 1 1 0 1 0 1 0 0 1 1 0 1 0 1 0 1 1 0 1 1 1 1 0 1 1
357301 317773 348978 376073 355237 368746 351753 328023 395796 353960 328990 357931 341936 372628 406938 337439 335857 324172 339394 334625 344275 340325 351286 323872 362201 381028 334531 0 0 0 0 11 0 0 0 62 0 0 0 0 33 54 0 0 0 0 0 0 0 24 0 0 42 0 0 1 0 1 0 1 0 1 0 1 0 1 0 1 1 0 1 0 1 0 1 1 1 1 0 1 1
389792 384851 409861 389477 368856 377666 372352 363780 381888 375995 368260 402354 383511 386393 377012 403021 393387 354244 408419 365496 398644 373663 389800 393198 350178 378862 401695 0 0 0 0 0 0 0 0 0 0 0 0 0 0 0 0 0 0 0 0 0 0 0 0 0 0 0 1 0 1 0 0 1 0 1 0 1 0 1 0 1 0 1 0 1 1 0 1 1 0 1 1 1 1
423867 404638 392814 389289 385087 396580 391848 388194 400674 399716 375335 390646 396922 409557 388076 392707 395312 382285 393812 393762 379929 365235 416121 362017 371911 431281 367351 7 0 0 0 0 0 0 0 0 0 0 0 0 0 0 0 0 0 0 0 0 0 0 0 0 0 0 0 1 0 0 1 0 1 0 1 0 1 0 1 0 1 0 1 1 0 1 1 0 1 1 1 0 1
374526 388138 377106 373489 369510 359110 354071 376647 352372 369859 371693 373077 382720 374113 409373 345226 346267 369398 348315 373469 371618 360743 428992 352686 365414 369676 383911 0 34 9 0 0 0 0 0 0 0 0 0 0 0 30 0 0 0 0 0 0 0 48 0 0 0 25 1 0 1 0 1 0 1 0 1 0 1 1 0 1 1 0 1 1 0 1 1 0 1 2 0 1 2
276529 360660 372622 266149 267100 262860 267240 275888 261719 280645 272504 263390 266398 278306 253899 332899 249443 258801 274934 269190 261828 305739 300679 271814 264764 249104 249975 0 75 96 0 11 0 0 0 0 0 0 0 0 0 0 67 0 0 0 16 0 50 41 0 0 0 0 0 1 0 1 0 1 0 1 0 1 0 1 0 1 1 0 1 1 0 1 1 1 1 1 1 1 1
329800 297612 311405 338805 323851 331771 315325 309245 330638 317460 328275 326183 337621 304341 305110 344135 313016 316473 344336 311619 304209 322333 310117 318199 306515 302973 305663 0 0 0 11 0 0 11 0 0 0 0 0 0 0 0 37 0 10 0 0 0 0 0 0 0 0 0 0 1 0 1 0 1 0 1 1 0 0 1 1 0 1 0 1 1 1 1 1 0 1 1 1 1 1
347479 323667 300798 342580 299697 318059 309910 312687 319809 326035 316786 322037 309888 369739 319571 301910 319668 310961 318046 305947 325574 303897 310201 283605 291728 335907 298482 0 0 0 0 0 0 0 0 0 0 0 0 0 49 0 0 0 0 0 0 0 0 0 0 0 29 0 0 1 0 0 1 1 0 1 0 1 0 1 0 1 1 0 1 1 0 1 1 1 1 1 0 1 2
399410 371386 403400 373929 415202 402601 378774 392766 357382 392065 413254 396833 445503 384713 381208 385348 385702 407752 384602 361808 438408 387044 385881 385120 355172 366550 372975 0 0 0 0 13 0 0 0 0 5 25 0 45 0 0 0 0 29 0 0 67 0 14 0 0 0 0 0 0 1 0 1 1 0 0 1 1 0 1 1 0 1 0 1 1 1 0 2 0 1 1 1 1 1
360414 341072 338770 378152 349692 350197 330053 346179 338654 338537 336474 321918 335276 335220 323605 325860 321687 331945 343693 352558 331830 330895 323068 332560 324601 315154 330120 0 0 0 41 0 0 0 0 0 0 0 0 0 0 0 0 0 0 0 0 0 0 0 0 0 0 0 0 1 0 1 0 1 0 1 0 1 0 1 1 0 1 0 1 1 0 1 1 1 1 1 0 1 1
365527 312859 312135 360031 312039 315020 334039 324478 356134 322533 314482 335391 312476 323848 300423 310012 317682 298420 349002 352496 323085 323590 355289 307456 314329 317446 304759 42 0 0 49 0 0 23 0 42 0 0 20 0 0 0 0 0 0 35 28 0 0 45 0 0 0 0 1 0 1 0 1 0 1 0 1 0 1 1 0 1 1 0 1 1 0 1 1 1 1 1 1 1 1
379814 392239 386529 378840 362658 356335 385258 358237 346546 404028 389052 373855 368851 352526 349607 368399 361665 382310 363152 347059 364261 355797 355855 356847 364066 393335 356109 0 0 0 0 0 0 0 0 0 0 0 0 0 0 0 0 0 0 0 0 0 0 0 0 0 46 0 0 0 1 0 1 1 0 0 1 0 1 1 0 1 1 0 1 1 0 1 1 1 1 1 0 1 2
377058 382539 374026 354062 359664 351021 377060 386845 352098 389554 363884 382034 381996 382208 345746 377081 355166 378406 383623 350854 366839 371478 357917 396980 361573 357262 343537 0 0 0 0 0 0 0 0 0 0 0 0 0 32 0 24 0 0 0 0 0 0 0 20 0 0 0 0 1 0 0 1 1 0 1 0 1 0 1 0 1 1 0 1 1 0 1 1 1 0 2 0 1 2
351067 351159 338203 368566 340144 354712 346233 353297 362165 392804 339284 340153 346824 349899 344453 349620 347410 339631 351816 408583 346317 415308 349750 347616 351642 332713 383909 0 0 0 0 0 0 0 0 0 37 0 0 0 0 0 9 0 0 0 47 2 69 0 0 0 0 37 0 0 1 0 1 0 1 0 1 0 1 1 0 1 0 1 1 1 0 1 1 1 1 1 0 1 2
357455 342117 336429 352888 331084 367860 357775 320562 350267 353850 351029 356799 336397 346376 339041 350385 351924 339398 343702 338757 341226 328060 328200 340939 340410 318235 334790 0 0 0 0 0 26 0 0 0 0 0 0 0 0 0 0 0 0 0 0 0 0 0 0 0 0 0 0 1 0 1 0 1 0 1 0 1 0 1 0 1 1 0 1 1 0 1 1 1 0 2 0 1 1
409320 363052 328960 325966 332881 335661 378173 335581 328881 389560 332621 314618 362522 325372 323349 346084 331057 321002 345940 331626 333025 341178 353645 307000 324580 309275 325365 72 0 0 0 0 0 38 0 0 38 0 0 0 0 0 0 0 0 0 0 0 0 0 0 0 0 0 1 0 1 0 0 1 0 1 1 0 1 0 1 0 1 1 0 1 1 1 1 0 1 1 1 1 1
339404 341161 330253 337350 328788 324343 328619 315995 314706 341268 332542 356115 340832 326499 342883 334791 331293 329821 326768 329014 320294 324126 323024 309992 333919 326260 323679 0 0 0 0 0 0 0 0 0 0 0 0 0 0 0 0 0 2 0 0 0 0 0 0 0 0 0 0 1 0 0 1 1 0 0 1 0 1 1 0 1 1 0 1 1 0 1 1 1 0 1 1 1 1
380870 378290 347722 365486 354794 346207 383408 377134 437875 361457 357782 347209 393872 374590 363220 379888 376634 362868 379502 370639 349416 338919 360403 382033 368684 346103 340212 0 0 0 0 0 0 0 0 84 0 0 0 0 6 0 0 0 0 0 0 0 0 0 0 0 0 0 1 0 1 0 0 1 0 1 1 0 1 0 1 0 1 1 0 1 1 1 1 0 1 1 1 1 1
341001 335432 341234 329463 333526 347246 325504 323674 332326 353096 332809 364968 334587 339064 322441 335479 337388 361375 333925 341984 319501 331214 418018 344778 326443 325535 319031 0 0 0 0 0 0 0 0 0 16 9 40 0 0 0 0 0 23 0 0 0 0 79 15 0 0 0 0 1 0 0 1 1 0 0 1 0 1 1 0 1 1 0 1 1 1 0 1 1 1 1 1 1 1
341109 311005 321746 323150 332124 348556 317148 332807 317441 338427 402151 314800 315322 326492 317172 316707 330752 322197 331664 325905 380998 339424 319755 325741 312870 362494 328710 0 0 0 0 0 8 0 3 0 0 48 0 0 0 0 0 16 0 0 0 65 0 0 0 0 43 0 0 1 1 0 0 1 0 1 1 0 1 1 0 1 1 0 1 1 0 1 1 1 1 1 1 1 1
361377 342658 335748 321608 331435 326114 327468 347058 303312 321876 324366 380305 333670 359935 318510 393797 324486 331273 321778 325462 334833 379941 332614 329243 362495 330042 322136 28 0 3 0 0 0 0 20 0 0 0 40 5 29 0 43 0 0 0 6 13 49 0 0 35 0 0 0 1 0 1 0 1 0 1 1 0 1 1 0 1 1 0 1 1 0 1 2 0 1 1 1 1 1
318161 311545 342960 305107 319768 346336 304438 309374 341739 448787 308734 303410 328627 324634 303401 304566 307343 322379 319271 329907 298317 427369 312731 317829 317048 326972 311055 0 0 30 0 0 39 0 0 31 124 0 0 0 5 0 0 0 14 0 20 0 111 0 0 0 0 0 1 0 1 0 1 0 1 0 1 1 0 1 1 0 1 1 0 1 1 1 1 1 1 1 0 1 2
372704 351478 332725 363046 371547 374705 336332 392578 338110 366866 336135 357084 323044 390356 326976 334790 322065 332244 392876 325718 331224 349491 343495 315201 377013 330497 333263 33 8 0 0 31 15 0 55 0 24 0 0 0 38 0 5 0 0 43 0 14 19 7 0 31 0 0 0 1 0 0 1 1 0 1 1 0 1 1 0 1 1 0 1 1 0 1 1 1 1 1 1 1 1
262008 257998 268984 259940 293288 267637 291946 295440 261465 257725 293403 257088 262616 263254 267841 271560 248735 265306 342123 269334 265470 259982 263302 260370 353373 278102 264308 0 0 0 0 33 0 10 32 0 0 25 0 0 0 2 0 0 0 68 4 0 0 0 0 91 26 0 1 0 1 0 1 0 1 0 1 0 1 1 0 1 1 0 1 1 1 1 1 0 1 1 1 1 2
379356 357306 358911 368035 367991 362714 359142 366557 367868 372211 363462 363694 365119 373532 347902 357371 360262 364117 369227 354161 359450 358758 358399 357745 361482 361092 368223 0 0 0 0 0 0 0 0 0 0 0 0 0 0 0 0 0 0 0 0 0 0 0 0 0 0 0 0 0 1 0 1 1 0 1 0 1 0 1 0 1 1 0 1 1 0 1 1 1 1 1 1 1 1
405529 393092 403349 400808 456868 403517 387058 392946 409909 472107 405358 403746 399715 392390 385644 405767 388203 409675 388260 383703 391938 396169 394093 381508 389590 394922 387248 0 0 0 0 60 0 0 0 0 47 0 0 0 0 0 0 0 0 0 0 0 0 0 0 0 0 0 0 1 0 1 0 1 0 1 1 0 1 0 1 0 1 1 0 1 1 1 1 0 1 1 1 1 1
302737 280883 285521 291398 280840 278787 273319 276702 279560 283474 283764 277405 275734 279118 292487 283161 289882 294582 280142 277220 264255 280279 288163 278683 276124 284262 286696 0 0 0 0 0 0 0 0 0 0 0 0 0 0 15 0 0 0 0 0 0 0 15 0 0 0 0 1 0 1 0 1 0 1 0 1 0 1 1 0 1 1 0 1 1 0 1 1 1 1 1 1 1 1
322276 306594 318012 303826 284490 308925 302767 312092 297060 297679 321176 282792 302381 303569 296355 305193 289734 292844 307676 298359 295555 291665 302084 303398 299820 303420 312486 0 0 0 0 0 0 0 0 0 0 0 0 0 0 0 0 0 0 0 0 2 0 0 0 0 0 0 0 1 0 1 0 1 0 1 0 1 0 1 1 0 1 1 0 1 1 1 1 0 1 2 0 1 1
317018 314343 320282 335907 307416 319559 320170 301272 306437 320701 311231 310051 309999 322749 312776 297232 313466 294400 314290 318870 311479 315655 309708 315800 308981 305386 306371 0 0 0 0 0 0 0 0 0 0 0 0 0 0 0 0 0 0 0 0 0 0 0 0 0 0 0 1 0 1 0 1 0 1 0 1 0 1 1 0 1 1 0 1 1 0 1 1 1 1 1 0 1 2
418122 388551 402112 391115 376900 394883 392602 376367 374800 401278 399376 378492 400097 393870 401226 392702 391943 374560 396115 382454 407714 401123 378494 378753 379986 371869 397737 0 0 0 0 0 0 0 0 0 0 0 0 0 0 0 0 0 0 0 0 0 0 0 0 0 0 0 0 0 1 0 1 0 1 0 1 0 1 1 0 1 1 0 1 1 0 1 1 1 1 1 1 1 1
408814 381252 386007 391633 383349 383092 387696 381737 365124 378432 365910 362223 378565 393618 385282 434571 381244 366786 383878 355746 400166 377475 395484 373985 372213 389309 383272 1 0 0 0 0 0 0 0 0 0 0 0 0 0 0 51 0 0 0 0 0 0 0 0 0 0 0 0 1 0 1 0 1 0 1 0 1 0 1 1 0 1 1 0 1 1 0 2 0 1 1 1 1 1
383476 370546 349739 364507 382469 372342 366197 365678 375010 378245 346851 365800 370874 366688 372908 355026 347633 353558 371653 375456 353626 377934 351300 352899 361092 356706 355255 0 0 0 0 0 0 0 0 0 0 0 0 0 0 0 0 0 0 0 0 0 0 0 0 0 0 0 0 1 0 1 0 1 0 1 1 0 1 0 1 0 1 1 0 1 1 1 1 0 1 1 1 1 1
332048 321938 336006 326616 328597 333075 325882 323503 340929 338625 323301 342913 350984 335467 330357 331931 324771 391562 332990 331855 334113 326982 335877 327376 326142 357508 329068 0 0 0 0 0 0 0 0 0 0 0 19 29 0 0 0 0 63 0 0 0 0 0 0 0 31 0 0 1 0 1 0 1 0 1 1 0 1 0 1 1 0 1 0 1 1 1 1 0 1 2 0 1 2
348072 364200 322253 340544 327830 317528 323640 326786 343067 331758 343692 324724 326380 330809 312541 313990 325924 346516 321407 319081 321710 311280 306996 316479 314638 327999 323176 0 27 0 0 0 0 0 2 0 0 0 0 0 0 0 0 0 0 0 0 0 0 8 0 0 0 0 0 0 1 0 1 1 0 1 0 1 0 1 0 1 1 0 1 1 0 1 1 1 1 1 1 1 1
302142 281839 280283 334275 286829 297759 293691 337293 300884 311016 329182 289231 286195 384296 297277 298025 302619 297723 295128 288223 290954 298942 316377 289005 281641 292907 302121 0 0 0 28 0 0 0 64 0 16 15 0 0 102 0 22 0 0 0 0 0 2 12 0 0 0 5 0 1 1 0 1 0 1 0 1 0 1 1 0 1 1 1 0 1 1 1 1 0 2 1 1 1 1
324489 322464 320179 328659 324110 340868 330528 332671 315768 375781 320869 350480 312276 318478 322192 319586 389063 308008 327271 312294 383786 355034 316463 310939 353577 333584 317056 0 0 0 0 0 0 0 0 0 44 0 28 0 0 0 0 68 0 0 0 68 33 0 0 41 29 0 0 1 0 1 0 1 0 1 1 0 1 1 0 1 1 0 1 1 1 0 2 0 1 2 0 1 2
318495 332972 317446 308718 331087 353502 323797 318252 305859 312860 371656 310433 360018 353887 401503 323687 397261 370192 350951 314592 307531 304623 308446 357101 320066 307565 406025 0 16 2 0 12 38 20 0 0 0 75 0 44 37 85 0 77 48 34 1 0 0 0 34 14 0 81 0 1 0 1 0 1 1 0 1 0 1 1 0 1 1 1 1 1 0 1 1 1 1 1 1 1 2
292552 296033 279155 298592 305322 294872 295159 297027 288167 291402 291300 295842 283107 283660 297005 287889 294082 280753 286793 287374 280626 287909 290847 313230 282401 288574 288643 0 0 0 0 11 0 0 0 1 0 0 8 0 0 0 0 0 0 0 0 0 0 0 26 0 0 0 0 0 1 0 1 1 0 1 1 0 1 0 1 1 0 1 1 1 0 1 1 1 1 1 1 1 1
368904 322878 382976 322352 324911 355002 323829 319745 336574 331173 336824 324151 328812 327742 322094 377901 320090 320869 327746 322716 337517 321016 338622 329909 316850 326467 320594 30 0 48 0 0 21 0 0 0 0 0 0 0 0 0 40 0 0 0 0 0 1 0 0 0 9 0 0 1 1 0 1 0 1 0 1 1 0 1 0 1 1 1 0 1 1 1 1 0 1 1 1 1 1
366171 354401 343516 388768 379267 355554 360368 360613 360770 357938 354152 418647 349695 354802 370530 351746 339999 357382 354744 363440 372536 352790 343488 376249 345858 359021 347646 0 0 0 1 7 0 0 5 0 0 0 69 0 0 22 0 0 0 0 0 12 0 0 28 0 0 0 1 0 1 0 1 1 0 1 1 0 1 1 0 1 1 0 1 1 0 1 1 1 1 1 1 1 1
373053 314247 316178 317004 311947 320766 316558 315420 389042 351315 327263 305877 315240 314987 313180 311476 314961 305604 319258 330894 314914 313355 323980 320365 307236 304560 310821 42 0 0 0 0 4 0 0 74 35 0 0 0 0 0 0 0 0 0 0 0 0 0 0 0 0 0 1 0 1 0 1 1 0 0 1 1 0 1 1 0 1 1 0 1 1 1 1 0 1 2 0 1 2
288819 297110 297956 291942 272735 271087 269075 275742 266349 286066 276085 291447 278304 292705 268673 271816 276676 292776 287527 326736 275551 280140 311598 325805 277962 275707 276822 0 0 14 12 0 0 0 0 0 0 0 5 0 0 0 0 0 16 4 53 0 0 36 62 0 0 0 0 0 1 0 1 1 0 1 1 0 1 0 1 1 0 1 1 1 0 1 1 1 1 1 1 1 2
311365 341620 321108 310904 314202 319801 301780 319969 300983 304134 308874 314752 313778 334148 305673 438731 307128 303529 319780 296261 301120 301542 306225 309108 296555 315320 287350 0 37 0 0 0 0 0 0 0 0 0 0 0 25 0 133 0 0 0 0 0 0 0 2 0 0 0 0 0 1 0 1 1 0 1 0 1 0 1 1 0 1 1 0 1 1 1 1 0 1 2 0 1 2
316597 323929 301297 310513 331177 329838 309753 323287 306524 317938 312722 302600 305451 310094 308928 305310 310346 307057 316646 308194 309229 310632 322719 311764 291824 307114 304557 0 0 0 0 22 0 0 0 0 3 0 0 0 0 0 0 0 0 0 0 0 0 0 0 0 0 0 0 1 0 1 0 1 0 1 1 0 1 0 1 0 1 1 1 0 1 1 1 1 0 2 0 1 2
383155 380846 380670 372595 369098 370744 375615 354842 358823 378435 384587 351934 365201 374899 362139 374672 358562 368351 367470 360800 365255 369642 359759 369314 359110 380593 370459 0 0 0 0 0 0 0 0 0 0 0 0 0 0 0 0 0 0 0 0 0 0 0 0 0 0 0 0 0 1 0 1 1 0 1 0 1 0 1 1 0 1 0 1 1 1 1 1 0 1 1 1 1 1
394790 390503 410168 420148 375814 393783 382774 389285 409949 399578 389898 395799 401932 378406 439473 390143 373881 387905 388365 397620 392191 407338 423071 391363 383965 396533 378167 0 0 10 0 0 0 0 0 0 0 0 0 0 0 52 0 0 0 0 0 0 0 22 0 0 0 0 1 0 1 0 1 0 1 0 1 1 0 1 0 1 1 0 1 1 1 1 1 0 1 2 0 1 2
368672 371427 351271 362431 324719 302386 312635 385033 347847 360258 333280 362418 367421 411326 376391 320451 347995 313415 322487 403481 353830 347684 319459 312088 373098 349029 304285 48 44 20 0 11 0 0 77 0 31 11 29 0 98 60 0 0 0 0 77 30 0 0 0 41 33 0 0 0 1 1 0 1 0 1 0 1 0 1 1 1 0 1 1 0 1 1 1 1 1 1 1 1 1
288688 300824 320534 321010 293651 284784 287082 287954 286518 295217 301213 284268 298585 299139 294487 285557 284742 276688 284402 288643 292310 302824 361170 287470 317887 313199 285083 0 0 23 33 0 0 0 0 0 0 0 0 14 0 0 0 0 0 0 0 0 0 81 0 41 25 0 0 1 1 0 1 0 1 0 1 0 1 1 0 1 1 0 1 1 1 0 1 1 1 1 1 1 1
343742 330136 335913 351427 332393 331753 327475 334753 343715 339612 340511 337016 324786 336941 335842 323284 324092 327854 337727 331341 328672 321775 326565 322986 322182 338664 330040 0 0 0 0 0 0 0 0 0 0 0 0 0 0 0 0 0 0 0 0 0 0 0 0 0 0 0 1 0 1 0 1 0 1 0 1 1 0 1 0 1 1 0 1 1 1 1 1 0 1 1 1 1 1
