1 4 6 7 10 6 13 18 17 6 8 14 15 14 19 25 26 8 12 18 15 14 25 34 35 
2 2 6 8 10 5 11 18 17 6 10 13 14 10 19 29 34 5 10 14 17 15 19 30 29 
3 4 6 10 9 8 12 16 19 5 9 11 15 11 17 25 26 7 10 13 18 13 23 32 30 
4 4 6 10 9 8 14 20 21 6 10 11 16 12 19 26 34 6 13 14 18 14 24 28 36 
5 3 5 9 9 7 13 17 20 6 10 12 14 13 16 26 25 7 12 17 18 14 23 29 30 
6 3 8 10 12 6 10 18 32 6 8 15 14 12 17 23 26 8 13 15 18 14 25 37 32 
7 3 5 6 12 7 12 14 15 5 10 12 16 11 19 23 30 7 10 16 17 13 22 34 30 
8 3 6 8 9 8 15 14 17 5 9 12 14 10 18 26 32 6 12 15 16 14 25 29 33 
9 4 5 9 9 7 12 16 20 8 10 13 12 13 17 24 28 7 11 15 19 14 23 32 35 
10 4 7 8 12 8 10 14 21 6 11 13 13 13 23 26 27 7 11 17 17 13 26 31 31 
11 4 5 8 8 7 11 17 15 6 9 10 14 11 20 22 27 6 11 16 22 14 25 28 33 
12 4 5 8 9 6 10 17 16 5 9 12 15 11 18 26 28 7 13 17 16 13 22 29 34 
13 3 5 9 7 8 13 18 17 6 9 12 15 10 21 26 25 7 12 15 16 12 22 31 30 
14 4 4 8 13 6 13 22 17 5 10 13 15 9 19 25 30 7 13 17 19 15 25 30 33 
15 4 5 8 7 5 13 13 14 5 11 11 13 9 15 25 22 7 10 13 17 13 18 26 32 
16 3 6 7 10 9 16 16 18 7 12 10 15 12 22 29 26 8 12 15 16 17 24 32 34 
17 4 6 8 8 8 10 19 20 7 11 14 14 15 22 22 27 8 13 14 15 14 24 30 34 
18 4 7 8 12 9 12 16 18 7 10 13 14 13 20 20 23 9 13 16 14 15 25 32 30 
19 3 6 7 12 6 14 16 15 6 10 12 11 14 18 24 26 8 10 15 14 14 24 26 30 
20 4 8 8 10 7 17 16 17 6 12 11 18 12 20 27 29 8 13 13 14 15 23 35 33 
21 4 6 7 9 7 13 16 16 6 9 12 13 11 20 25 26 7 13 17 16 16 27 34 38 
22 3 5 6 8 10 11 15 20 8 8 12 16 14 21 28 23 9 11 13 13 16 23 26 38 
23 4 9 7 12 8 13 15 20 7 12 13 14 16 20 24 30 9 13 17 14 16 25 32 41 
24 4 5 10 8 6 13 14 24 5 10 14 12 13 20 24 24 10 11 14 15 14 25 31 32 
25 3 6 8 7 7 11 13 21 6 10 12 11 12 20 22 28 9 12 15 17 17 21 32 34 
26 4 5 6 9 7 18 12 15 5 10 10 14 14 18 27 25 8 10 13 16 15 22 26 32 
27 3 9 7 11 9 11 16 17 8 10 12 15 12 19 26 28 9 12 17 20 16 23 36 30 
28 4 6 7 8 7 13 18 14 6 10 12 16 12 18 22 25 8 11 15 15 14 24 30 30 
29 5 7 6 8 10 10 21 13 7 9 11 11 12 20 21 23 8 12 14 15 17 23 26 34 
30 3 5 7 9 9 16 13 21 6 10 13 15 11 20 22 25 8 11 18 14 15 22 32 34 
31 4 6 6 7 8 13 12 15 6 12 12 13 12 20 25 23 9 13 17 18 15 24 33 29 
32 4 5 9 7 9 10 18 12 5 10 10 16 16 19 25 27 9 13 14 18 20 21 26 31 
33 3 9 7 10 11 21 17 16 7 12 14 16 16 26 24 30 10 15 16 18 24 30 35 38 
34 5 8 9 9 11 14 20 14 9 11 15 14 17 21 27 29 9 14 16 19 18 30 28 37 
35 6 7 7 9 13 20 23 21 9 10 13 15 16 20 27 30 10 13 16 18 19 25 32 39 
36 4 8 8 9 9 16 18 24 10 11 16 13 17 23 28 32 11 12 17 17 17 33 32 39 
37 4 7 9 7 8 15 14 22 7 11 12 11 15 20 26 29 9 14 19 16 18 26 27 33 
38 4 8 10 11 8 14 18 16 8 11 15 12 17 21 26 31 10 13 17 20 18 34 32 33 
39 3 7 5 9 8 12 21 16 6 10 12 14 15 23 24 30 9 12 13 16 18 26 27 32 
40 4 9 9 10 9 12 14 14 7 11 13 12 15 20 25 26 9 14 17 15 15 26 32 33 
41 4 8 7 8 9 15 14 16 6 12 13 18 14 20 24 23 7 13 17 16 18 27 29 43 
42 5 5 7 9 9 13 16 17 7 11 11 13 14 24 26 28 9 12 17 17 17 26 27 35 
43 5 5 9 8 10 16 17 20 6 10 12 13 13 21 27 29 9 13 17 15 17 28 31 37 
44 4 6 7 8 8 11 12 14 8 10 13 11 13 23 22 24 10 13 15 15 16 26 29 29 
45 4 7 6 7 8 14 13 14 7 13 12 11 16 21 31 25 9 13 17 17 17 29 33 34 
46 5 8 7 10 10 18 16 21 8 13 15 15 16 25 30 36 13 16 18 19 21 34 36 36 
47 5 6 11 9 10 23 16 16 9 11 13 17 15 23 26 29 10 16 19 17 22 28 33 37 
48 8 8 10 9 12 16 15 19 8 15 15 15 16 25 32 32 10 14 18 22 23 28 36 47 
49 5 9 8 10 10 14 18 21 8 12 16 15 13 23 28 30 12 14 18 23 21 37 37 36 
50 5 5 7 11 9 14 14 16 10 11 11 15 18 22 24 31 10 15 14 19 27 29 30 31 
51 5 7 9 9 12 14 17 18 8 12 17 16 17 21 30 25 10 17 20 19 18 31 34 36 
52 5 8 11 10 10 15 20 19 8 15 11 16 16 26 33 31 10 17 19 19 24 29 35 44 
53 4 6 9 8 9 12 19 22 9 11 16 15 17 23 30 28 10 13 21 19 19 28 38 50 
54 5 6 7 9 8 11 14 19 9 12 12 12 15 23 28 30 9 13 17 16 19 29 29 31 
55 4 8 7 10 10 17 14 15 11 11 15 14 18 23 26 27 11 15 18 16 24 35 38 39 
56 4 7 8 8 9 15 15 15 8 13 13 12 15 21 24 25 10 13 16 16 19 31 32 34 
57 4 7 7 7 9 11 14 15 7 10 12 14 14 21 22 25 10 13 14 17 19 25 32 37 
58 4 7 9 7 10 12 16 17 8 14 12 13 14 28 25 32 9 13 19 18 19 33 31 37 
59 6 6 6 7 10 12 17 17 9 11 11 15 16 19 28 27 10 14 16 16 18 28 33 31 
60 4 9 7 7 8 15 15 18 8 11 11 13 15 20 25 28 9 14 16 19 20 26 34 33 
