1 796496 
2 759504 
3 579967 
4 823877 
5 721820 
6 653736 
7 649993 
8 662567 
9 616639 
10 736410 
11 780756 
12 634584 
13 642187 
14 665451 
15 731524 
16 629190 
17 698248 
18 763007 
19 666049 
20 819098 
21 607434 
22 650897 
23 689889 
24 694908 
25 702986 
26 724999 
27 774736 
28 719673 
29 639475 
30 682627 
31 696078 
32 691432 
33 863365 
34 870203 
35 788902 
36 601905 
37 796543 
38 873809 
39 784826 
40 755012 
41 658990 
42 791709 
43 749631 
44 729154 
45 771294 
46 726590 
47 699360 
48 568624 
49 719424 
50 661147 
51 610421 
52 598956 
53 648626 
54 647562 
55 631918 
56 628062 
57 564245 
58 674389 
59 726716 
60 728342 
61 573401 
62 648034 
63 644250 
64 656428 
65 717001 
66 714847 
67 725028 
68 662440 
69 635173 
70 646468 
71 638570 
72 658935 
73 757301 
74 659668 
75 588112 
76 559710 
77 629812 
78 759686 
79 674071 
80 728328 
81 619274 
82 614961 
83 742727 
84 674269 
85 673017 
86 665497 
87 765388 
88 723383 
89 704935 
90 628845 
91 644447 
92 663072 
93 572524 
94 551593 
95 559988 
96 648107 
97 565628 
98 612270 
99 636983 
100 577441 
101 509344 
102 631210 
103 604276 
104 536525 
105 631629 
106 624596 
107 798682 
108 702100 
109 660918 
110 644293 
111 608691 
112 616675 
113 579455 
114 622600 
115 729227 
116 653020 
117 616862 
118 558250 
119 605857 
120 624361 
121 602382 
122 755821 
123 656146 
124 775006 
125 595904 
126 615326 
127 693303 
128 696285 
129 612403 
130 571826 
131 657406 
132 668502 
133 555865 
134 588332 
135 669062 
136 584159 
137 584383 
138 537174 
139 659614 
140 548242 
141 544428 
142 579166 
143 605117 
144 605178 
145 570859 
146 631318 
147 537377 
148 582756 
149 610490 
150 551135 
151 658680 
152 608543 
153 694454 
154 607139 
155 631551 
156 606993 
157 548309 
158 549114 
159 669305 
160 593118 
161 604818 
162 596323 
163 539058 
164 690895 
165 591408 
166 651470 
167 653593 
168 659522 
169 608599 
170 581934 
171 543925 
172 567232 
173 691431 
174 660251 
175 612676 
176 634069 
177 645636 
178 616318 
179 575873 
180 676545 
