1 167 
2 169 
3 163 
4 130 
5 162 
6 148 
7 153 
8 133 
9 158 
10 134 
11 172 
12 165 
13 170 
14 153 
15 154 
16 176 
17 189 
18 187 
19 183 
20 198 
21 161 
22 159 
23 178 
24 150 
25 185 
26 200 
27 198 
28 184 
29 172 
30 174 
31 177 
32 172 
33 179 
34 205 
35 202 
36 181 
37 180 
38 208 
39 166 
40 188 
41 202 
42 180 
43 202 
44 196 
45 207 
46 127 
47 144 
48 162 
49 151 
50 150 
51 143 
52 145 
53 155 
54 111 
55 129 
56 143 
57 149 
58 186 
59 157 
60 132 
61 147 
62 129 
63 177 
64 176 
65 151 
66 195 
67 144 
68 169 
69 131 
70 152 
71 162 
72 181 
73 152 
74 160 
75 147 
76 179 
77 180 
78 177 
79 184 
80 168 
81 181 
82 184 
83 177 
84 136 
85 160 
86 168 
87 186 
88 175 
89 186 
90 180 
91 125 
92 144 
93 130 
94 141 
95 136 
96 152 
97 154 
98 159 
99 132 
100 142 
101 152 
102 165 
103 142 
104 149 
105 135 
106 147 
107 119 
108 148 
109 164 
110 160 
111 158 
112 159 
113 155 
114 197 
115 152 
116 159 
117 141 
118 182 
119 139 
120 148 
121 143 
122 141 
123 156 
124 132 
125 157 
126 165 
127 195 
128 163 
129 184 
130 152 
131 159 
132 138 
133 166 
134 164 
135 160 
136 149 
137 161 
138 146 
139 163 
140 151 
141 125 
142 165 
143 156 
144 169 
145 148 
146 149 
147 149 
148 142 
149 166 
150 144 
151 156 
152 143 
153 139 
154 199 
155 174 
156 139 
157 160 
158 162 
159 148 
160 182 
161 172 
162 183 
163 169 
164 191 
165 190 
166 171 
167 173 
168 134 
169 167 
170 188 
171 186 
172 165 
173 153 
174 145 
175 170 
176 193 
177 172 
178 165 
179 177 
180 192 
