1 31 
2 27 
3 28 
4 28 
5 37 
6 29 
7 31 
8 26 
9 29 
10 28 
11 33 
12 31 
13 27 
14 28 
15 30 
16 33 
17 33 
18 30 
19 28 
20 30 
21 30 
22 31 
23 29 
24 33 
25 29 
26 29 
27 34 
28 33 
29 29 
30 29 
31 33 
32 29 
33 32 
34 35 
35 31 
36 31 
37 33 
38 33 
39 30 
40 27 
41 26 
42 28 
43 30 
44 25 
45 29 
46 36 
47 37 
48 38 
49 39 
50 36 
51 35 
52 33 
53 34 
54 34 
55 41 
56 35 
57 37 
58 35 
59 34 
60 33 
61 37 
62 34 
63 39 
64 43 
65 36 
66 34 
67 36 
68 35 
69 36 
70 35 
71 35 
72 34 
73 36 
74 35 
75 34 
76 38 
77 37 
78 34 
79 34 
80 36 
81 33 
82 36 
83 33 
84 39 
85 34 
86 36 
87 34 
88 37 
89 36 
90 33 
91 43 
92 38 
93 40 
94 42 
95 43 
96 41 
97 42 
98 42 
99 43 
100 40 
101 39 
102 40 
103 40 
104 41 
105 42 
106 41 
107 38 
108 41 
109 40 
110 44 
111 39 
112 42 
113 39 
114 42 
115 43 
116 38 
117 40 
118 40 
119 43 
120 40 
121 38 
122 37 
123 39 
124 38 
125 39 
126 37 
127 38 
128 39 
129 40 
130 42 
131 40 
132 37 
133 39 
134 39 
135 40 
136 45 
137 46 
138 47 
139 43 
140 51 
141 46 
142 48 
143 50 
144 44 
145 51 
146 47 
147 50 
148 51 
149 45 
150 47 
151 47 
152 45 
153 43 
154 47 
155 45 
156 45 
157 49 
158 49 
159 45 
160 44 
161 48 
162 44 
163 49 
164 45 
165 44 
166 44 
167 44 
168 44 
169 44 
170 50 
171 45 
172 44 
173 49 
174 46 
175 44 
176 44 
177 46 
178 48 
179 46 
180 44 
