1 954750 
2 946385 
3 1.14032e+06 
4 1.16665e+06 
5 1.10783e+06 
6 1.01862e+06 
7 1.04338e+06 
8 1.03307e+06 
9 1.15657e+06 
10 1.12979e+06 
11 1.08212e+06 
12 1.09658e+06 
13 1.04978e+06 
14 1.05023e+06 
15 1.08443e+06 
16 929080 
17 1.08941e+06 
18 1.08018e+06 
19 1.01192e+06 
20 1.06303e+06 
21 1.01531e+06 
22 1.11697e+06 
23 1.03617e+06 
24 1.17891e+06 
25 1.16316e+06 
26 966819 
27 1.11685e+06 
28 1.17147e+06 
29 1.12605e+06 
30 1.11967e+06 
31 1.22115e+06 
32 1.27406e+06 
33 1.19571e+06 
34 1.17686e+06 
35 1.11688e+06 
36 1.18123e+06 
37 1.15722e+06 
38 1.23525e+06 
39 1.20504e+06 
40 1.25942e+06 
41 1.13945e+06 
42 1.01817e+06 
43 1.12628e+06 
44 1.09597e+06 
45 1.11788e+06 
46 914888 
47 905215 
48 894519 
49 864854 
50 924424 
51 952365 
52 989502 
53 1.04243e+06 
54 919896 
55 955232 
56 853556 
57 958752 
58 843161 
59 969143 
60 961317 
61 935193 
62 955496 
63 1.06594e+06 
64 977633 
65 1.00297e+06 
66 1.04579e+06 
67 989384 
68 1.03571e+06 
69 937853 
70 1.03927e+06 
71 931211 
72 1.05424e+06 
73 1.04996e+06 
74 1.05036e+06 
75 981234 
76 1.05825e+06 
77 952006 
78 932580 
79 1.03654e+06 
80 1.03644e+06 
81 900819 
82 999541 
83 1.00828e+06 
84 1.01892e+06 
85 960351 
86 880074 
87 882043 
88 964673 
89 935093 
90 1.00089e+06 
91 836572 
92 884305 
93 949462 
94 852692 
95 891675 
96 952540 
97 871434 
98 820390 
99 946798 
100 978549 
101 834044 
102 992067 
103 913969 
104 910181 
105 874241 
106 897300 
107 1.03543e+06 
108 950709 
109 929177 
110 964756 
111 1.10478e+06 
112 1.04335e+06 
113 911935 
114 874459 
115 938573 
116 938268 
117 941931 
118 860456 
119 898345 
120 940654 
121 907046 
122 1.03239e+06 
123 936044 
124 1.05724e+06 
125 983074 
126 965374 
127 942685 
128 949983 
129 1.02496e+06 
130 930574 
131 1.09997e+06 
132 918182 
133 959267 
134 903295 
135 918719 
136 828203 
137 768159 
138 892496 
139 933048 
140 886547 
141 990037 
142 768810 
143 918250 
144 939009 
145 892734 
146 971263 
147 923895 
148 792626 
149 862824 
150 886811 
151 995258 
152 917126 
153 747429 
154 991897 
155 893043 
156 934126 
157 964504 
158 962996 
159 893866 
160 899575 
161 918457 
162 907272 
163 970865 
164 854852 
165 905150 
166 1.01253e+06 
167 957932 
168 960472 
169 913530 
170 863074 
171 970219 
172 968108 
173 976779 
174 1.05564e+06 
175 889793 
176 890902 
177 778865 
178 1.03089e+06 
179 891602 
180 949619 
