1 0 
2 0 
3 0 
4 1 
5 0 
6 0 
7 1 
8 0 
9 0 
10 0 
11 1 
12 0 
13 0 
14 1 
15 0 
16 0 
17 0 
18 1 
19 0 
20 0 
21 0 
22 1 
23 0 
24 0 
25 0 
26 1 
27 0 
28 0 
29 1 
30 0 
31 0 
32 1 
33 0 
34 0 
35 1 
36 0 
37 0 
38 1 
39 0 
40 0 
41 1 
42 0 
43 0 
44 1 
45 0 
46 0 
47 1 
48 0 
49 0 
50 1 
51 0 
52 1 
53 0 
54 0 
55 1 
56 0 
57 1 
58 0 
59 0 
60 1 
61 0 
62 1 
63 0 
64 0 
65 1 
66 0 
67 0 
68 1 
69 0 
70 1 
71 0 
72 0 
73 1 
74 0 
75 0 
76 1 
77 0 
78 0 
79 1 
80 0 
81 0 
82 1 
83 0 
84 0 
85 1 
86 0 
87 0 
88 1 
89 0 
90 0 
91 1 
92 0 
93 1 
94 0 
95 0 
96 0 
97 0 
98 0 
99 0 
100 1 
101 0 
102 1 
103 0 
104 1 
105 0 
106 0 
107 1 
108 0 
109 1 
110 0 
111 0 
112 1 
113 0 
114 0 
115 1 
116 0 
117 0 
118 1 
119 0 
120 1 
121 0 
122 1 
123 0 
124 0 
125 1 
126 0 
127 0 
128 1 
129 0 
130 1 
131 0 
132 0 
133 1 
134 0 
135 1 
136 0 
137 1 
138 0 
139 1 
140 0 
141 0 
142 1 
143 0 
144 1 
145 0 
146 0 
147 1 
148 0 
149 1 
150 0 
151 0 
152 1 
153 0 
154 1 
155 0 
156 1 
157 0 
158 0 
159 1 
160 0 
161 1 
162 0 
163 1 
164 0 
165 0 
166 1 
167 0 
168 1 
169 0 
170 1 
171 0 
172 1 
173 0 
174 0 
175 1 
176 1 
177 0 
178 0 
179 1 
180 0 
181 1 
182 0 
183 1 
184 0 
185 1 
186 0 
187 1 
188 0 
189 1 
190 0 
191 1 
192 0 
193 1 
194 0 
195 1 
196 0 
197 1 
198 0 
199 0 
200 1 
201 0 
202 1 
203 0 
204 1 
205 0 
206 1 
207 0 
208 1 
209 0 
210 1 
211 0 
212 1 
213 0 
214 1 
215 0 
216 1 
217 0 
218 1 
219 0 
220 1 
221 0 
222 1 
223 0 
224 1 
225 0 
226 1 
227 0 
228 1 
229 0 
230 1 
231 0 
232 1 
233 0 
234 1 
235 0 
236 1 
237 0 
238 1 
239 0 
240 1 
241 0 
242 1 
243 0 
244 1 
245 0 
246 1 
247 1 
248 0 
249 1 
250 0 
251 1 
252 0 
253 1 
254 0 
255 1 
256 0 
257 1 
258 1 
259 0 
260 1 
261 0 
262 1 
263 0 
264 1 
265 1 
266 0 
267 1 
268 0 
269 1 
270 0 
271 1 
272 0 
273 1 
274 0 
275 1 
276 1 
277 0 
278 1 
279 0 
280 1 
281 0 
282 1 
283 0 
284 1 
285 0 
286 1 
287 0 
288 1 
289 0 
290 1 
291 1 
292 0 
293 1 
294 0 
295 1 
296 0 
297 1 
298 0 
299 1 
300 0 
