1 294953 
2 317265 
3 313479 
4 299956 
5 294570 
6 304309 
7 276590 
8 359238 
9 290504 
10 333038 
11 317958 
12 291637 
13 295587 
14 367716 
15 298507 
16 354746 
17 345468 
18 340471 
19 371483 
20 323928 
21 310364 
22 323006 
23 335902 
24 326858 
25 339235 
26 346656 
27 319193 
28 293632 
29 320833 
30 333165 
31 334943 
32 362852 
33 353747 
34 326526 
35 263750 
36 377174 
37 349470 
38 340176 
39 351528 
40 365037 
41 357706 
42 363201 
43 285764 
44 370195 
45 341098 
46 338906 
47 260562 
48 275691 
49 245255 
50 286506 
51 268871 
52 288858 
53 299959 
54 263779 
55 285513 
56 292550 
57 327763 
58 276211 
59 270050 
60 236123 
61 271582 
62 357634 
63 324068 
64 307567 
65 294431 
66 321410 
67 287637 
68 289534 
69 263982 
70 307180 
71 316547 
72 310482 
73 285668 
74 287119 
75 324951 
76 308124 
77 302198 
78 337462 
79 297286 
80 301372 
81 301982 
82 331580 
83 348912 
84 322508 
85 330793 
86 313720 
87 291444 
88 315314 
89 281968 
90 330281 
91 263619 
92 236579 
93 269940 
94 268828 
95 260150 
96 303954 
97 284206 
98 253987 
99 280489 
100 287650 
101 265128 
102 279253 
103 246249 
104 270113 
105 275930 
106 279565 
107 289321 
108 282279 
109 318438 
110 294101 
111 285503 
112 274872 
113 255507 
114 339493 
115 308216 
116 282352 
117 263149 
118 287510 
119 282142 
120 316296 
121 276121 
122 312907 
123 282305 
124 279844 
125 299375 
126 289594 
127 280950 
128 304491 
129 289974 
130 256203 
131 289686 
132 277645 
133 303998 
134 287212 
135 261602 
136 250466 
137 260173 
138 246021 
139 308153 
140 263328 
141 233900 
142 280788 
143 246865 
144 244330 
145 290693 
146 294867 
147 272630 
148 260972 
149 263936 
150 258658 
151 272118 
152 256444 
153 269323 
154 262708 
155 281725 
156 263987 
157 260851 
158 243312 
159 269799 
160 260053 
161 241925 
162 260292 
163 314532 
164 306965 
165 276342 
166 274292 
167 335254 
168 284142 
169 299181 
170 308492 
171 305958 
172 280542 
173 288350 
174 239596 
175 336236 
176 257908 
177 257915 
178 270010 
179 256861 
180 218834 
