1 302134 
2 307345 
3 311061 
4 308242 
5 297873 
6 290518 
7 279147 
8 349822 
9 285894 
10 327126 
11 320769 
12 296309 
13 291850 
14 360429 
15 292998 
16 340967 
17 347819 
18 331424 
19 367364 
20 326025 
21 319585 
22 325859 
23 336256 
24 328458 
25 329344 
26 346813 
27 311898 
28 300246 
29 308029 
30 322197 
31 330507 
32 360278 
33 339834 
34 315942 
35 267072 
36 376776 
37 338667 
38 346338 
39 346726 
40 363567 
41 351922 
42 360798 
43 282258 
44 357230 
45 328796 
46 333888 
47 250908 
48 273156 
49 245407 
50 280957 
51 260142 
52 287638 
53 302321 
54 254712 
55 283308 
56 294304 
57 322637 
58 275672 
59 270154 
60 228550 
61 261938 
62 367786 
63 322648 
64 308723 
65 285487 
66 319256 
67 279826 
68 290650 
69 256099 
70 310101 
71 324712 
72 301164 
73 290655 
74 284760 
75 313716 
76 304057 
77 291003 
78 338263 
79 263126 
80 311379 
81 295314 
82 344730 
83 338438 
84 327027 
85 334535 
86 313691 
87 284662 
88 310311 
89 275003 
90 332979 
91 265838 
92 230157 
93 270016 
94 260397 
95 257043 
96 302276 
97 277588 
98 244081 
99 273122 
100 286174 
101 265096 
102 284692 
103 248772 
104 270897 
105 270694 
106 279882 
107 275998 
108 274444 
109 308109 
110 288243 
111 281862 
112 271125 
113 266419 
114 332835 
115 315478 
116 286013 
117 260568 
118 273919 
119 284612 
120 314255 
121 279231 
122 318273 
123 269381 
124 283186 
125 289394 
126 288648 
127 280135 
128 302489 
129 278243 
130 253151 
131 288039 
132 288649 
133 295729 
134 285528 
135 250567 
136 242725 
137 248379 
138 243373 
139 297354 
140 260842 
141 233517 
142 280570 
143 238765 
144 241634 
145 287236 
146 290811 
147 267808 
148 256085 
149 265630 
150 258802 
151 271185 
152 253794 
153 266811 
154 262259 
155 279461 
156 262830 
157 257038 
158 241750 
159 269136 
160 256217 
161 238383 
162 259102 
163 318735 
164 311860 
165 272416 
166 257725 
167 324355 
168 284442 
169 291678 
170 302375 
171 299023 
172 282626 
173 290389 
174 242919 
175 336338 
176 253268 
177 246617 
178 261671 
179 248879 
180 221225 
