1 290727 
2 312185 
3 315806 
4 305221 
5 289678 
6 312478 
7 278324 
8 350765 
9 286129 
10 323738 
11 317334 
12 298589 
13 286916 
14 360370 
15 294715 
16 352112 
17 342589 
18 326504 
19 363974 
20 318143 
21 313716 
22 327171 
23 336840 
24 331623 
25 334642 
26 352612 
27 312945 
28 299018 
29 310183 
30 310515 
31 334447 
32 362317 
33 351670 
34 322965 
35 260226 
36 375350 
37 336800 
38 347116 
39 341581 
40 370111 
41 342919 
42 364409 
43 285887 
44 365607 
45 344325 
46 337687 
47 254581 
48 269197 
49 238170 
50 274513 
51 261956 
52 278891 
53 297840 
54 245731 
55 283395 
56 287634 
57 323132 
58 273917 
59 272399 
60 229587 
61 258364 
62 366826 
63 314625 
64 311453 
65 287857 
66 317448 
67 287353 
68 289386 
69 265495 
70 303906 
71 320452 
72 303421 
73 286030 
74 280508 
75 323955 
76 305228 
77 290481 
78 338562 
79 293136 
80 311026 
81 299222 
82 354628 
83 340638 
84 325981 
85 328452 
86 313004 
87 283731 
88 318928 
89 275410 
90 321100 
91 266277 
92 230403 
93 273150 
94 267965 
95 255439 
96 293069 
97 277860 
98 241203 
99 280391 
100 295700 
101 264636 
102 282042 
103 240575 
104 266333 
105 277073 
106 281519 
107 280411 
108 279033 
109 312914 
110 293296 
111 282323 
112 277086 
113 260264 
114 338636 
115 310554 
116 279958 
117 251375 
118 273929 
119 283559 
120 313129 
121 281301 
122 315312 
123 270114 
124 281768 
125 295004 
126 291689 
127 277046 
128 302510 
129 289492 
130 253429 
131 294067 
132 285163 
133 294065 
134 285663 
135 253027 
136 244612 
137 255874 
138 241966 
139 302290 
140 258650 
141 233390 
142 281547 
143 246162 
144 241416 
145 289915 
146 287419 
147 270948 
148 255756 
149 265894 
150 255435 
151 269363 
152 255930 
153 269588 
154 267959 
155 278428 
156 263135 
157 256008 
158 245433 
159 269967 
160 252868 
161 241684 
162 251559 
163 313572 
164 311774 
165 273361 
166 265861 
167 323790 
168 280544 
169 290078 
170 305386 
171 305285 
172 282847 
173 288687 
174 240842 
175 337766 
176 247015 
177 252833 
178 263450 
179 253638 
180 220086 
