1 299039 
2 308922 
3 308349 
4 306144 
5 293964 
6 312598 
7 283396 
8 352663 
9 277937 
10 321529 
11 316612 
12 298512 
13 281681 
14 347928 
15 294780 
16 335125 
17 336426 
18 334760 
19 363879 
20 327666 
21 318995 
22 331564 
23 333185 
24 334366 
25 332082 
26 351639 
27 312558 
28 301744 
29 298007 
30 313612 
31 328807 
32 358405 
33 355459 
34 318736 
35 268908 
36 371474 
37 326545 
38 347300 
39 353837 
40 362418 
41 358212 
42 364850 
43 285884 
44 365001 
45 334678 
46 340164 
47 251199 
48 276925 
49 242598 
50 280948 
51 263128 
52 282270 
53 296047 
54 260566 
55 286406 
56 286422 
57 318285 
58 269010 
59 271912 
60 224435 
61 267382 
62 362768 
63 327316 
64 314035 
65 284632 
66 319836 
67 286812 
68 284670 
69 254382 
70 312006 
71 320510 
72 300535 
73 294380 
74 281532 
75 316178 
76 302224 
77 296000 
78 332915 
79 282366 
80 314450 
81 296502 
82 345970 
83 334549 
84 321190 
85 331959 
86 310955 
87 283264 
88 318353 
89 278417 
90 319010 
91 259210 
92 234785 
93 267598 
94 260060 
95 256387 
96 300460 
97 279822 
98 244215 
99 273192 
100 293711 
101 263510 
102 277716 
103 245274 
104 261730 
105 275147 
106 275295 
107 280695 
108 272080 
109 310015 
110 286295 
111 273792 
112 266815 
113 263530 
114 335310 
115 313902 
116 281269 
117 264452 
118 281648 
119 274315 
120 314035 
121 273612 
122 317180 
123 275998 
124 272316 
125 294342 
126 281762 
127 270900 
128 296335 
129 288113 
130 243036 
131 293125 
132 286700 
133 301351 
134 288295 
135 251645 
136 243881 
137 252025 
138 246595 
139 299969 
140 262655 
141 233327 
142 273066 
143 244854 
144 241447 
145 291441 
146 288872 
147 272318 
148 258117 
149 269790 
150 254205 
151 261956 
152 254444 
153 272594 
154 261591 
155 281277 
156 259937 
157 255405 
158 236658 
159 264585 
160 246486 
161 243430 
162 260047 
163 310050 
164 309631 
165 270128 
166 265320 
167 326014 
168 281961 
169 291295 
170 298884 
171 305840 
172 278170 
173 294314 
174 230952 
175 330946 
176 254616 
177 254280 
178 265933 
179 255106 
180 223580 
