1 258908 247566 257180 259143 257232 255431 257308 258696 259118 255896 257007 257312 255431 257519 257729 256061 257317 257517 255860 258388 256902 255431 256265 256287 
2 261952 259056 257946 258923 257401 260162 257401 257401 257515 257401 257401 257615 258471 257401 257401 257846 259496 259188 258684 257401 257834 257515 258784 257401 
3 270721 270733 270721 269567 271968 271782 271524 271272 265064 270733 271112 271524 265091 264857 264356 270859 270721 264936 272417 271104 264356 270721 270733 270733 
4 287375 290028 289088 290720 287732 288516 289868 287856 288697 288950 290506 290400 288433 288752 289325 288955 287851 288433 289784 290556 287800 288223 288764 288165 
5 256548 258231 257771 258867 258755 256920 257133 251388 257221 257148 256548 257591 256571 256548 256548 256548 257801 256571 251265 256548 256548 257291 257696 256904 
6 300485 298665 299726 299428 299951 300485 299921 298886 298665 298665 299376 299726 298665 298665 299270 298665 301001 298886 300485 300399 299100 298750 298665 299100 
7 324177 301959 298799 299648 327213 297496 298406 299344 304730 297497 300701 297778 297496 301290 298847 299680 299240 302219 328441 326671 297496 326121 297497 297497 
8 253606 251797 250125 252493 253002 252493 250998 250731 252294 252493 251763 251288 250998 250125 250653 252190 251832 252506 252375 252734 251797 250125 252850 250998 
9 282994 283044 286206 286140 284867 282960 282960 284171 282960 284957 284171 283044 282960 282960 282960 285204 286026 282960 285724 282994 282960 284356 282994 283044 
10 280680 280680 280680 281653 280848 280680 281637 280680 280680 280848 280694 280680 280680 280680 280680 280694 280694 280680 280694 280848 280917 280680 280694 280848 
11 316057 314467 313733 313855 313068 312919 313581 313068 313711 312670 312831 312995 313068 312919 312670 313581 313581 313581 313418 312670 312670 312670 313581 312919 
12 281429 281649 281429 282242 282828 281429 281649 281429 282339 282242 282687 282245 281429 282853 281820 281102 282656 282008 283938 282682 281059 282242 281429 283159 
13 265510 264318 263937 263101 264776 263034 263686 265627 263839 262600 265237 262066 262032 262066 263441 263441 267459 265605 263662 263215 264419 261828 262593 262032 
14 327715 328644 329172 308066 329159 328360 328644 329805 329139 329793 330605 329309 328360 328644 307002 328360 328644 306295 307623 328360 327715 329793 305513 305513 
15 315111 304069 319818 314533 317764 315068 305114 317133 318090 315111 315864 315864 315068 315472 315513 303547 315322 315576 316018 317922 314332 315111 303511 315682 
16 279259 278362 282029 281334 277686 278397 278397 280393 280182 278193 277653 278362 277543 278912 280550 280263 281514 278553 279811 280478 279710 278783 278792 278442 
17 211249 211098 212256 212444 210164 210212 211465 211001 210473 212235 212425 211355 210512 210212 210863 210786 210729 210958 211072 210212 210212 210981 210602 211465 
18 245884 245937 248079 245848 246917 245884 246451 246033 246476 247581 246888 248067 246524 246917 246044 246560 247090 246551 245937 245848 246044 245884 246560 245884 
19 241261 241693 240540 240705 241683 239644 240705 239221 241919 240600 242518 241493 242119 240274 239221 239443 240855 239994 239921 239221 239221 239721 239221 239221 
20 309020 309252 312756 311744 308616 306921 309588 310096 311440 311295 308006 310845 309995 310291 310627 309420 311626 309445 309483 311880 311008 310458 310914 309904 
21 261315 260071 260686 262355 260071 261708 262183 261969 262576 260926 262203 262680 260071 260071 262165 261008 260531 261403 262177 262722 261034 261182 262069 263651 
22 247731 247465 247132 247374 247200 247200 248107 247767 247474 247797 247336 248081 246877 247200 248680 248764 248580 247200 249036 248461 247462 247047 247933 248309 
23 291612 301672 292704 294398 291508 291612 292524 293860 292790 292094 293828 293331 292532 292557 292703 292548 298543 293444 291508 292593 291508 291612 293101 294736 
24 293424 292990 292990 293309 292990 293557 292990 288752 294114 295524 289575 295555 294171 292990 288809 287702 293424 288035 288191 293557 292990 292990 289556 287377 
25 269806 269609 270642 268694 268969 268898 269187 269509 268969 271017 270342 268476 268699 269509 269605 269016 279559 269187 270574 270168 269874 268476 269569 269187 
26 261127 261476 273518 272109 265255 267727 261127 261127 261127 261127 261995 263258 261127 275178 261127 261127 275804 273518 266958 265751 261995 261659 261127 261374 
27 261072 257278 257704 259581 256979 257278 257278 257398 257580 258100 260835 260366 257775 257278 256979 257278 261118 258390 261472 258684 258516 259126 256979 257580 
28 250773 249964 250865 249532 249370 248390 248794 249143 249092 249749 249635 249984 248531 248794 249627 249525 249635 249339 249525 249092 249414 248754 248531 248964 
29 279524 275994 278394 277004 275238 275238 276922 279130 282305 277337 279146 279186 277751 275238 276249 274905 277337 278488 278260 277004 277751 277751 276760 275238 
30 260121 258098 257830 259608 257859 258314 258658 259597 258460 258758 260704 259618 258568 258837 258658 258353 258180 258432 258875 259355 257529 258260 258658 258874 
31 261306 262013 261368 260805 261426 260328 259918 260472 260439 261293 260811 261240 260805 261409 260472 260731 261602 260805 259918 261364 260439 261745 260629 260419 
32 263302 264399 264960 266198 262817 263716 264932 264754 264025 265774 265092 268241 263721 264065 266473 263667 264817 264877 264454 266673 264547 263493 265041 265286 
33 251915 251210 252709 252500 251355 252609 251461 251584 250522 250980 252355 251705 251339 250522 251061 251485 251464 251339 251785 252164 251193 251261 250522 250970 
34 271574 269858 271717 270858 270743 271532 271780 271641 272476 270976 272549 273056 272276 271305 270912 272185 272470 272717 271022 271207 271305 270971 271085 273115 
35 205923 206805 207876 207006 206795 203266 205091 204963 206518 204152 205231 203916 204812 204988 205580 206562 204432 205215 207835 204928 204167 204885 204432 205560 
36 286308 283678 285174 286603 283678 283765 283765 284859 283765 285114 283765 286242 283722 283678 284686 285401 283722 284668 286087 285837 283722 283678 284222 283765 
37 302028 302055 302349 303138 302028 302028 302205 302028 302028 302028 302188 302117 302205 302028 302028 302322 302205 302028 302205 302954 302028 302205 302144 302205 
38 214896 210212 210705 212084 210629 210212 210705 210212 211766 210212 211034 211600 210629 210800 210212 210212 212453 210212 210643 210212 213500 210212 210212 210212 
39 233087 231928 232835 232265 230737 231928 230737 231954 230992 230737 232656 234230 232379 231587 231815 231729 233419 233090 232583 230983 230737 232026 231247 231209 
40 232717 230449 231423 232233 230506 230782 230728 231006 230434 231566 232785 233911 230506 231581 231332 230760 232129 231463 231468 230834 230434 230728 230867 231678 
41 290040 292623 291414 291062 290040 290742 292875 293329 294599 292623 295556 291798 293288 290701 289421 291561 293755 292665 291724 295546 292754 291197 290754 292623 
42 285124 284987 284638 288066 285213 283869 286070 286865 283143 283436 286391 286831 283949 283445 283482 284958 284699 283152 288062 288581 286262 284979 284146 287225 
43 263160 263160 264295 264125 263574 263185 263297 263520 263122 263574 264780 264135 263160 262702 263562 264162 263185 263562 263185 264721 264322 263687 263185 263562 
44 244795 246218 244517 245519 246795 245147 245070 245691 244795 246155 246719 246341 245070 245147 245303 244931 245070 246598 245070 245842 244517 245328 245070 244517 
45 234405 234502 234502 234505 234692 236146 235542 236740 234558 235731 235670 236457 234405 234581 234389 235879 235874 235034 235947 236953 234389 235607 237182 235034 
46 221161 221911 222948 222781 221161 221114 221900 222289 223252 221966 222709 222243 222902 221764 221764 221900 221114 221764 221764 221414 222644 221114 221764 221900 
47 247866 251001 249211 248920 248726 249621 246993 248557 246993 247509 250429 248649 249358 247999 247435 247637 248711 247988 247692 249101 248798 248720 249143 248091 
48 263418 263519 262833 263408 262250 261860 262053 263578 263638 263770 262618 264106 262846 263315 264244 263891 262380 263359 263448 262336 262834 263174 262599 264195 
49 230964 231688 231842 230960 230773 231393 230960 231147 231393 231234 231238 230963 230960 230502 230947 231072 231328 231328 231393 231271 230426 230960 231660 231073 
50 265462 264199 264414 266003 264500 264219 264758 263932 263478 263670 263653 265040 264690 262853 263702 263842 265452 265082 264135 263922 263722 262853 263933 264426 
51 275486 274226 277189 274278 274145 274520 274561 274093 277562 274616 275814 273739 275322 273673 277151 276599 277792 276404 274691 275635 275479 275066 275024 274780 
52 240224 240224 240318 241199 239783 240224 240224 242111 239783 239783 240224 241676 239783 240224 240988 240224 239783 239783 240224 240224 239783 240430 240224 240224 
53 225086 221474 220639 223152 222059 220631 222001 221195 220639 220638 222260 221474 220639 220731 221474 220802 220639 221978 221731 223684 223310 220639 220639 220810 
54 235346 231816 230408 230538 230433 230922 231516 230922 232881 230781 230430 230430 231002 230493 230254 230700 232309 230254 232330 231196 230209 230315 231516 230919 
55 232008 231840 231703 232406 231166 231990 232162 231677 231610 231632 231645 231391 230417 231725 231610 232491 231479 231666 232274 232528 231323 229741 231398 231767 
56 272025 270315 271632 271141 270144 270945 271668 271272 273125 271770 273238 272085 271602 272165 271991 271368 272050 270315 272451 271490 272971 275059 271109 271597 
57 294186 293455 296960 295490 291091 293192 293513 295824 295517 293997 294856 297303 292429 295736 293148 293750 293081 294878 296479 293346 291530 292556 295265 295035 
58 254384 254765 253610 254380 254359 254059 255264 255518 254380 254505 254853 254782 254500 254147 254714 254413 255299 254064 253768 253768 254566 255697 254957 254702 
59 205891 205063 205891 206523 205063 205063 206190 205733 207131 207384 205962 206110 205480 205607 205312 206190 205063 205973 206799 206463 205761 205364 205873 205380 
60 240708 239240 239041 242958 238993 238927 241900 244420 240224 241085 241488 241235 238797 238927 239212 238934 239897 238461 241859 240117 239715 238788 239489 240063 
