1 255379 258449 258924 256631 257032 256061 257735 257312 255431 257519 255379 259097 255431 256902 255591 247362 259255 258644 256902 250085 257032 247362 257770 256810 
2 257401 257515 257401 259649 257401 257401 257401 258288 257401 258885 257401 257401 257401 257401 257401 257401 258771 259188 257401 258757 257401 257401 257401 258876 
3 271924 270612 271826 264427 269567 271112 269567 269567 270721 269567 264857 264936 266318 264857 269567 265091 273076 270721 271782 265896 270721 270721 270733 264936 
4 288744 287375 290304 291018 288412 290156 289170 289170 289243 289197 288617 290595 289170 288895 288708 288651 287314 289520 289434 289570 287375 289170 288955 289546 
5 257221 256548 257398 258162 256548 256691 257221 256691 257221 256548 257007 258477 256571 256920 257814 250896 256548 257786 257839 248670 257016 256548 256691 256571 
6 300584 298764 298665 298764 300531 298665 298750 300572 298665 301050 298750 299951 299632 298750 300200 298665 299951 300008 300991 298764 299781 298665 298750 299376 
7 327213 327532 298502 297497 297497 297496 298118 298406 324177 327735 298000 329368 298799 297496 302272 297551 301747 301052 300179 300583 297497 299351 301051 299591 
8 253561 253688 251573 250125 253756 251427 250861 251723 251288 250484 250125 252375 251832 250125 252396 250484 253649 250275 253410 250484 252375 250125 250653 250861 
9 282960 284259 283079 282960 282960 282994 282960 282960 286870 282960 283897 282960 282960 282960 283044 286829 282960 283044 286386 283044 283044 282960 282960 283044 
10 280848 280680 281035 281035 280680 280680 280680 280999 280680 280848 280848 281643 280694 280680 280917 280680 280694 280680 282053 280848 280694 280680 280680 280848 
11 312919 313068 313581 313068 314140 313380 314467 314227 314121 313180 312670 314412 312670 313380 312995 312670 313581 313479 314667 313180 312919 313068 312995 312670 
12 282828 281429 281649 282656 281059 282339 283006 281649 281649 281820 282242 283887 284365 281649 281429 281429 285164 281429 281429 282242 281429 281429 281580 282339 
13 265510 264134 262500 262168 265166 262066 264584 263839 266649 265862 261983 262066 263766 263034 262593 262593 262032 264541 265731 264259 262198 263937 263588 262168 
14 309449 329831 328360 328360 328570 328360 328644 305841 328932 307792 305513 331027 328360 330527 327715 329172 328360 327715 329644 328360 328932 306295 306528 328644 
15 315111 315980 306859 315111 315864 315322 316239 316018 314869 317300 316851 315863 315111 315111 303547 315864 320672 304464 317300 315322 303547 315864 304144 315652 
16 278783 279793 280337 281307 281514 279391 279335 279222 277952 280158 279483 279012 277251 280034 277892 278362 280182 278701 281688 280279 277919 279222 277543 281079 
17 211281 211477 211838 210212 211278 210729 211166 210679 212027 211804 210212 210958 210948 210212 210364 210478 210212 212384 211425 211216 210985 210985 210981 210474 
18 247791 246814 246524 245926 248298 246044 246524 247110 246135 246524 247090 246116 245848 246476 245884 245884 247090 247643 245937 248074 246524 245848 245884 245884 
19 239221 240014 240705 240604 239221 239221 239221 239644 243841 239644 241909 242398 239644 240955 239221 240600 241875 240600 239921 240827 240894 239221 240862 239971 
20 308946 310756 312155 308182 312382 310586 309458 309458 309020 309514 309635 311519 309462 309588 308616 310525 312525 308006 310213 310291 311040 309302 309302 309103 
21 261794 260531 261843 262861 260071 260926 264479 261705 263091 261988 261217 262345 261008 260686 261951 261315 263460 260218 260218 261034 260071 260686 262057 262102 
22 246244 246952 247515 248133 247668 247949 248354 248186 248480 247491 248034 248118 247200 246432 247870 247725 247462 247200 247200 247047 247763 247200 247868 247200 
23 291508 292470 293103 292466 291624 291508 291612 293182 291624 292704 295112 291508 292868 291624 291508 292362 292439 293313 295170 293023 291938 293687 293380 291624 
24 292990 293309 295281 293730 287127 294874 288234 294812 298574 287913 287527 288572 288243 288226 287714 287127 294878 293690 288260 295361 294152 288243 292990 288756 
25 269874 269268 272370 270642 269486 269569 268476 269016 268658 273436 270288 271910 268694 269931 268476 269016 269705 268476 270574 269016 268694 268858 269326 269103 
26 269689 262460 262243 275582 264929 261127 261127 261127 263281 264827 275582 274005 261127 261127 261127 261995 276526 266727 261995 265177 264221 262243 274897 261127 
27 262122 257674 256979 257932 258477 257580 257278 257278 257775 258480 260279 256749 257674 257278 257944 258278 258491 258424 259994 257915 257278 257278 257580 259146 
28 249525 250589 249627 249419 249242 249448 248560 249525 251161 248531 251024 248531 248560 248390 249498 249136 248390 248531 250041 249242 248390 248390 249773 249583 
29 276922 274905 276249 277751 275238 275238 276142 276760 275238 276594 275895 275994 277751 276760 278273 278878 278278 277751 278291 276760 275238 275994 276760 277751 
30 257529 257901 259143 258364 257809 258658 258658 257616 259179 259236 258350 258401 257859 258658 258098 258432 257859 258401 260437 260932 258432 259045 256944 258682 
31 261940 260282 261334 261334 261143 260544 261869 260181 261097 260282 259918 260282 260282 261344 260949 260883 260917 260701 261734 261311 261097 261439 259918 260949 
32 265512 263848 265594 265331 262734 265132 264483 264914 264030 265176 262792 264990 264623 265620 264335 266891 266495 264103 265718 266184 262988 262792 265001 265429 
33 250661 251839 251459 251264 250522 250970 250811 251227 251355 250933 251426 251708 251193 251278 250642 251738 250661 251485 251193 251844 250661 251179 251533 251571 
34 271085 272547 271367 274353 272115 270791 271085 270643 270899 272956 270808 273253 271612 272344 271902 271453 271305 271634 272844 272437 271773 271194 271565 273099 
35 204877 205950 206453 207559 207800 206529 206805 205970 206369 207713 205700 206583 206550 205801 205698 205724 205157 206458 205024 206300 204573 205685 204902 205559 
36 283678 283809 285611 287298 284222 283722 284222 284561 283678 283678 283809 283765 283678 283722 284222 283765 283722 283722 285248 284784 283722 283678 284551 285521 
37 302205 302188 302205 302806 302055 302055 302188 302028 302028 302028 302322 304125 302028 302188 302445 302055 302205 302209 302322 302028 302188 302028 302028 302205 
38 210402 210212 211762 210665 210402 210212 210212 210629 211350 210643 210705 210629 210643 210629 210212 210212 211943 211198 210212 210661 210762 210212 210629 210212 
39 232623 231698 230737 230737 230737 231704 232371 232107 231548 231548 232425 231729 230737 230992 231471 231582 231220 231674 231923 232564 232625 232026 232554 231776 
40 230506 233208 230514 232127 230506 232043 231581 232230 230506 230728 230782 231015 230506 230782 230514 230782 230506 231894 230782 231780 230506 230506 230514 230782 
41 293967 293240 291135 290794 291135 290794 292892 291597 290369 289421 294954 291712 292677 291752 290732 290040 290754 293755 296440 290404 289421 292449 289421 293818 
42 284258 285891 282701 285196 285073 283803 284109 283047 282526 286531 284800 288888 284240 284456 286876 286503 286018 286075 281764 286667 283904 284779 285277 284829 
43 263160 263451 264365 265454 263562 263230 263875 263570 264548 263883 265024 264083 263464 264114 263700 263969 263562 264562 262702 263794 263464 263562 263562 263562 
44 246891 245070 244517 246735 244517 245715 245070 245767 245347 245519 246457 246558 244517 245333 246127 245552 245751 245869 245899 246553 244928 245519 246061 245847 
45 235943 235417 237237 235978 235162 234792 234311 235710 236380 238027 234692 235989 234389 236160 234929 234904 234389 234581 236559 236213 236015 234558 234596 235066 
46 225448 221900 222408 223736 223374 222735 221161 222136 221764 222136 222925 225359 222714 222278 221635 221161 221717 221764 225097 222446 222463 221161 221865 222489 
47 249236 246891 249777 250174 246993 247957 248994 247673 250065 247767 248620 249875 247979 248992 249007 248760 249437 248528 247657 249043 246993 248421 248440 249648 
48 264966 263408 262878 263790 262370 262310 262694 264043 262932 262560 263716 263759 263178 262375 263270 263277 262951 263614 263544 264296 262380 262602 262438 262617 
49 230751 230964 230964 231393 230964 231127 231393 230261 231940 231258 231127 231872 230566 230746 231085 231413 231238 230299 231419 231848 231238 230689 231426 230960 
50 263569 264264 264676 265861 263302 263526 264037 266582 265196 263509 264212 265820 262853 264264 262326 264598 264323 264517 263629 264480 264645 263884 264427 263149 
51 274616 274167 276580 274211 276540 274678 273904 274832 273904 276466 277399 276375 276572 273797 273714 275054 274481 275672 276417 275204 274208 275800 274756 274762 
52 239783 240224 241606 240224 240224 239783 240224 240224 239783 240224 239783 240992 240224 240677 241202 239783 240224 240224 240430 241202 240224 239783 242006 240282 
53 224581 222299 220742 220639 222137 220810 221474 220639 222771 220463 221241 221226 221454 221351 221423 222592 220639 221630 223159 221990 220802 220739 221926 221003 
54 230209 230430 232299 232402 231587 231781 230781 230430 232028 230535 231518 233750 230254 230209 230538 230334 230889 232953 231363 233685 230209 230430 230430 231044 
55 231391 231563 231223 231974 231391 231391 231325 231416 231970 233103 231862 232936 232722 231416 231732 232121 232263 231523 232658 232123 231308 231480 231865 231480 
56 271430 272096 274292 271094 271844 270747 271467 271166 272845 270147 271895 271924 270144 272076 271535 270906 272985 274408 272556 272182 271819 273044 271632 270991 
57 293477 292936 296094 293959 292232 293849 294530 292538 291730 292223 296528 294642 290225 294116 295542 295629 293685 293827 294403 295164 293742 295518 293778 294180 
58 257501 255396 255527 254521 253768 253503 256212 254921 256314 254917 254908 255996 254243 254947 254513 254566 254418 255299 255377 255420 253503 254355 254505 254059 
59 206789 205264 205063 205761 205063 205607 205063 205811 207818 206162 207115 205403 205358 205712 205312 205483 206003 205761 205856 207638 204148 205900 205848 206045 
60 240618 243987 239443 243972 240081 238503 238812 240939 241416 238478 239183 241704 238120 239382 238927 239024 240417 243200 242827 238824 240034 238510 238434 238650 
