1 255431 255431 255896 255896 257032 257032 256409 255860 257308 255860 258151 257735 247597 255896 247566 255431 256781 257732 248108 248027 257308 248416 256181 256934 
2 257401 257401 257401 259101 259496 257834 258471 257401 259188 257515 258871 257401 257401 257401 257401 257401 257401 257401 257501 257515 257401 257501 257401 257401 
3 270721 269567 269567 273536 269567 264936 269567 264427 271301 271996 269567 271826 265011 265011 269567 269567 269567 269567 272593 272079 269567 264897 264897 264857 
4 290695 290742 289825 289952 291344 288461 288162 290221 292069 291617 290744 289340 287375 289170 289325 288312 290131 289863 288433 289170 287375 282195 289170 290004 
5 251192 257007 256548 257977 257801 257711 257421 258596 258171 256882 259459 258655 257111 257951 258393 256920 257845 258371 257298 257707 257659 256548 257148 256548 
6 300485 299917 300485 300641 300485 298665 299799 298886 298665 300896 298750 298665 299781 300198 298665 298665 299781 299015 300896 299015 298665 298665 298665 298750 
7 297551 327457 326578 297551 299809 297497 297496 297496 301107 301422 304259 303389 297496 299351 297497 299591 303530 300336 299830 297551 301569 299856 299589 299351 
8 251797 252460 252190 254068 252850 252129 252103 251577 253476 250634 252190 251763 253027 250125 251288 250125 250275 252295 253733 251148 251148 251148 250484 251831 
9 283044 282960 284867 284674 282960 282960 284171 283044 282960 282960 284577 285166 282960 282960 282960 285496 282960 283044 283685 282994 282960 283870 282994 283649 
10 281035 280680 280680 280848 280848 280680 280999 280848 281453 280680 280848 280680 280680 280680 280680 280694 280848 280680 280999 281997 280680 280694 280680 281810 
11 313581 313536 312995 314467 314838 312670 313581 314286 313581 312919 313581 314467 313955 313068 312995 313068 314467 314236 314467 313068 313711 312831 312919 312831 
12 281429 281429 281429 281649 281059 282730 282565 283036 282687 281102 282242 282825 281429 281429 281429 282853 281429 281429 281847 284249 281429 281429 282339 281429 
13 264326 263308 262066 264013 264776 264727 262174 261828 266274 265023 264913 263572 263620 261828 264373 263965 265538 264230 264074 263839 265862 263308 262032 262032 
14 327715 329139 329309 328360 328644 305513 328360 329139 331288 328360 305841 306829 328360 329616 328570 328932 328984 328644 330448 329172 331877 309763 308763 305513 
15 315166 316423 315773 314533 318719 314533 316286 318060 320162 314533 316309 317477 317764 307269 315166 317708 314360 315977 315472 315111 314533 303547 315864 317192 
16 283363 280195 281560 281953 278124 279612 279594 279483 280182 279401 280456 280060 278783 278978 278216 281114 280876 277686 280030 279335 278837 277251 277517 279803 
17 211804 210212 211431 211716 210212 210729 211859 210164 210981 211969 211334 212304 210164 210164 210877 211470 212116 210212 211550 210212 210521 210956 211282 210786 
18 247408 245848 246551 247408 246524 246476 245884 246476 245884 245848 246560 247243 246524 246814 246438 246636 246639 246135 246964 246541 246541 245848 246604 246551 
19 241888 239221 240604 243233 239221 240274 240705 239221 241555 241877 241877 243204 239644 240855 240671 240762 243684 240913 239221 241113 241619 239371 239221 240827 
20 311279 309881 311323 311431 310795 310464 309616 310929 311070 312284 312639 308890 309995 311114 310931 308006 311864 309721 312349 312894 311247 308006 309995 308006 
21 260071 261851 262942 262994 262288 260479 261948 262177 262276 262867 263024 261827 262733 260071 260071 260926 261816 260071 262203 261008 260479 261705 261760 263698 
22 247156 247274 246234 248729 246595 247870 247808 247556 247047 247711 247515 248624 247200 247366 248496 247868 247899 248034 247204 249300 246571 246599 248346 246952 
23 294115 293514 294450 294989 293146 291624 293023 292724 295803 292548 293008 294034 292182 292736 292094 292704 292790 294503 292386 293351 293724 292724 291732 291508 
24 293309 288353 294084 289290 293424 292990 288482 288356 288720 293309 294068 293840 292990 292990 288831 292056 293309 292990 289556 290750 294152 287127 288826 292990 
25 274939 268694 270112 288305 268694 269268 268658 268969 268694 269103 271846 271565 270718 269486 268658 268969 269016 269123 270444 268898 268699 269874 268476 269123 
26 275246 274768 273086 261127 261127 262127 275237 262977 264781 273910 261127 266227 262400 261127 261127 261127 268901 261127 261127 276152 265807 261127 261127 262240 
27 262049 259609 260022 261152 258345 258298 257786 257153 257674 257278 257278 257153 260036 258100 257278 257528 258516 257932 258298 257153 258003 257786 258730 257278 
28 249767 248619 250377 251720 249092 248619 248619 248390 250397 250435 249987 249522 248390 248754 249773 248794 249118 249635 249242 249525 249960 249092 248754 250706 
29 277751 277746 278260 277208 275238 278260 277756 280068 276760 276761 277751 277751 275895 275994 278180 276760 276249 275238 279394 278273 275994 277751 277337 277751 
30 259854 257465 259605 258098 258482 256944 257901 257026 259143 258098 259353 258530 258098 258966 259353 258314 258926 257901 258098 260408 258098 258658 258658 257616 
31 261264 260544 260886 262038 260805 261463 260701 261134 259918 261490 261838 260811 261488 261097 260701 260468 260743 260635 261286 261237 260805 260275 260894 260658 
32 264962 264884 264795 266455 263275 262600 264295 264475 267314 265186 262817 264430 262817 263858 263979 265941 264618 264373 264981 266650 262576 263731 264533 264656 
33 252341 251081 252421 251179 250642 251179 251401 251674 251716 250661 252394 252355 251333 250842 251321 251193 253035 250826 252268 251533 250642 251306 250522 251223 
34 271305 273430 273174 273668 270381 270880 272327 272776 270315 272396 272280 273040 271984 272139 270912 271262 272654 272392 272180 272069 270981 271697 271429 271577 
35 206422 205993 205659 204877 204182 204687 205050 204898 203949 207277 207026 206423 206619 205742 204650 204752 203949 206466 207653 204088 204928 204807 206609 206022 
36 284828 283678 284222 285462 284134 284551 284222 283678 284813 285288 283765 283765 283678 283678 284464 285063 284134 284772 283678 286521 284134 284464 283812 283765 
37 302314 302055 302477 302322 302028 302188 302028 302028 302028 302055 302028 302188 302055 302028 302028 304163 302028 302028 302028 302028 302188 302028 302028 302322 
38 211466 211580 210629 210629 210643 210643 210212 210212 211043 210422 210402 210212 210629 210212 210212 210212 211450 211034 210762 210643 210862 210212 210629 210212 
39 230737 230983 231992 232039 231831 231209 231753 231803 232430 230992 232517 231597 231632 231398 231548 232036 233682 231582 232332 233089 230737 231587 231770 231711 
40 233234 230782 234617 233100 230506 230728 230782 231581 230434 230834 230782 233260 230506 231463 230782 231095 233394 232454 234306 231095 231954 230825 231398 233242 
41 291724 291059 292177 296299 291724 289421 292295 292623 291894 291229 293220 290446 293961 290156 290732 295361 291898 290906 292254 296078 290966 292762 290975 292018 
42 282191 283188 285112 286118 284647 284333 283299 285164 286046 283265 287011 283625 285138 284568 285570 285655 284901 284268 285476 285688 282734 281110 282423 286940 
43 263562 263562 263574 263562 263185 263562 263562 263798 263185 263618 264324 264324 262702 262702 263700 263562 263277 262702 263875 265117 263562 263562 262702 263794 
44 245635 245479 247511 245070 245516 244517 244517 246692 245691 245900 245745 247022 245070 245890 247161 245516 245147 244795 246119 246985 245070 245070 245677 246493 
45 234505 236611 235750 235839 234774 234581 235685 235686 235081 234799 234696 236855 235162 234792 234311 234947 234389 237288 235831 234655 234655 236295 235686 236817 
46 221900 222329 224233 222329 222408 221764 223418 223033 221764 223799 222426 223322 222378 221764 221764 222493 225558 221161 221161 221161 222042 221161 221635 222644 
47 249096 249121 249305 250760 248191 249175 248414 247992 249232 248685 249641 249460 248642 248051 248777 248602 248737 248300 249347 249685 250618 247435 249232 247695 
48 261064 263709 263364 263750 262812 263975 262727 262947 263479 264077 264440 262592 262370 263226 263145 262756 261768 265078 263544 264147 262835 261258 262238 262236 
49 230608 231488 231467 230995 230532 230608 231940 230773 230700 232258 231286 231047 230532 231052 230608 231017 230717 230964 231036 231413 231155 230343 231393 231716 
50 264645 263403 265939 264165 264054 263653 264008 263502 264654 263750 264982 264332 264180 264432 263908 262752 265544 264645 265511 263841 263918 265323 263722 264731 
51 274613 274133 274769 275557 274767 273904 274655 276088 274168 275019 275319 274756 276978 274428 274093 275921 273904 276506 275162 275196 273673 274226 274793 273927 
52 242876 240318 240827 240430 239783 241136 240224 240992 239783 242984 240430 241199 241932 239783 240430 240677 242291 239783 240827 239783 240224 240224 240282 240282 
53 224494 221535 223912 223809 222510 221003 221195 221235 221900 223207 223529 220810 221146 220884 221241 221080 220639 220639 222611 221363 221443 220135 221671 221241 
54 235664 232274 232763 232892 230385 230727 231567 230481 230254 230538 230463 231048 230727 230430 230385 230259 234404 230385 230888 230385 230727 230430 230880 231586 
55 230904 232150 232199 233327 231323 231892 231578 231823 230640 231280 232552 232475 231959 231323 231391 232274 231280 231893 231391 231391 231961 231188 232096 231391 
56 272208 270991 276792 270246 272085 271334 270991 271411 272306 274321 271571 270991 272135 270927 270800 272061 275836 273672 271898 275404 271730 270800 270991 270991 
57 293523 293466 293760 294381 293483 296190 294840 295900 291557 293621 296334 295668 292964 292061 292571 295504 292776 293965 295398 294794 293384 292870 295462 295056 
58 255463 254760 255701 256018 254190 254838 254097 254278 253503 254269 254502 254211 254418 254380 255199 253752 254564 254564 254064 254867 254170 254147 253915 253768 
59 206374 206003 205968 205517 205358 205264 205063 205312 207778 205891 205722 205345 205178 205063 205063 205358 208699 205607 206127 206493 206032 206164 206256 205063 
60 240117 241742 240335 242911 239161 240491 238510 241082 242130 241082 238120 240032 238510 239295 238650 239131 241914 240489 238510 242436 241567 238510 238773 238457 
