1 258902 257370 259429 257312 255431 256417 247362 248466 255431 255725 248211 255429 257102 257549 258034 256987 255431 257316 248211 258806 255431 257660 256088 257615 
2 257401 261483 258515 258684 258684 257501 257401 258288 260483 258684 258285 260162 258471 257515 257515 258684 257401 257515 258684 257401 259496 257401 259188 259319 
3 270733 264936 264936 264647 264936 264857 270733 270721 265803 264356 269567 269567 264936 264356 264427 264762 269567 269567 271272 271272 270721 269567 264857 271812 
4 290144 288305 289703 291260 288044 287682 290004 289921 288744 290985 290156 290750 288475 289003 287856 287962 289899 290036 289183 289720 287271 287836 289175 289369 
5 259448 257177 258496 257771 257021 257814 256548 257238 257021 256920 257421 258551 256548 257398 256548 256548 257884 250387 256571 257821 256548 256548 257186 256571 
6 300008 300485 298764 299376 298665 300485 298665 299726 300485 298665 299015 298750 300131 300399 298665 299376 300008 298665 299100 299711 300280 300485 299100 298665 
7 324177 328234 300092 329862 306976 302604 298118 324293 311074 299589 301384 302472 297496 297497 302101 297551 304339 298928 298719 299474 297497 297778 298502 300740 
8 251288 252588 252083 251148 250998 252182 250998 250125 251438 253499 253830 251940 251797 252750 250484 251427 250125 251438 252788 252190 253567 250275 250125 250125 
9 283044 283044 282960 286631 282960 282960 283630 284791 283044 282960 284957 283044 285532 283044 282960 282994 282960 282960 282960 282960 283044 282960 283930 283044 
10 282532 281734 281074 280848 280694 280848 280848 280680 280848 280917 280680 280848 280694 280680 280680 280680 280917 280680 280917 280848 280694 280848 280848 280848 
11 313581 312919 312995 313581 313581 314060 313581 312995 313581 313581 313581 313676 312919 313581 312995 312831 317480 314167 313068 314467 312670 312670 312919 312831 
12 281649 283978 282875 284038 281059 281429 282398 282242 281059 281820 282339 281871 281429 282245 281731 281429 284365 281820 281429 282242 281059 281429 281429 282598 
13 266415 263958 267152 262174 266162 262304 264014 261828 261828 263039 263875 262548 265023 262198 265023 262032 266948 262168 262720 262032 264971 263421 262032 263572 
14 328360 307614 330756 328644 328360 329520 329309 329750 328932 328360 328296 328644 307623 327715 329309 306829 328360 329734 328360 328360 328360 311177 307016 306295 
15 317300 317798 317609 316215 315068 315864 315111 305678 310234 315111 316691 319312 315322 315111 315068 316697 315068 315864 314798 319637 303547 314533 315111 304064 
16 280917 279793 281590 278967 280297 279335 281090 278397 278408 280009 280030 279708 281172 279222 278397 280034 278438 280641 280297 281514 281885 280205 278783 279885 
17 210212 210212 210786 212216 211589 210212 210164 210212 211184 212139 210679 211478 210164 210712 211182 210164 211003 211075 211158 211399 210261 210212 211380 211625 
18 245848 247634 246560 246186 245848 246474 246551 245848 247090 246737 246524 246387 247548 246044 246560 245848 246524 245926 247197 246560 245884 246604 245848 245926 
19 248308 241316 241612 240827 239221 240274 239221 240705 242258 239221 242038 240705 239221 239221 239221 239221 241683 240571 240783 241805 239644 239221 241113 239221 
20 309445 308702 309461 312849 310230 310627 308737 309761 308006 312335 311864 310069 310552 309763 308006 309483 309020 311553 311008 308006 309483 309103 309995 311416 
21 261414 262827 261969 262308 260071 261794 261260 260740 261794 261034 261550 260926 263044 260218 261955 260531 262216 260071 262910 262378 260071 262004 260740 262910 
22 248042 246644 250140 247569 247168 247274 247866 247515 246327 248227 248608 247200 247089 247200 248211 246595 247200 248034 248325 249700 247394 246780 246652 247868 
23 291624 292241 292350 295502 291732 291624 292608 292386 292440 294213 292680 294079 292704 291612 293273 293861 292874 292520 292332 292363 291744 292182 291744 292354 
24 295151 293680 296292 294874 292990 293424 288704 288226 289753 289744 288352 287327 288482 290977 288482 287952 294123 293557 290024 289368 293424 288482 288556 287527 
25 268658 271362 269806 269931 268694 268858 269705 269268 272572 268476 269634 272059 268694 269016 269840 268969 268969 268969 269769 270112 268969 269016 268476 269619 
26 264841 276289 276577 262731 261127 261127 262243 261995 262243 263462 261127 266993 261127 261127 262977 263281 275005 261127 265118 277396 261127 262243 261127 261127 
27 262828 258480 260499 257278 258012 258345 257580 257775 260042 256979 258231 259488 256979 259878 258199 258965 257278 257775 259753 259548 257481 256979 256979 257278 
28 251342 249428 249136 248794 248754 248560 248964 249525 250377 250377 248794 249532 249690 248390 248531 249646 248560 249336 248754 248390 249414 248531 249525 249570 
29 275238 277337 275994 278291 275238 275238 277791 275994 275994 275994 277751 278709 275238 275238 275238 276760 275238 276922 276736 278902 275238 275238 276760 276760 
30 260288 257830 258356 258735 257529 258658 258460 258658 258658 258353 260599 258953 257955 257955 259008 258735 258460 260006 258180 258098 258053 259108 258966 259143 
31 261385 260468 262144 264621 262178 260805 260181 260805 261143 260282 260701 261144 262269 260282 260701 260282 260936 260544 260267 260282 260805 260472 260886 260777 
32 263702 266264 264468 264817 264555 264267 265459 265074 266879 267196 266248 266589 262444 263124 263988 263978 264370 264766 264941 264862 265569 263825 264962 265557 
33 250980 251021 251708 252672 251617 251223 252042 252137 253135 251193 251793 251223 251278 251339 251355 251193 253026 252078 251484 252143 251187 250642 250642 251306 
34 273096 273665 271303 272006 271599 272389 273278 271888 272006 270880 271971 272807 271334 270643 272314 272566 271493 271971 271688 272626 272926 270793 272287 272689 
35 205284 207281 206274 207080 205249 204556 205828 206786 203968 204885 205068 205013 204709 206065 206862 206087 203949 204932 205730 205912 204928 203616 206471 204689 
36 284828 283765 283900 287204 284222 283722 285838 285609 284464 283765 283722 283722 285011 285153 283765 283765 284464 283678 284445 284315 284464 283722 285015 283765 
37 302028 302055 302322 302188 302205 302055 302028 302028 302188 302055 302945 302445 302028 302028 302055 302295 302055 302188 302028 303737 302055 302028 302205 302188 
38 211108 210212 214565 212198 210402 213654 210212 210212 210629 210212 210212 210422 210402 210212 210212 210212 211494 210212 210838 210924 211362 210212 210212 210212 
39 231770 231687 230737 232861 230737 231412 231831 232766 232230 231388 231892 230737 231471 230737 233403 232387 232306 232585 233721 233063 230992 232306 231343 231209 
40 230916 230514 233258 235354 232152 230825 231657 230782 231106 230506 232398 230782 230506 230506 230932 233049 230782 230434 231539 230506 231707 231006 231383 230506 
41 291484 290742 291898 291756 289421 293413 291796 292879 291964 291854 293364 295105 290321 289421 290094 291728 297446 290040 292359 290906 291135 292323 291062 293354 
42 286452 286527 287687 287621 285950 284755 285623 284373 284978 286912 282801 283921 285136 286948 286537 285390 283049 283962 284991 289795 281994 283949 285580 281145 
43 263185 263502 264328 262839 263160 263185 263562 263185 262702 263562 264276 263700 264197 262702 263700 264686 263815 263735 263700 263735 264322 263185 263562 264605 
44 245124 245436 245715 244795 246084 245813 245385 245461 246805 244517 245716 245360 244795 245626 245305 245552 246039 245367 245691 247174 244517 245070 246724 244931 
45 235162 236844 237032 235795 234596 235271 235656 236392 234505 234405 237502 238123 236015 236177 234799 235068 238233 234389 237459 234739 234311 234581 236502 235305 
46 222781 223060 222504 222698 221764 221764 221504 221161 222579 221161 221900 221630 221114 222206 222689 221764 222136 222701 221161 223148 224382 221764 221630 221161 
47 253034 248700 252054 250473 248142 248671 249644 248130 249328 248788 248327 248188 248617 248579 247398 247478 248498 247288 250558 250181 248551 248542 248875 247350 
48 262786 263218 263462 263564 262530 263474 263448 263829 262606 262954 263311 263161 262141 262990 262617 264381 263324 263552 265035 262390 262187 263322 262770 261860 
49 233228 230528 230960 232079 231024 230960 231393 230870 232049 231234 230532 231442 230499 231068 230861 231670 230960 230995 230960 231276 231461 230960 231393 231663 
50 264661 263629 264196 265299 264604 264460 264342 263794 265630 263759 264427 264537 264762 264033 264168 264161 266819 264644 264524 264254 263901 263824 263901 264095 
51 275860 275265 274279 277875 274347 274042 273678 275081 273390 276168 275889 276352 273996 273314 273314 274513 274574 274320 276605 277220 275310 276538 275689 274733 
52 240224 240444 240224 241138 239783 240224 240282 239783 243156 240318 240282 240282 240282 239783 240430 240430 239783 240444 242414 240224 239783 239783 239783 240224 
53 220639 224318 220639 221296 220709 221443 222334 221602 222504 220764 222962 221637 222554 221164 221443 220639 220639 222293 221290 222877 220639 220058 220631 221003 
54 233462 231334 231463 231493 230209 230430 230727 230430 230254 230209 230960 231061 230385 233459 230385 230254 230430 230430 232809 231503 230209 230254 230385 231315 
55 232082 231555 231922 232997 231323 231703 232630 231705 231654 231628 232552 231986 231588 231326 232450 231969 231097 231371 231097 232174 230904 230904 231391 231799 
56 272774 276946 271872 271860 271029 270382 270991 271460 271670 271731 271771 272867 270128 270684 270293 271784 270378 272308 272376 272967 271367 271663 270862 271502 
57 294217 296277 298595 297832 294343 295933 293576 296217 293754 293685 292877 290840 290904 292572 294708 295013 290415 293254 295852 297402 291529 291837 294331 294850 
58 254278 254733 254059 255716 254838 254064 255143 254782 255059 255411 253958 255432 253503 254380 254581 254468 254581 253503 254665 254915 254059 254593 255164 254849 
59 207248 205900 207744 205403 205900 205480 206003 205312 207341 205264 206256 205811 205312 205063 205804 205890 205811 206391 206060 205063 206954 205891 205041 205973 
60 239024 240164 242634 246621 239812 238461 238510 239898 241067 241462 244309 238773 239407 238578 241432 241086 239344 241948 241614 244009 239999 239164 240980 238980 
