1 255379 257180 257232 257073 255429 256417 257781 256929 259272 261007 257180 258709 255591 256886 255625 247566 255431 258041 256596 257447 256902 257509 247566 257416 
2 259941 258014 259754 259496 257401 257401 258771 257401 258471 259308 257401 260262 257401 257401 257501 257501 257515 257401 257515 259200 257401 257401 258923 258288 
3 271980 270733 272126 272449 269567 270859 270888 265213 266552 269567 265364 271536 267382 264356 265258 270612 271272 264356 273137 269567 270733 269567 264857 270733 
4 287962 288801 290882 290702 286946 289781 290103 287483 289720 290729 288481 291104 282134 281970 283128 288451 289741 289438 289081 290028 287962 289032 288162 288978 
5 258671 256548 258974 258306 256548 256571 257171 258194 257814 257801 258583 249735 257658 256691 257594 256691 256571 256571 250237 257186 257221 256548 257221 257007 
6 299015 298665 301027 298665 298665 298665 298665 299100 298665 300379 298665 299015 299015 298665 298665 298665 305439 298665 298750 300956 298750 298665 298750 299015 
7 326397 299589 324177 324293 298799 299591 300544 301666 324293 299934 297551 303436 299780 298406 301022 299351 298799 298719 302870 297778 301967 299580 297497 299811 
8 252190 254190 250125 252279 251947 252190 251288 250125 252490 250998 250998 252267 252868 251913 251723 250125 251723 250476 251430 250484 252068 250653 252933 250998 
9 287758 283719 283897 286680 282960 282960 282960 283630 282960 284171 284957 283897 282960 283079 283044 282960 282960 283044 282960 286110 285532 282960 285404 282960 
10 280917 280680 280848 280694 280680 280680 280680 280917 280694 280999 280848 282008 280680 280680 280694 280680 280848 280680 280694 280917 280680 280694 280694 280680 
11 313068 314795 313955 312995 313581 313894 313068 313855 313068 312670 312831 313068 315268 313380 312670 313479 313068 313536 312670 313581 313581 312995 313711 312831 
12 285053 281429 281429 281102 281059 281649 281132 282242 282696 282531 281429 284257 281102 281132 281429 281429 282687 283038 282339 282565 281429 281059 282211 282339 
13 265023 265952 262720 264348 265442 263034 263441 262720 265862 262174 263937 265321 264428 261828 265023 262198 261828 263686 262258 264285 265023 261983 261828 264306 
14 328260 307792 307123 328570 329008 306295 305513 328360 328360 328360 305841 329779 327715 305841 328360 305841 332250 328360 312399 308034 327715 305513 329520 313976 
15 314332 316049 315322 317902 303547 304774 315864 317841 315322 315576 315980 316018 315322 309164 303511 314564 314332 317609 315322 305123 314533 316215 315472 315322 
16 279335 279594 281444 281514 280221 279919 279710 278612 282402 278417 280030 279830 279560 278801 279560 281652 279176 277462 278783 280030 279560 279612 279299 278397 
17 210212 212490 210212 212499 210164 210679 210212 210212 211278 210883 212175 211179 210212 210164 212002 210679 212638 211246 210212 210981 210212 211249 211431 210770 
18 248954 246541 245884 246033 248522 245848 245884 246237 247110 246541 246551 246186 246639 246044 246186 246818 245848 247206 246438 247090 247224 246494 245884 245848 
19 242286 240393 242755 240600 241558 239221 239221 240506 242751 243892 240071 242204 242984 240014 239771 239571 242518 242125 240113 240193 239221 239221 239771 239371 
20 309302 310915 310972 308768 308156 311104 310961 311482 310442 310606 310374 310528 308672 308006 310672 309271 312070 309768 308182 312217 309881 309837 309483 308664 
21 260926 261008 262017 263152 260071 260686 264069 263211 262736 262090 261315 262641 260071 262951 260686 260071 263021 261107 263890 262936 260071 261502 261969 261330 
22 247200 247658 249228 249373 247797 247763 248444 247933 247200 247186 246432 247200 246840 246556 247132 247200 247200 247361 246648 248596 246860 247200 248016 248700 
23 292527 292895 294403 294338 292182 291508 293360 292478 293288 293108 295114 292332 293425 292440 293868 291612 294340 292727 291848 293820 291938 291508 292250 292702 
24 294413 294580 292990 293680 294878 288818 293680 289717 289738 292990 289531 294551 293680 293668 293424 294422 293424 293424 293424 293424 292990 287327 293309 294580 
25 269874 269704 271286 270638 269103 268969 269016 269597 269016 269123 268858 271874 269705 269016 270393 270112 268969 270436 270134 269760 270436 269268 269155 270718 
26 263281 275063 274005 275005 262243 261127 275374 261127 264177 267561 276339 261374 261127 261127 261127 261659 273518 261127 261127 261127 261127 261127 265677 261374 
27 259792 258375 257278 259437 257278 259620 257481 260282 259352 258817 259625 259289 257278 257278 257648 258596 257278 258770 257167 257278 258375 258625 256356 257153 
28 249428 249136 249937 249455 249525 250210 249847 249928 250210 250463 250020 250165 248390 249238 249525 248531 249370 249627 249583 250285 248390 248390 249136 249621 
29 275238 276760 275671 275238 275994 275994 276760 275994 277547 279854 277547 278291 275238 277679 276761 277677 276760 277751 277640 278291 277004 275515 275994 276922 
30 257823 259141 258482 259928 258460 259143 258314 258953 258364 258314 258953 260420 258460 258475 257026 259491 258353 259241 258850 258504 259143 258156 259141 258314 
31 260894 261097 260627 260805 261237 260608 260701 261334 261426 261594 261369 260976 260701 260805 260619 260725 260062 261190 260181 261680 260936 261598 260629 260917 
32 264668 265767 266130 265805 262987 264960 263721 264060 265450 265745 264420 263147 263991 265245 263171 263582 263650 265950 266813 267289 263264 264030 265139 264664 
33 252350 251812 251439 251333 250811 251210 252042 251839 250661 252355 251111 252471 250522 250980 251858 251355 251297 251308 251463 251758 250522 250896 251306 251179 
34 271429 273585 272256 270791 272074 271766 272677 270791 271453 270655 270643 273367 271910 270899 272000 270912 272874 271370 271794 270643 272018 272010 272602 272304 
35 207062 205774 205135 205623 203823 206263 204837 207497 205149 204687 205871 206042 204432 206337 204294 204847 206454 206057 206932 206231 204432 204807 204847 204545 
36 283678 285065 286395 285672 284551 284610 283678 285570 283722 283678 285122 283678 283722 283678 283678 283809 285570 284015 283765 285301 284134 284590 284668 283765 
37 302188 302209 302028 302144 302028 302028 302205 302055 302055 302028 302028 302055 302055 302028 302322 302205 302028 302205 302028 302386 302028 302028 302445 302188 
38 210212 213442 210212 210212 210838 210212 210212 210212 211034 210402 210212 211043 210838 210700 210212 210212 212596 210700 211034 210629 210402 210212 210212 210212 
39 232376 232968 231935 232088 231344 231831 230737 231831 231619 231548 231776 232306 230737 231387 231928 231785 232101 231398 233018 231938 231944 230737 231944 232582 
40 231550 231509 232534 231783 230514 230449 230782 231363 230506 231193 233336 231881 230782 230506 231780 231967 232673 230506 231784 233118 230782 232454 231770 230825 
41 290040 291135 290990 296520 289670 289421 291414 294666 292568 291737 293081 293791 291022 291484 290732 292037 296631 292568 294232 293038 290369 290040 293210 291152 
42 287350 285043 282423 285880 285835 281994 282734 284837 285330 287448 286787 285751 282724 285111 286081 285432 283348 285728 288060 286513 284897 280832 287373 283986 
43 264152 263576 264835 264167 264114 263562 263736 264930 265179 264486 263520 265385 263562 264125 263451 264054 264167 263875 263735 265086 263160 262702 263562 263562 
44 245696 245596 246353 246694 245070 245461 246225 245886 245716 246072 246662 245691 245715 245894 245550 245760 245516 245853 245070 246195 244917 245519 246053 245715 
45 234739 234939 235283 238604 234311 234558 236147 236110 235631 235943 235069 235971 234655 234405 234311 236516 234904 234862 234389 234692 234531 235880 234739 236099 
46 224202 224739 221955 223120 221829 221114 221764 222750 222243 223051 223438 223491 221114 222484 223006 222038 221161 222776 222352 224523 221865 221764 222898 222545 
47 248643 248580 249943 250940 248205 247325 248558 249070 248148 248588 249409 248972 247576 247562 247979 249342 249028 247509 248445 248411 247350 248579 248774 248772 
48 262646 264339 263410 265265 262687 263397 262074 262991 261747 261860 263640 263966 263950 262732 263032 262041 262585 262710 263406 264015 262515 262712 263576 263312 
49 231838 231085 231148 231442 230859 230608 231191 230502 230964 230959 231215 232049 230698 231407 231634 231965 231234 230708 231527 231805 231393 231110 231688 231276 
50 263406 264758 263730 264259 263478 264306 263526 264996 263302 264543 265431 262326 263618 264313 263841 263922 265550 264745 264619 264287 264180 264195 264340 264252 
51 276760 273314 275722 278825 276105 273797 274212 273573 276636 277187 277579 277470 274650 274822 275304 274374 273992 275815 276346 274479 273654 274975 274093 275366 
52 239783 240224 243791 239783 239783 239783 241136 240224 239783 242141 240224 240224 240224 240224 239783 241150 239783 239783 240282 242446 239783 239783 240282 242111 
53 222500 221296 220904 220802 222401 221146 221411 221889 221347 221538 221212 221195 220810 221235 221146 221241 222108 221347 220827 222193 221474 221474 221241 221241 
54 234150 231735 231356 230538 232505 230550 230408 230711 233034 231882 230801 230678 232038 230430 230430 230430 230922 231137 231488 231030 233262 230254 230711 230430 
55 231371 232250 232098 231732 231563 232021 231668 231772 231644 231356 230207 232274 231588 231702 232175 230932 231862 232328 231708 232605 231823 231391 232021 231878 
56 273528 270805 275705 272723 271094 270433 271111 271078 274602 274920 270426 271664 270378 268732 271464 271826 271531 271523 273088 270335 269702 271849 271150 271093 
57 293281 293723 294746 297268 292228 293169 295011 296393 294932 292103 294013 295946 294280 294496 292790 294344 297549 293716 295000 293733 292050 293320 295264 295969 
58 254418 254059 254806 255352 254059 254568 254211 255016 253816 254907 254448 253768 254463 254064 254358 254463 255050 254509 256055 254836 253816 254101 254870 254513 
59 205063 205924 206598 205761 205637 206456 205063 206143 205403 205063 206058 205626 205264 205380 204635 205312 206190 205358 205872 206195 205963 205729 206289 205264 
60 238510 243037 238861 242157 239970 238503 239222 239471 241031 239761 242238 244643 239663 239750 238852 238510 241735 238510 240646 240248 238120 240307 238954 239456 
