1 259090 257316 258342 256586 255431 258103 248215 258453 255431 255625 258151 256972 255431 255591 255429 256035 258128 256287 255431 256839 255431 247362 256061 255625 
2 258471 257846 259188 257501 257515 257401 259515 259515 258471 257401 260691 258471 257615 257401 259095 258876 257615 259617 257401 258471 257515 258923 257401 259596 
3 270721 270721 273202 272010 271301 264936 269567 264427 265011 270721 271112 271826 270721 264936 269567 270733 269567 269567 269567 274269 270721 269567 271826 264427 
4 287701 291303 290459 290391 288433 288200 289635 287820 289196 287682 288833 288570 287271 288507 288446 287980 287851 289570 289725 290645 287732 289291 289170 288433 
5 258640 256571 257461 256548 256548 248424 257707 257021 258136 258109 258021 258017 257924 257291 257659 257951 256548 256691 257814 257770 257221 258289 256920 257154 
6 300008 298665 298886 298665 298750 298665 298750 300085 298665 299986 298665 298665 299951 298665 299100 299015 298665 298665 298764 298764 298665 299015 300594 298665 
7 328068 298099 324293 329329 303392 299240 297496 298217 302118 303575 300060 303100 298118 302086 297551 298799 308121 297551 329867 297497 301967 297496 299680 297551 
8 250125 253612 253830 253281 253073 250484 250861 252103 251148 253592 250998 250125 251288 251580 250731 250125 253499 251723 250125 250998 251288 250998 250125 250275 
9 287011 282960 283930 284957 282960 282960 283044 282960 282960 282960 283630 285095 282960 282994 283649 284426 282960 283630 283044 284970 282960 282960 282994 282960 
10 280999 280680 280680 280680 280680 280680 280917 280680 280694 280680 280680 281552 280680 280680 280680 280680 281717 280848 281074 280680 280848 280848 280694 280680 
11 314414 312995 313380 312831 313955 313581 313068 313380 312919 314491 313068 313068 313180 313581 313479 313581 313068 313736 313180 312670 313180 312919 312831 313418 
12 283166 282828 281871 283038 281731 281820 281429 282242 283996 281429 282154 281731 285273 281429 281649 283455 281649 281429 282339 282242 282008 281429 282531 281429 
13 269149 265023 261983 264913 265023 263644 262720 262720 265778 263034 266730 263739 263834 262593 262066 262168 265023 262600 264381 262600 263823 261828 262032 263937 
14 307623 329520 327715 330488 328360 328644 329309 329355 316034 329172 329172 307620 328360 306199 328360 328360 329926 328570 328360 329172 307299 305513 305841 305841 
15 316049 318917 318685 315513 315068 314533 315773 305869 310993 315576 315576 304078 314332 315864 316018 315773 315068 315322 315322 315892 308314 315322 315864 315472 
16 280182 278961 281885 280893 278405 278883 277462 280460 279793 279217 280372 279560 281732 277462 279560 279727 280182 279299 278783 281686 278837 278093 280004 278783 
17 211040 210164 210883 210212 211110 211278 211278 210212 210212 211374 211960 211075 210212 210212 211334 210981 210212 212560 210164 210164 210981 210212 210212 211925 
18 246524 246636 247599 246907 246524 245848 246044 246639 245848 247095 245848 247110 245848 247404 246297 246186 247968 247310 246425 246560 247131 245884 246451 246476 
19 242296 240274 239644 242373 241877 239221 239909 239659 240671 239221 240063 240768 242558 241100 239443 241137 240394 239644 239221 241413 239221 239221 239221 239921 
20 308480 310493 312999 311330 309461 308006 310838 308682 309020 310417 312402 310639 308006 309768 309881 309812 309106 310069 308006 308672 311481 308664 311144 309462 
21 260626 260071 264218 262708 262288 260071 261307 260218 260071 261600 262058 262861 260686 260531 263152 260531 262860 263103 261403 263683 260071 260926 260631 261008 
22 247200 247700 248309 248518 246861 246652 247866 248257 247200 247200 248534 249116 246432 247274 247156 247051 248559 246940 248088 248614 246342 247200 246652 247067 
23 295747 292094 292870 292939 292520 291624 293728 292465 292354 292265 296529 292704 291508 293183 292680 291906 292182 293639 294343 293655 291858 292094 292182 291612 
24 294580 294413 293680 292990 292990 289569 288356 293780 294812 292990 294334 288356 292990 287927 289451 288248 293680 293840 292837 287913 290625 287377 288334 288841 
25 270618 270574 270419 270152 268969 269016 269016 268476 269605 271347 270014 271096 268658 268476 269486 268476 271321 269705 269509 269966 269874 268476 269800 268699 
26 267431 265527 275207 267343 264841 261374 265599 261127 267794 275346 276199 263495 261127 261127 261995 261127 264576 261659 263109 261127 261127 261804 261127 261995 
27 257674 257481 257398 257775 258375 257278 257153 258480 257278 258480 257775 257278 257278 256979 257278 257749 257153 258375 259579 259618 258596 256979 256979 257015 
28 250459 250381 249136 250292 249143 248754 249336 249680 249635 249802 249756 249756 248390 248794 249370 248929 249035 250210 249525 249622 248754 249101 248531 248531 
29 275238 277004 277937 277345 279167 275994 276760 278479 279822 275994 278291 278278 276760 276760 275994 276760 277004 276761 277909 277751 276922 276760 276760 278291 
30 257809 258658 260349 258686 258053 256944 257676 258658 256944 258735 259143 256944 258966 256944 259087 259828 258098 259380 258658 259551 259600 257026 258852 256944 
31 259918 261623 261874 262342 262269 260701 261344 260886 260894 260181 261777 262145 261292 260961 260805 260823 261097 260805 260889 262150 259918 260282 260328 260170 
32 265591 265332 264008 265506 263576 264822 262742 263607 264097 261573 265398 265014 262718 264863 263991 264368 264790 264245 265519 266538 263342 263556 263970 264596 
33 251187 251858 251459 252176 251355 251179 251193 251418 251308 252153 251555 252383 250826 251111 251819 251735 250522 250842 252021 251869 251322 250642 251371 250661 
34 272269 271203 272457 273351 271766 270643 272435 272049 272368 270791 272263 271461 271368 271711 272830 271617 272988 272350 269858 272247 271429 271305 272648 272049 
35 207349 207011 205179 204490 206005 205394 204558 205030 205333 204812 205438 205743 203949 204282 206320 205351 207433 204713 206166 207148 206694 204840 204619 206015 
36 283722 283678 285009 285248 284134 283809 284134 283809 284134 283765 285099 283809 284222 283765 285153 284561 285193 283765 284551 286262 283678 283722 285068 283678 
37 302028 302028 302205 302188 302028 302028 302028 302028 302028 302205 303783 302205 302144 302028 302028 302144 302055 302055 302205 302028 302028 302028 302946 302028 
38 210212 210212 210212 210212 211552 210212 210629 210705 210212 210212 210650 214071 210402 210212 210212 210212 213823 210800 210212 210700 210402 210212 210212 210629 
39 231515 232158 230737 232095 230737 232229 231209 232086 232498 232306 232434 233305 232282 231785 232026 232340 232944 232582 231582 232434 230992 230983 231989 231388 
40 232546 231581 230506 232151 230782 230782 231497 232522 230506 231565 231493 230506 230506 230506 230506 230449 233281 231973 230782 231762 230449 230514 231625 230782 
41 294308 289421 291152 290857 289421 292160 291062 294232 293093 294808 292894 294833 290040 292493 290040 290754 294024 293471 290794 295808 289421 290133 292623 293479 
42 284755 285006 287135 285115 282967 282909 283610 285805 287685 285046 285556 290142 285187 283049 286902 285092 289414 284649 286552 286510 286018 282846 285325 286236 
43 263160 263794 264016 263562 263562 263562 263687 263230 264801 263737 264030 264150 263160 262702 263562 263562 263562 264234 263794 264686 263160 263562 263160 263570 
44 245519 245552 245070 246130 245326 245147 244517 245941 245635 245070 245070 247450 245070 245519 244517 244517 244928 245367 245552 246210 245600 245070 245745 245147 
45 236820 235174 235162 238110 234389 234901 237194 234904 236712 234933 235656 235066 234581 234692 234792 235909 235392 234692 237317 236049 234311 234692 236578 234696 
46 223317 221764 221764 221810 222136 221810 222012 222644 221161 222714 221764 223334 221161 223486 222038 221161 225036 221635 222493 222892 222200 221900 221764 221161 
47 248737 250721 249133 248936 248732 248307 248740 249355 249864 250240 249349 249245 247357 247821 248799 248531 246334 248934 248365 249265 248276 247582 248226 248939 
48 263266 262499 261734 263106 262794 263316 263303 263415 260837 261693 262632 263985 263434 263034 263534 262900 262574 262826 261004 263477 263196 262515 261536 263608 
49 231238 231554 231238 231393 230964 230502 231234 230261 230960 231816 231127 230959 230502 230705 231656 231648 231315 231929 231523 231982 230870 231315 231426 230960 
50 264470 264626 265433 264330 264442 264897 263091 264351 263764 265771 265500 265656 263548 263149 264511 263940 264500 265236 264935 263881 264772 264514 264285 264191 
51 274942 273390 277513 275223 274919 275740 274167 274186 273943 273714 273797 275653 274286 273739 273673 273927 275719 275350 274354 275722 274807 274974 274593 274981 
52 240224 240224 240430 240430 239783 240704 239783 240282 240224 240282 239783 242571 240224 239783 240224 240282 239783 241202 240318 239783 239783 239783 241650 240430 
53 222128 223330 222314 222208 221443 221195 221290 220638 223169 221443 221250 221235 221595 221241 220810 221538 220827 222514 220852 222592 221984 220454 221195 221058 
54 233421 231936 231709 230254 233450 230334 230889 230824 234235 231390 235249 232577 230481 230463 230254 230385 234287 230254 231493 230430 230463 231798 230430 231154 
55 231597 231547 232398 232908 231952 232123 230950 232214 230950 231892 232691 232168 230686 231230 232671 231496 231930 231371 231705 231447 231391 231371 231588 231325 
56 272399 271141 273920 271750 270653 271048 271076 269423 273908 273402 271596 272304 270945 271104 270094 271006 271556 276409 271182 271150 272442 271844 270945 270378 
57 290450 293169 294121 296215 295466 292042 293857 296186 292114 294765 296442 298060 293353 293580 294038 292962 294236 294544 295440 295590 294462 294209 293736 296339 
58 255373 253503 254303 254064 254358 254169 254505 255022 254278 254059 254437 255299 254581 254211 254609 254609 254538 254684 255701 254902 254513 254097 255022 255183 
59 206598 204873 205511 205480 205312 205439 205312 205607 205063 205873 205312 205264 206584 205380 205910 205063 206140 205900 206598 207000 205480 205063 205403 205380 
60 240640 240476 241526 242867 239373 240035 239194 239355 238775 238120 240322 239390 238478 238650 238461 238461 240676 240902 240401 240384 239907 239596 238763 239996 
