1 248164 257998 259256 257517 257032 256417 257606 255625 258128 257354 247597 259210 247362 257675 257379 255625 261048 257735 255591 258975 255625 247362 255591 255625 
2 257401 258633 258471 258757 257401 258019 257401 257401 259215 258633 257401 259288 257401 257401 257501 257401 257401 257846 259101 257401 257401 257401 258515 257401 
3 271981 272974 269567 270612 270721 265213 271301 271524 264647 264356 271112 264427 269567 264936 264356 264427 271112 269567 271641 273021 264647 264936 264936 271009 
4 291127 288475 290916 291246 288378 290471 289015 289710 287314 289170 290558 287851 287314 287655 289521 289325 289428 289335 283333 290060 289197 287725 287314 289597 
5 258168 257710 256548 258755 256548 257186 257801 258342 257775 256571 256548 259063 256548 256920 257154 257947 257398 257550 257421 257171 257802 256571 257221 256571 
6 301138 298665 299376 299848 299917 298665 299015 298665 299917 300334 298665 298764 298665 298750 298665 298665 298665 299781 298665 298665 298665 300119 298665 298665 
7 328190 325106 297497 302378 303409 328004 298406 298799 302299 297778 325788 298690 326397 297778 297778 298928 304634 330190 303149 301558 300897 298000 301468 299934 
8 251427 250998 251288 252850 251797 250125 252190 252750 250476 254109 250275 250998 250998 252048 250125 252903 252270 252850 251427 251288 254322 250125 250125 251248 
9 282960 282960 286418 283630 283044 285166 285748 284791 283044 283079 282960 284482 284756 282960 283630 282960 283044 282960 282960 284352 282960 282960 285651 283044 
10 280680 280694 280680 280694 280680 281035 280848 280680 280848 280680 280694 280917 280680 280694 280680 280680 280680 282000 280680 280680 280694 280680 280680 280848 
11 313581 313180 312670 313581 313400 312831 313711 312995 313068 313581 313733 314177 312919 312995 313068 312670 314140 312670 312919 313581 312670 312718 313180 313068 
12 283668 282398 282339 283556 283529 281649 281649 282531 281059 281649 282242 282744 282687 281820 282339 281612 282489 281429 281059 284242 281429 281649 282242 281102 
13 265536 265627 264033 263119 262720 263327 262500 262720 264711 265510 262174 265023 262593 262182 262174 262710 267742 263034 264306 262066 265494 262032 262032 263739 
14 328360 305513 327715 331864 308763 328360 329976 329309 328360 331542 306295 329644 329570 328644 329309 328400 328360 329588 330320 305841 305513 328570 328644 328644 
15 314564 316607 315659 316950 314533 314564 315322 317477 315543 309495 317504 317504 315322 315864 314533 315576 315166 305574 318685 304818 316339 308314 307264 315576 
16 279259 280553 281156 281129 278804 278783 279222 279066 279259 279453 281257 278397 279737 279142 277417 279560 279661 282084 278587 279631 278317 280028 278523 280256 
17 210981 211961 210883 211119 211082 211396 210786 211164 211505 212226 210212 211001 211357 210212 210659 210164 211249 211807 211953 212533 210212 211334 210679 210729 
18 248796 246438 246524 246186 246917 246033 246451 245884 248198 247968 246476 246476 246541 245848 245884 245884 246524 246044 246524 247639 246524 245884 245884 245848 
19 247323 240705 243679 239221 241558 240014 241501 239221 240964 239644 240762 240705 241849 240293 239443 242367 241683 241724 239221 241271 242854 240705 239221 240113 
20 308616 309721 310770 310235 310777 310720 311593 309586 311262 311264 311085 310708 310114 308616 312046 308006 312574 312190 311075 312159 310826 310830 310160 310103 
21 260071 262376 262981 263094 263091 260071 262276 261942 263256 263838 260218 262680 260071 261217 261034 260271 263091 261532 262910 264139 263091 260071 260740 262767 
22 246952 247550 247200 247200 246952 247200 248594 247878 246860 248309 247550 248487 247200 246780 247827 247462 247163 246960 247162 248690 247269 246952 248589 247844 
23 294080 295047 293180 295021 291950 291848 293935 292341 291624 292354 294423 293439 291624 291612 292250 292386 291508 291508 295030 291624 291744 292294 293388 291508 
24 294084 293668 289042 293557 289193 288226 292990 292990 292990 287459 287464 289408 292990 294426 287727 289628 289282 293690 294380 287850 294084 292990 287127 288102 
25 268969 270218 269760 268699 268694 268476 269326 271765 268969 269605 268858 271323 269187 268476 268658 269103 268969 270718 268658 270342 268658 269268 269688 270342 
26 275411 263677 265677 261659 261127 262243 261127 261127 266633 277347 262817 263197 273518 261127 261127 261127 273518 261476 262370 261374 261127 262243 263224 261476 
27 262156 258199 257153 257674 258876 257015 258298 256979 257278 261284 261072 256979 258876 256979 257153 257278 257674 257278 260199 259654 259792 256979 256317 256821 
28 249525 249310 249635 249646 248754 249621 248390 249238 249635 250210 249238 250445 249635 248531 248739 250296 248915 248390 249136 249934 248915 249532 249525 248619 
29 275238 278291 278278 276760 277751 275895 276755 277677 276249 278291 278488 277751 275238 278129 278278 276922 275238 276279 277937 276922 275238 276922 274905 275994 
30 259241 258735 259241 259106 256944 256944 260396 258875 257859 257955 260597 260556 257529 258644 258180 258953 257529 260206 260108 259582 257465 258754 258953 259143 
31 260936 261659 260328 261519 261097 260282 260701 260805 263047 262453 260807 259844 259844 261260 261111 260805 261832 262807 261292 262724 262007 261385 260805 260419 
32 264371 264786 264549 265789 264416 264407 264908 264550 264420 262600 266816 266441 264230 264666 265840 263772 264110 265848 265806 264398 262444 264243 263988 263924 
33 250522 251210 252713 251838 251150 250980 251793 251463 250661 251034 251179 252198 251333 250826 251034 251193 251308 251308 251278 251611 251101 250815 251118 251355 
34 271723 271936 273314 271484 273016 271492 271237 272074 272123 272344 272083 271943 271294 270848 271821 271715 272139 271207 273716 272154 271580 271207 270993 271303 
35 204928 205784 207539 206570 204557 204432 204999 206805 205659 205881 206056 206667 204997 204408 205604 206223 207985 205086 206227 207410 204847 205793 205617 203926 
36 284551 285170 283765 284464 284464 283678 284813 283765 284134 284551 285627 285600 284464 283678 284365 284668 284784 284881 285708 283765 283678 283678 285153 284610 
37 302205 302028 302205 302188 302188 302028 302028 302205 302322 302028 302055 302322 302028 302028 302028 302028 302055 302205 302028 302055 302028 302028 302028 302322 
38 210643 210212 210629 210212 211034 210212 210212 210629 210705 210643 210212 210212 210700 210212 210629 210629 214480 210661 210212 210212 211939 210212 210402 210212 
39 233120 230737 232043 231831 232631 231471 231625 232433 232275 232438 232088 231803 230992 230737 232625 232228 230737 231697 231803 231455 231587 231548 231082 231597 
40 230449 230449 231006 232365 230506 231537 230782 231373 232127 230506 230782 231626 230825 231489 231522 231550 232206 230506 232205 232038 231522 230514 230728 231707 
41 291135 293190 292875 292137 292765 289543 290966 289421 291898 291135 293715 296943 289421 293853 290040 294105 290094 294743 292943 291062 290850 290040 291737 295233 
42 280832 287786 288846 285019 286211 285585 285094 286564 283879 286354 285881 289775 282909 286975 283289 283895 284255 281145 286006 286948 281994 282706 285056 282909 
43 263562 263348 264135 264503 263185 263562 263697 263348 264325 264025 264318 264251 264030 262702 263687 263464 263562 262702 262702 265303 263277 263562 263735 264455 
44 245070 245691 245326 245941 244517 245790 247510 245367 245635 246331 245691 246875 244517 245124 246389 246176 245147 245070 246061 245745 244517 245305 246084 245305 
45 235880 234774 234502 235374 235392 234311 235930 235411 235951 235982 235711 237731 234405 234505 236566 236113 234558 234692 236059 234692 234774 236370 234531 235162 
46 222789 223486 221161 223374 222042 221161 222441 222228 225524 222251 223003 221764 221764 222042 221161 221630 223051 222558 221997 222024 221764 222721 221161 222493 
47 248238 251797 249243 249091 249017 248479 247673 248769 250452 249798 249206 247317 247680 248725 247644 248060 248138 248367 248262 248811 248711 247857 249244 247317 
48 261768 263144 263011 263132 263596 263407 262962 262649 263220 263144 262082 263951 261798 262699 263735 261860 263213 263483 263297 263350 262094 262799 263451 263136 
49 231709 230984 230727 231136 230870 231158 231777 231642 230984 231253 231793 230502 231328 230954 230960 231650 231328 230870 231648 230964 231461 230727 231253 230960 
50 265906 263955 264888 264611 263302 264380 263149 264285 263702 263406 264562 265015 264892 263545 264297 263149 264252 263335 264237 264902 263722 262605 264410 263993 
51 274289 274756 274895 278198 275148 274093 275745 274094 276500 275021 276058 277115 275574 274380 274364 273678 276316 274979 275056 276127 275230 275580 276131 274289 
52 240224 240332 239783 241927 239783 240318 240224 240282 239783 240282 240988 240444 239783 239783 240224 240430 239783 240282 243396 241361 240224 240224 242376 240430 
53 221443 222761 221474 222105 221595 221195 221229 221538 222157 220639 222269 221637 220739 220884 221276 221379 222771 221480 222019 221602 222510 221474 220639 220639 
54 233271 231827 232895 231196 230385 230538 230835 230209 230209 230254 231155 231263 231339 230209 230254 230535 234645 234768 230430 234152 230408 231376 231177 230888 
55 231610 232566 231323 232686 231999 231900 232093 231645 230904 232698 231865 231496 231547 231062 231677 231391 231326 231398 231391 230950 231391 231064 231594 231708 
56 271523 271849 271849 271181 271104 270945 271836 270378 270906 270927 271623 276507 270426 271104 270990 271141 275194 272077 271651 272469 274943 273816 271354 272677 
57 293621 294673 294002 295582 290736 294134 293588 294046 289920 295207 292608 295293 292965 292977 295005 294280 291529 294017 291838 296214 291529 294644 294314 295660 
58 253503 254995 255500 254101 254802 253816 254923 253503 254684 254059 254747 254059 254543 253503 254402 255118 254059 254581 254665 254836 254418 254813 254534 254511 
59 207668 206272 205802 206289 205403 205063 205195 207510 205063 206003 206182 205977 205480 205000 205063 206528 205761 207962 205050 205900 204148 205063 205063 205733 
60 241225 240237 238510 243468 239863 238478 238773 239030 241101 242130 239197 241235 239058 238457 238625 238461 238630 238461 242188 244528 240117 239611 243147 239970 
