1 255431 251012 255429 258480 255379 256631 256417 256088 255431 256442 259246 258711 258968 255860 255591 256265 255725 256061 257675 259253 255591 256131 247362 249196 
2 262789 257401 260825 259515 257401 257401 258471 258471 257401 257515 258471 258471 257401 258471 257515 257401 260879 258471 260162 257401 257515 257501 257401 257401 
3 271301 269567 264936 269567 270733 270733 264427 272010 269567 270859 270721 271301 270721 264356 264897 270721 270721 264356 265793 271972 264936 264356 269567 272383 
4 283059 290923 289985 290449 289147 289183 288433 288694 288433 288079 289856 290684 289325 291228 290612 290110 289070 288010 288410 288132 288859 289088 290247 288745 
5 258596 257956 257802 256571 257659 256571 256548 258892 257221 256571 256548 256920 257654 256571 257186 258922 257998 257291 257621 258112 256548 256548 257171 258471 
6 301683 302288 300606 301114 298665 298665 298665 299769 299114 299015 298665 301026 301151 298665 298764 298665 298665 298665 299015 299781 299951 299015 298999 299428 
7 303990 325036 304357 299078 298799 302086 298799 301290 326541 298799 303352 299856 298799 300445 301558 299838 325331 326443 300399 298406 305614 298799 299589 299439 
8 252850 251288 250125 250125 253630 250125 251288 250492 251288 252057 251288 253111 252356 251430 251580 250125 253606 252806 250125 250998 251797 252190 250125 250125 
9 282960 282960 286577 285629 282960 282960 286110 283044 282960 282960 283630 285566 282960 282960 282960 282960 286909 283045 282960 283930 282960 284970 282960 283630 
10 280917 280680 280848 280848 281074 280680 280694 280680 280694 280694 280999 280680 280694 280680 280917 280917 280680 280680 280848 280917 281035 280680 280917 280680 
11 313581 312831 313479 313711 313479 313380 313068 313581 313418 313400 312718 312831 313729 312919 313400 312995 313068 312670 313581 313068 313955 313581 312831 313536 
12 281429 282245 283057 281429 282339 281429 283383 281649 284695 281429 282828 284829 281429 281059 281429 282687 281102 281429 282339 281429 281429 281820 281429 283334 
13 262032 264776 262720 266088 264134 264776 264130 262600 266473 265094 263101 263937 265023 262174 262174 262174 263686 264913 264270 264348 266649 263263 262032 262600 
14 329309 329976 328644 328360 307623 329588 305513 329575 305513 306953 307674 328644 328360 328360 328360 327715 307695 306156 329808 305841 308763 305513 329520 328644 
15 315576 315111 319588 303511 315068 315864 315322 317300 304470 314533 316004 315111 315111 315576 315068 317300 316423 317300 315864 315472 317000 308611 305114 314869 
16 279661 280917 279803 278792 278442 279560 280034 279793 279594 279798 280641 280034 278783 277251 277577 278397 278783 279708 281281 280935 280182 277686 278061 278362 
17 211049 210212 211431 212144 210473 210164 210958 211391 210771 210164 210212 210212 211712 210212 211216 211018 211973 211278 212066 211753 210474 211098 210512 210164 
18 247548 245884 247408 247134 246044 246237 246476 246451 245848 248432 246186 246524 245848 245848 246524 246033 246974 246805 245937 248590 246524 245884 245926 246186 
19 239221 240425 241113 242111 242574 240862 240850 240274 239221 241113 240950 243155 239921 239221 239221 239921 239221 242040 240750 240171 239221 239221 239221 239221 
20 310809 311471 310762 310021 311192 310207 311444 311979 308616 309072 312179 310762 308006 309721 310445 311685 311772 311279 311239 310927 309445 308006 308971 309918 
21 263441 260740 261217 262858 260071 260531 260840 263460 262501 262270 262910 262177 261260 261517 262708 260740 260626 262102 261794 261399 260740 260686 261916 262512 
22 247200 247386 246940 248731 247200 246828 247605 248545 247462 247866 247200 248725 247200 246652 247868 247949 247200 247200 248643 248690 246648 247961 247866 246952 
23 292182 293582 293041 304903 293394 302906 293058 293826 293404 293073 293134 294797 291508 291744 292507 291612 292822 292707 293046 293067 292936 292509 292232 292765 
24 292990 294426 295151 292990 292990 287600 287127 287216 294380 294114 293680 288887 292990 287664 288610 292612 293557 288476 287216 293040 292990 293680 288170 288250 
25 271484 268658 269187 269268 268969 268699 269509 268694 268694 268476 269187 270297 268969 268694 268969 269016 270019 269509 268858 270112 268658 268694 269016 268476 
26 266278 261127 263827 262460 266240 261127 261995 275371 262900 263677 261127 274689 261127 263677 261995 262127 262243 262817 261995 275380 261995 261127 261127 262526 
27 257775 257153 258717 257786 257775 256979 257398 258390 257775 258202 258528 258199 257674 256979 257775 259233 256979 257278 258898 257398 257153 258100 258500 257678 
28 249310 248390 249583 249035 248531 249627 248390 249242 249428 249136 249414 248531 248531 249627 248390 248794 248390 249428 250341 250653 248754 249937 249635 249525 
29 278404 276249 276760 275238 275994 276760 277004 275994 280481 277751 277004 275994 276781 278201 275994 275238 275238 275671 277640 278479 277751 275238 276760 275895 
30 258850 259143 258735 261305 258053 258953 257465 257859 258966 258353 257276 260353 258098 257852 257823 258953 258356 256944 258091 258735 258028 258098 258364 260334 
31 262054 261859 260704 261334 260181 260282 260811 260699 261439 260894 261097 260805 261286 261143 259844 261502 264708 260472 261439 260439 261190 260701 261664 260805 
32 265804 263908 266097 266470 265259 263178 265182 264602 262600 264145 265237 265264 263157 265437 262817 265302 266217 262576 266328 264475 262904 263124 264262 264930 
33 251597 251584 250826 251794 250811 250661 251210 251355 250661 251321 251447 251193 250661 251355 251794 251270 251463 251278 250642 252153 250661 251179 251193 251208 
34 272402 273024 272618 272793 272412 272336 272222 270762 272706 272458 272155 271971 271766 270993 270643 272660 270981 271305 272344 272901 271717 271012 271015 271994 
35 204432 205559 207168 207766 204963 205503 205000 206182 205334 206272 207493 205186 205147 205185 204317 207791 204432 205942 205017 205543 204985 205599 205968 205140 
36 283678 283765 287406 283765 284134 283765 283765 284222 283722 283765 284772 283678 284464 283722 283722 283765 283678 283678 283678 283765 283678 285336 285128 284134 
37 302028 302028 302188 303016 302028 302055 302205 302205 302028 302028 302055 302188 302028 302028 302205 302295 302028 302295 302028 302806 302028 302028 302028 302055 
38 213162 210629 210212 210212 211354 210212 210212 210212 212202 210643 210629 210643 210643 210212 210212 210212 210212 210212 210212 211600 210212 210212 210643 210212 
39 231674 232306 233342 232510 230737 230737 231776 231803 230737 234561 233267 232934 230992 232107 230992 232487 233004 233283 232409 232309 230737 230983 231921 231776 
40 230726 232233 233524 231565 230506 230506 232506 231069 232109 233205 231683 231056 230514 231006 231522 231006 231063 230956 231830 230837 231006 231237 232359 231712 
41 290094 290732 290278 292956 290040 290742 290040 290794 295361 292033 289421 291894 291135 291062 293848 292800 293454 296348 294915 290732 294212 290732 292008 292207 
42 283622 283772 287671 286385 285140 282119 285501 286278 282191 286431 288801 285517 284219 284169 284810 284787 285282 286195 283066 287985 284860 280832 284249 285521 
43 264174 263700 264325 263562 263562 264110 263185 263502 264463 264150 263574 264152 262702 263520 262702 263687 264322 263700 263574 265121 262702 263185 263562 263562 
44 244517 245552 246225 246514 245367 245124 246414 246793 245070 245147 246469 246421 245941 246039 245381 247044 245124 245760 246461 247639 245070 245548 245972 244795 
45 235081 234939 234655 236113 234817 234311 236212 236135 236858 234736 236191 235674 235283 235410 235162 234655 239385 235943 234833 234950 235410 235162 234558 235982 
46 222498 221161 223352 221900 221114 221315 222171 222161 222329 223198 222406 222012 222644 221161 221161 221900 223658 223627 221764 222579 221865 221161 221764 223620 
47 249684 249116 249926 248556 246993 248173 248477 248687 247842 250160 249757 248987 247950 248044 248187 250067 248191 250388 250058 248845 248726 248726 247626 248747 
48 263032 263906 264265 263906 262649 263358 262370 263348 262667 263407 262094 262512 262366 262438 263809 263906 263499 263161 262836 263190 262447 262455 263175 263266 
49 230964 231393 232284 231286 230730 231389 231653 231044 230760 231596 231792 231852 231620 230532 230465 230622 231670 231872 231716 231743 230870 231670 230566 231238 
50 264934 263901 264222 264402 262862 264264 264201 265283 264547 265243 265011 265532 264273 264486 263502 264279 263478 264135 264956 264737 263967 264448 263500 264488 
51 276302 276012 275417 276784 275744 274778 274244 276562 275835 276242 275069 277233 274813 273314 273915 274368 274093 274068 276602 277259 273797 274394 274709 274200 
52 242435 241361 241916 241636 239783 240224 240224 240224 240282 239783 241360 240430 240224 240282 240282 240282 241606 243032 240224 242183 239783 239783 239783 239783 
53 221774 221003 220631 222794 222337 220639 220802 221709 220639 220742 221379 221630 220638 221241 221164 221941 222043 220810 221474 221379 220639 220236 220738 221185 
54 230385 230430 231915 231415 233739 232559 231535 230430 236197 230385 231718 230408 234516 231471 230430 231885 233383 230408 230430 232476 230408 230408 230430 230772 
55 232021 232130 231740 231398 230950 230904 231371 231391 232199 231641 231708 232407 231176 231597 230904 231610 232128 231588 231893 231646 230904 231326 231395 232232 
56 273146 270990 275494 274019 270094 271223 271806 270378 271569 272247 272394 277055 270754 270315 272137 270800 272385 274471 269702 273547 270144 271571 271524 272098 
57 293389 292758 294574 296838 292453 292959 294314 293447 293808 290225 294930 295713 292141 294272 293874 294051 293997 296259 296988 298253 293653 294028 294458 295826 
58 256173 254059 254804 255500 254581 254259 254650 254162 255105 255188 254653 255696 254419 255299 254915 254569 254593 254755 254999 255376 254489 254513 254785 255253 
59 207721 205607 205761 205358 205637 205607 205754 205063 205928 205768 206604 207145 205000 204472 205511 204873 205549 206054 206019 205860 205063 205900 205063 205900 
60 240940 241518 244590 243592 239488 241287 243668 240729 241612 243267 240140 245025 238478 238120 239760 239405 239999 238876 240461 239971 240057 238510 238510 239842 
