1 52566.1 
2 52783 
3 45135.5 
4 40218.4 
5 52776.7 
6 48236.1 
7 37986.4 
8 47969.5 
9 47421.3 
10 46520.3 
11 53249.3 
12 48099.9 
13 42461 
14 41710 
15 33531.1 
16 46561.4 
17 44273.5 
18 43334.9 
19 27033.7 
20 48566 
21 46859.1 
22 42668.4 
23 47793 
24 34450.1 
25 42774 
26 40542.7 
27 52285.3 
28 49718.5 
29 67385.8 
30 47427 
31 44433.6 
32 46587.9 
33 47055.4 
34 58481.4 
35 54123.1 
36 43203.5 
37 46300.5 
38 40163.1 
39 42874.6 
40 41822.3 
41 51542.8 
42 44654.3 
43 47746.6 
44 34411.4 
45 63228 
46 45088.5 
47 45665.6 
48 43295.2 
49 47933.7 
50 51926.6 
51 46170.9 
52 51615.5 
53 47104.9 
54 53207.4 
55 35540.4 
56 51654.1 
57 45995.8 
58 52203.9 
59 60796.8 
60 51116.9 
61 48023.8 
62 47777 
63 37842.9 
64 60880.2 
65 55877.8 
66 43615.8 
67 57784.3 
68 42016.2 
69 50497.9 
70 35193 
71 43858.3 
72 49817.8 
73 54921.8 
74 43242.5 
75 52608 
76 40516.9 
77 39735.2 
78 39941.5 
79 51547.1 
80 43533.7 
81 54624.2 
82 48215.5 
83 46941.6 
84 39534.3 
85 39221.3 
86 45093.9 
87 50723.1 
88 46344.7 
89 36396.4 
90 41731.6 
91 45059.2 
92 43357.7 
93 53342 
94 42315.1 
95 50901.3 
96 49614.8 
97 45309.9 
98 40726.4 
99 40511.4 
100 39791.1 
101 41791.9 
102 44447.3 
103 36107 
104 52231.3 
105 38570.2 
106 46871.4 
107 33239.1 
108 39899.4 
109 62237 
110 45081 
111 44368.7 
112 40843.1 
113 47954.4 
114 58901.2 
115 55218.4 
116 44603.2 
117 45454.3 
118 35016.4 
119 65446.9 
120 44078.8 
121 53631.4 
122 48340.6 
123 36872.4 
124 53678 
125 53306.3 
126 46387.6 
127 44421.9 
128 63819.9 
129 41710.3 
130 52213.5 
131 45643.8 
132 47177.3 
133 50869.1 
134 45816.9 
135 46587.8 
136 46668.3 
137 50308.5 
138 46125.9 
139 63433.5 
140 49852.1 
141 54890.1 
142 46727.5 
143 50198.8 
144 42156.7 
145 47196 
146 41503 
147 42283.9 
148 39459.3 
149 37741.2 
150 39659.2 
151 47040 
152 40611.6 
153 45240.9 
154 38802.5 
155 52368.6 
156 45148 
157 41316.6 
158 43522.9 
159 33382.8 
160 44556.6 
161 38835.7 
162 42257.2 
163 39036.9 
164 48606.3 
165 40382.4 
166 41394.2 
167 34529.7 
168 40031.1 
169 41125.6 
170 36721.7 
171 43665.7 
172 27704.4 
173 42843.1 
174 43658.8 
175 37351.8 
176 49258.9 
177 61099.7 
178 41593.4 
179 53359.2 
180 43569.4 
181 41746.7 
182 39391.3 
183 36387 
184 43603.2 
185 40416.4 
186 45523.4 
187 35870.5 
188 44122.2 
189 33015 
190 47263.6 
191 42377.1 
192 42998.4 
193 43356 
194 38585 
195 39578.8 
196 38046.2 
197 42599.5 
198 39056.2 
199 51462.4 
200 40853.2 
201 42546.6 
202 52809.2 
203 55167.6 
204 49642.8 
205 59144.1 
206 49763.3 
207 39160.9 
208 41398 
209 37707.6 
210 48747.6 
211 58984.1 
212 43168.3 
213 57104 
214 50249.5 
215 46394.5 
216 49856 
217 40396.7 
218 39009.5 
219 51456.3 
220 39074.8 
221 40273.1 
222 45042.5 
223 37693.4 
224 49668.9 
225 39274.5 
226 46220 
227 42101.6 
228 47388.4 
229 40263.3 
230 41993.2 
231 42796.6 
232 42844.7 
233 48306.5 
234 45889.2 
235 42131.7 
236 44576.3 
237 47698.6 
238 46712.5 
239 40964.4 
240 46746.3 
241 44895.2 
242 44284.9 
243 36296.8 
244 41637.6 
245 44566.9 
246 45764.9 
247 51184.7 
248 37502.9 
249 41958.8 
250 39008.3 
251 42764 
252 40932.3 
253 48214.9 
254 49181.7 
255 57190.2 
256 35705.7 
257 54224.6 
258 47360.2 
259 42378.7 
260 49877.8 
261 51665.8 
262 45790.2 
263 50975.2 
264 55763.6 
265 43651.9 
266 31181.1 
267 42360.6 
268 50661.2 
269 46403.8 
270 45259.8 
271 44838.7 
272 46726 
273 35408.9 
274 47860 
275 41138.2 
276 48761.7 
277 57609.1 
278 46545.6 
279 43879.7 
280 51723.9 
281 40628.4 
282 37391.8 
283 47380.6 
284 47216.8 
285 36539.8 
286 40075.3 
287 43195.8 
288 51599 
289 48392.9 
290 40529.9 
291 53011.6 
292 56296.6 
293 47338.4 
294 46903 
295 56875.5 
296 45474.7 
297 43701.8 
298 44928.2 
299 40804.9 
300 36204.7 
