1 52498.6 
2 52783 
3 45135.5 
4 40218.4 
5 52776.7 
6 47279.8 
7 37986.4 
8 48638.2 
9 47421.3 
10 46520.3 
11 53444.2 
12 48099.9 
13 41954.1 
14 41796.6 
15 33531.1 
16 46561.4 
17 44273.5 
18 43535 
19 26810 
20 48921.5 
21 44491.4 
22 42668.4 
23 48226.3 
24 34136.4 
25 42774 
26 42514.3 
27 52285.3 
28 49718.5 
29 67385.8 
30 47427 
31 44433.6 
32 46587.9 
33 47055.4 
34 58481.4 
35 54123.1 
36 43203.5 
37 46383.8 
38 40163.1 
39 42874.6 
40 41822.3 
41 51542.8 
42 44654.3 
43 47746.6 
44 34411.4 
45 63228 
46 45088.5 
47 45665.6 
48 43295.2 
49 47953.7 
50 51926.6 
51 46170.9 
52 51615.5 
53 47732 
54 53207.4 
55 35540.4 
56 51654.1 
57 45995.8 
58 52203.9 
59 60796.8 
60 51116.9 
61 49212 
62 47777 
63 37842.9 
64 60880.2 
65 55900.6 
66 43615.8 
67 57784.3 
68 42016.2 
69 50497.9 
70 35193 
71 43858.3 
72 49817.8 
73 54921.8 
74 43242.5 
75 52608 
76 40516.9 
77 39735.2 
78 39941.5 
79 52198.6 
80 43533.7 
81 54624.2 
82 48215.5 
83 46941.6 
84 39097 
85 39221.3 
86 44808.9 
87 50497.8 
88 46686.4 
89 36396.4 
90 42466 
91 44887.7 
92 42331.3 
93 53467 
94 42315.1 
95 50901.3 
96 49614.8 
97 45309.9 
98 39796.9 
99 40596.5 
100 39954.5 
101 41791.9 
102 43996.4 
103 36107 
104 52231.3 
105 38570.2 
106 46871.4 
107 33239.1 
108 39899.4 
109 62237 
110 45081 
111 42673 
112 40843.1 
113 47949.5 
114 59117.8 
115 55218.4 
116 44603.2 
117 45454.3 
118 35016.4 
119 65446.9 
120 44078.8 
121 54749.4 
122 48340.6 
123 36872.4 
124 53678 
125 53306.3 
126 46387.6 
127 44421.9 
128 63201.7 
129 41710.3 
130 52213.5 
131 45643.8 
132 47177.3 
133 50869.1 
134 46404 
135 46587.8 
136 46668.3 
137 50308.5 
138 46203.7 
139 63433.5 
140 49852.1 
141 54250.1 
142 46727.5 
143 49957.2 
144 42432 
145 47196 
146 41503 
147 42283.9 
148 39459.3 
149 37741.2 
150 39659.2 
151 47040 
152 40611.6 
153 45240.9 
154 38802.5 
155 52368.6 
156 45148 
157 40729 
158 43522.9 
159 33300.8 
160 44556.6 
161 38850.4 
162 41959 
163 39036.9 
164 48606.3 
165 40723.5 
166 41424.8 
167 34766.4 
168 40806.4 
169 41023.6 
170 36721.7 
171 43665.7 
172 27704.4 
173 42843.1 
174 43063.9 
175 37351.8 
176 49258.9 
177 61099.7 
178 41593.4 
179 53359.2 
180 43569.4 
181 41746.7 
182 39391.3 
183 36387 
184 43603.2 
185 40416.4 
186 45523.4 
187 35870.5 
188 44122.2 
189 33143.6 
190 47263.6 
191 42377.1 
192 42998.4 
193 43427.5 
194 38585 
195 39578.8 
196 38046.2 
197 42599.5 
198 39056.2 
199 51462.4 
200 40998.6 
201 42546.6 
202 52623 
203 55207.6 
204 49642.8 
205 59144.1 
206 49763.3 
207 39160.9 
208 41398 
209 37707.6 
210 48817.4 
211 58984.1 
212 43201.1 
213 57104 
214 50249.5 
215 46394.5 
216 49856 
217 40396.7 
218 39009.5 
219 51456.3 
220 39074.8 
221 40273.1 
222 45009.8 
223 37693.4 
224 49668.9 
225 39274.5 
226 46220 
227 42511 
228 47522.9 
229 40277.3 
230 41993.2 
231 42796.6 
232 42844.7 
233 48306.5 
234 45889.2 
235 42270.9 
236 44536.2 
237 48119.1 
238 46712.5 
239 40679.8 
240 46587.4 
241 44935.2 
242 44324.9 
243 36459.3 
244 41637.6 
245 44566.9 
246 45345.3 
247 51184.7 
248 37502.9 
249 41878.8 
250 39119.7 
251 42764 
252 40932.3 
253 48214.9 
254 49181.7 
255 57678.3 
256 35705.7 
257 54681.9 
258 47360.2 
259 42378.7 
260 49877.8 
261 51665.8 
262 45790.2 
263 50975.2 
264 55763.6 
265 43651.9 
266 31181.1 
267 42360.6 
268 50594.3 
269 46403.8 
270 45270.7 
271 45104.2 
272 46988.9 
273 35408.9 
274 47860 
275 41138.2 
276 48761.7 
277 57107.6 
278 46545.6 
279 43839.7 
280 51723.9 
281 40628.4 
282 37419.8 
283 47380.6 
284 47456.8 
285 36539.8 
286 40075.3 
287 43195.8 
288 51393.5 
289 48553.9 
290 40529.9 
291 53011.6 
292 56296.6 
293 47338.4 
294 46903 
295 56837.9 
296 45474.7 
297 43486 
298 44928.2 
299 40804.9 
300 36204.7 
