1 3 6 6 8 8 11 20 16 5 12 13 14 8 16 24 25 7 9 15 13 11 21 26 31 
2 3 5 8 7 6 11 18 18 4 9 12 12 9 21 26 24 6 11 13 15 10 19 28 27 
3 3 6 7 12 6 10 12 14 6 8 10 12 10 18 23 25 6 9 13 13 10 20 30 26 
4 2 5 7 10 7 10 13 14 5 7 11 11 10 16 22 22 6 10 12 18 11 21 26 31 
5 4 5 8 9 7 11 18 17 5 10 14 13 11 17 21 25 5 13 14 16 12 20 27 33 
6 4 6 10 9 7 13 17 17 5 10 12 15 11 19 22 28 7 12 13 14 15 21 31 34 
7 4 6 7 8 8 11 19 14 8 9 11 14 11 21 23 28 7 13 16 15 13 25 31 29 
8 3 6 8 10 8 12 17 22 5 10 10 12 12 17 24 27 7 10 15 15 12 27 27 30 
9 4 5 6 8 6 10 18 21 5 9 10 14 8 18 23 21 7 12 14 14 10 21 26 31 
10 3 6 9 11 6 12 16 16 5 9 11 12 9 18 25 25 7 10 16 16 11 22 31 31 
11 3 6 10 8 6 11 14 20 5 10 12 14 10 18 26 30 6 11 13 15 12 23 27 36 
12 4 6 7 8 5 11 15 14 4 9 12 11 10 16 23 21 6 11 13 16 11 20 24 33 
13 3 6 7 8 7 12 15 19 5 10 12 13 10 18 22 25 6 11 14 16 16 22 28 31 
14 4 8 9 7 7 12 20 17 6 10 13 15 13 19 28 32 6 12 14 19 15 24 34 36 
15 4 5 7 8 6 11 14 19 6 8 13 12 10 18 23 25 6 10 15 16 13 21 27 35 
16 2 6 6 7 5 11 11 20 4 8 8 11 8 15 23 25 6 9 11 13 9 19 29 31 
17 4 6 6 8 5 11 15 15 4 8 12 11 10 17 21 26 5 9 13 13 11 18 26 35 
18 3 6 8 8 7 12 16 20 5 8 12 15 10 18 27 31 5 13 17 17 11 20 27 36 
19 3 7 10 10 7 13 15 22 5 10 14 13 10 19 26 31 7 10 15 16 12 20 29 36 
20 2 6 8 8 6 13 15 14 4 7 10 13 7 13 25 21 5 9 12 15 11 17 22 27 
21 2 6 6 7 5 9 14 19 4 8 9 13 7 14 19 24 6 8 13 15 10 18 27 25 
22 3 5 7 7 6 11 12 19 5 7 10 12 7 15 20 22 6 8 12 13 11 19 25 28 
23 3 6 9 9 8 10 19 18 5 7 12 12 8 19 20 21 5 11 14 14 11 23 25 31 
24 4 6 7 9 5 11 14 19 5 8 13 19 13 17 31 32 7 11 17 18 12 24 33 36 
25 3 5 7 10 6 14 13 14 5 7 10 11 8 18 18 33 5 10 12 15 12 19 28 29 
26 3 6 7 7 7 12 18 20 5 9 12 14 9 16 26 26 5 11 16 16 12 20 27 30 
27 4 6 8 7 8 13 16 15 5 10 13 15 11 21 21 27 6 11 14 17 11 22 30 36 
28 3 5 8 7 7 11 14 17 5 8 11 13 9 18 23 25 5 12 16 15 11 21 25 33 
29 3 5 7 8 6 12 18 15 6 8 12 13 9 19 25 23 6 10 14 16 11 21 28 30 
30 3 4 6 10 5 12 13 15 5 8 10 15 8 15 19 21 6 8 13 13 10 22 24 29 
31 4 5 7 7 6 13 15 17 5 9 12 13 7 19 22 26 5 12 13 14 10 21 26 32 
32 3 4 9 7 5 10 11 17 3 8 12 9 7 15 20 22 5 10 12 13 8 21 22 24 
33 3 5 8 7 5 11 14 14 4 8 12 12 8 16 22 24 5 9 14 14 10 19 30 28 
34 2 5 6 6 5 10 12 15 4 6 10 10 9 13 18 25 5 9 11 14 10 16 22 28 
35 3 5 9 9 7 9 14 17 4 10 13 11 10 16 20 25 6 11 14 15 11 23 25 29 
36 4 5 7 9 5 10 14 14 4 7 12 12 9 16 22 23 5 10 15 16 10 19 27 28 
37 2 7 7 6 6 10 12 15 4 7 11 13 8 15 23 29 5 9 12 13 10 17 25 30 
38 3 5 9 8 6 10 16 16 5 9 12 12 8 21 26 31 6 13 16 16 10 21 33 39 
39 4 6 9 8 7 15 15 16 4 9 10 13 9 15 22 28 6 10 13 15 9 19 28 37 
40 3 6 7 8 7 10 21 22 5 9 13 11 10 16 22 24 5 12 15 16 10 21 33 31 
41 4 5 7 10 6 11 14 15 5 9 12 11 10 16 25 25 5 11 15 20 11 22 29 33 
42 2 5 6 8 6 9 12 13 5 8 10 10 8 14 19 22 5 10 11 12 10 21 29 29 
43 3 6 8 10 6 12 16 19 6 8 14 13 10 21 25 27 5 10 14 17 11 25 29 32 
44 2 5 5 8 6 11 15 17 4 8 11 11 9 17 20 24 6 9 12 14 11 20 24 28 
45 3 6 9 9 5 12 14 18 6 9 11 13 8 15 22 23 6 10 14 15 11 19 25 31 
46 3 4 7 8 6 13 20 18 4 8 11 14 8 16 22 23 6 9 14 13 9 21 28 32 
47 3 6 6 5 5 12 12 15 5 7 15 11 8 15 22 27 5 11 14 17 12 22 24 32 
48 3 6 7 8 6 11 12 16 4 8 10 13 9 16 21 23 6 9 12 16 9 18 29 38 
49 3 5 8 8 7 11 15 23 4 9 13 14 9 17 25 27 6 10 13 17 10 22 26 29 
50 3 6 9 10 6 13 15 17 5 9 14 15 7 19 23 27 5 10 16 16 11 20 31 36 
51 3 5 7 7 6 10 15 14 4 8 10 11 9 18 27 26 5 11 12 15 9 19 25 30 
52 3 6 7 8 5 13 17 16 5 8 12 12 8 17 21 22 5 9 13 15 10 21 28 30 
53 3 5 8 10 6 12 16 22 4 9 10 12 8 17 23 23 6 10 13 13 11 23 26 29 
54 3 7 9 9 8 11 16 23 5 10 11 15 9 18 22 26 7 12 13 16 10 24 27 37 
55 3 6 6 9 5 11 14 18 4 9 10 12 8 19 20 24 6 11 15 16 10 20 27 34 
56 3 6 8 7 6 12 17 17 6 10 10 13 9 18 26 27 5 10 15 16 11 20 26 32 
57 3 4 6 6 5 8 15 15 4 7 11 13 8 16 19 21 6 9 12 13 10 18 23 30 
58 4 6 10 9 5 11 16 19 5 7 14 14 8 17 23 26 6 10 14 15 12 20 29 30 
59 3 7 8 11 5 14 14 19 5 10 12 14 9 20 24 30 6 11 16 18 12 20 29 38 
60 3 5 7 6 5 9 19 14 4 8 10 11 9 19 21 20 6 9 13 13 11 20 25 34 
