1 4 7 8 8 6 13 12 19 6 10 10 11 10 15 23 26 6 12 14 15 11 21 34 28 
2 3 6 8 8 7 10 12 16 4 9 10 13 8 15 22 22 6 11 13 15 12 23 24 33 
3 2 5 8 6 5 10 16 13 4 7 10 11 10 15 21 26 5 11 12 14 12 23 22 30 
4 3 6 8 8 7 13 14 16 5 8 11 11 10 18 22 24 6 11 13 14 11 22 27 34 
5 4 7 8 8 6 12 15 19 5 9 10 11 10 19 22 24 6 9 14 14 11 21 31 27 
6 3 6 7 9 5 11 16 16 5 9 11 12 11 17 20 28 6 12 16 18 11 21 30 31 
7 4 5 7 11 8 13 17 19 7 10 11 18 10 20 22 28 6 12 14 16 11 21 33 32 
8 4 6 8 8 6 13 15 23 5 10 10 14 9 16 26 31 6 11 15 15 12 20 31 30 
9 3 6 8 9 5 9 13 16 4 10 10 11 9 17 26 21 6 10 13 13 14 19 27 28 
10 3 8 7 7 7 13 16 23 5 9 12 13 10 17 24 24 6 11 14 16 13 24 29 35 
11 3 7 9 9 5 11 15 19 5 8 12 13 11 21 23 27 5 13 16 16 11 24 31 35 
12 3 5 6 8 8 10 15 15 5 10 10 14 11 18 27 23 6 11 16 16 10 20 27 30 
13 3 5 9 7 7 11 14 18 5 8 11 14 9 21 25 29 6 10 14 16 12 22 28 33 
14 5 6 12 8 8 12 16 20 6 13 13 16 9 19 25 27 7 14 15 17 14 28 34 38 
15 3 6 6 9 6 11 14 16 5 9 13 12 10 16 22 26 6 12 16 17 13 23 29 30 
16 3 5 5 9 5 11 13 19 4 8 9 13 9 15 22 20 5 10 11 12 11 18 26 32 
17 3 5 9 9 5 12 14 17 5 8 12 12 9 15 20 23 5 10 14 12 11 22 30 25 
18 4 8 7 10 6 15 14 25 5 8 12 19 10 20 21 25 7 10 15 14 10 22 29 30 
19 3 7 9 10 6 15 21 21 6 8 14 12 11 19 24 27 6 11 17 19 11 22 32 30 
20 3 6 7 10 4 13 11 15 3 9 9 11 9 16 21 20 5 10 12 13 10 22 24 34 
21 3 6 6 8 7 11 14 12 5 8 11 9 9 16 20 23 5 9 13 14 12 17 25 26 
22 4 5 6 6 6 10 12 12 4 8 10 12 8 15 21 23 5 10 11 13 11 18 24 27 
23 3 6 8 6 5 11 14 13 5 9 12 11 8 19 21 27 6 11 12 15 10 23 25 28 
24 3 8 8 8 8 14 17 22 5 9 11 13 10 20 21 27 6 13 14 16 10 21 36 36 
25 4 5 7 8 5 10 14 16 4 9 11 11 9 20 19 22 5 9 15 13 11 19 27 27 
26 3 6 12 11 6 11 15 15 4 9 11 12 10 19 27 34 6 11 14 14 11 20 30 33 
27 3 6 9 8 7 13 16 15 5 9 12 15 12 18 30 26 6 14 15 15 11 20 31 32 
28 3 5 6 9 6 11 15 18 6 8 9 16 9 19 22 27 6 10 14 13 12 21 25 30 
29 2 6 9 8 7 10 17 15 5 9 14 13 10 21 23 27 6 11 15 18 12 22 28 34 
30 2 5 7 8 5 9 12 15 4 7 10 13 8 19 25 24 4 10 15 12 9 21 22 28 
31 3 6 8 8 7 10 16 15 4 9 11 13 8 17 24 29 5 9 14 15 11 19 26 30 
32 2 7 7 6 6 14 16 14 5 7 10 13 8 15 23 19 6 9 11 15 11 17 25 27 
33 2 8 9 8 5 10 15 16 5 8 10 13 9 17 23 27 6 10 14 16 10 21 27 29 
34 2 5 7 7 5 10 13 15 4 8 8 10 8 15 19 18 5 10 10 12 9 18 24 25 
35 3 6 8 8 5 10 16 16 5 11 10 11 11 19 22 22 6 11 16 17 10 18 30 31 
36 3 5 8 7 5 13 12 16 5 8 9 11 10 15 20 21 6 10 13 13 11 19 30 27 
37 3 5 5 7 5 9 13 14 5 9 12 12 7 19 20 24 5 10 12 13 12 18 23 30 
38 4 9 9 10 5 11 17 16 4 8 15 14 7 19 21 28 6 12 15 15 11 23 32 41 
39 3 6 6 8 5 14 18 16 5 8 10 14 7 19 20 28 5 9 15 15 11 21 29 36 
40 3 5 7 10 5 11 17 16 4 9 11 14 8 16 20 25 6 10 15 14 11 22 26 33 
41 3 6 10 10 6 10 15 16 4 10 13 12 9 18 27 28 7 11 15 15 11 22 27 30 
42 2 6 6 7 6 10 13 13 4 8 10 10 8 17 21 21 5 11 12 13 10 20 30 28 
43 4 7 10 7 5 14 15 17 6 9 11 14 8 19 28 25 6 11 15 15 10 21 26 31 
44 4 5 8 9 6 10 13 18 5 8 10 13 7 16 20 25 6 9 13 14 11 20 27 27 
45 2 8 7 9 5 10 15 15 5 8 12 15 8 15 20 24 5 11 13 16 11 20 26 31 
46 3 6 6 9 6 12 17 18 4 8 10 13 8 16 23 22 5 9 15 15 11 20 25 25 
47 3 5 7 8 6 9 16 14 4 9 10 14 10 19 22 24 6 9 14 17 9 20 27 28 
48 4 5 8 8 5 12 14 16 4 9 12 13 9 15 20 23 5 10 13 15 10 21 25 34 
49 3 5 8 9 7 11 16 22 5 8 10 13 7 18 25 25 5 11 13 17 11 19 31 29 
50 3 6 8 9 6 11 17 14 5 9 13 12 10 16 22 29 6 10 14 16 10 22 31 37 
51 2 6 6 7 5 11 13 15 4 9 11 11 8 16 21 27 6 12 12 13 11 19 25 30 
52 2 5 6 9 6 12 18 16 5 9 12 14 9 16 26 25 4 11 13 14 12 21 27 31 
53 3 6 8 7 6 13 15 18 4 10 10 12 9 20 19 23 5 10 13 14 13 23 27 31 
54 4 5 8 10 6 12 15 20 4 9 11 13 8 18 24 26 6 11 14 17 12 23 28 32 
55 4 4 8 7 7 11 14 14 4 7 10 11 9 15 22 32 5 11 13 15 12 19 33 28 
56 3 5 7 8 6 12 16 17 4 10 11 11 12 15 22 23 6 10 13 15 13 20 27 30 
57 3 5 5 6 5 12 11 15 4 7 9 12 8 15 19 22 5 9 12 13 9 19 22 25 
58 3 6 9 8 6 11 16 17 5 8 11 13 11 16 25 24 5 13 15 15 11 24 30 29 
59 4 6 8 9 9 15 18 19 6 9 13 14 10 19 25 28 7 12 16 17 12 23 31 33 
60 3 5 5 7 5 11 12 16 5 7 11 9 11 18 21 24 7 9 13 19 11 19 28 28 
