1 774138 
2 751247 
3 596857 
4 831954 
5 714307 
6 653809 
7 644611 
8 666690 
9 612558 
10 747078 
11 790157 
12 629964 
13 635437 
14 660196 
15 709639 
16 633271 
17 688287 
18 765982 
19 672566 
20 828226 
21 614753 
22 650160 
23 700005 
24 700691 
25 708136 
26 726633 
27 782464 
28 729020 
29 647735 
30 656396 
31 676468 
32 689311 
33 862846 
34 869634 
35 764038 
36 610676 
37 768292 
38 874483 
39 779437 
40 762527 
41 654860 
42 793320 
43 766822 
44 682924 
45 766623 
46 725769 
47 701375 
48 590151 
49 716688 
50 664079 
51 609026 
52 573580 
53 650244 
54 645114 
55 633658 
56 616496 
57 576374 
58 685087 
59 699366 
60 737625 
61 587326 
62 653862 
63 619931 
64 645738 
65 701568 
66 695976 
67 731093 
68 659641 
69 641361 
70 603550 
71 634835 
72 640572 
73 763014 
74 666088 
75 584683 
76 566127 
77 644601 
78 776328 
79 659689 
80 713518 
81 597455 
82 589661 
83 755501 
84 689194 
85 687931 
86 680254 
87 756117 
88 726649 
89 720274 
90 628927 
91 654558 
92 666084 
93 571421 
94 554163 
95 560919 
96 647477 
97 583166 
98 605058 
99 630142 
100 565062 
101 519088 
102 634278 
103 607315 
104 538194 
105 629667 
106 626876 
107 807303 
108 711991 
109 666318 
110 636195 
111 620643 
112 604316 
113 575186 
114 639122 
115 718430 
116 659320 
117 615319 
118 553012 
119 589910 
120 623995 
121 598739 
122 760291 
123 650675 
124 779295 
125 592610 
126 607910 
127 683619 
128 711158 
129 626760 
130 572960 
131 660780 
132 667412 
133 556042 
134 582564 
135 662477 
136 576336 
137 581558 
138 542515 
139 658880 
140 553574 
141 540603 
142 576267 
143 615482 
144 604273 
145 575516 
146 630278 
147 536051 
148 583397 
149 620265 
150 557357 
151 664738 
152 610270 
153 700451 
154 621673 
155 624758 
156 611580 
157 552328 
158 557666 
159 668098 
160 584275 
161 597006 
162 590860 
163 537496 
164 693176 
165 579073 
166 649472 
167 653671 
168 643508 
169 610866 
170 601788 
171 548822 
172 567107 
173 682395 
174 650746 
175 602896 
176 648879 
177 665873 
178 608480 
179 558460 
180 683229 
