1 779382 
2 720485 
3 591974 
4 836036 
5 709364 
6 653219 
7 677786 
8 680331 
9 619317 
10 730256 
11 769023 
12 628915 
13 637500 
14 656256 
15 716051 
16 632831 
17 679648 
18 818163 
19 653323 
20 815308 
21 603817 
22 650380 
23 693781 
24 707014 
25 703630 
26 721788 
27 788444 
28 722586 
29 652405 
30 660476 
31 688199 
32 681345 
33 859357 
34 874223 
35 775422 
36 624136 
37 775396 
38 856614 
39 796755 
40 777905 
41 644262 
42 791860 
43 746136 
44 672612 
45 762217 
46 727713 
47 712517 
48 566264 
49 723142 
50 667114 
51 623324 
52 584064 
53 642824 
54 632236 
55 635388 
56 616786 
57 574749 
58 677147 
59 700558 
60 735839 
61 589621 
62 654538 
63 622952 
64 644602 
65 714790 
66 689468 
67 716422 
68 655455 
69 649838 
70 631282 
71 604068 
72 650589 
73 745298 
74 667238 
75 582144 
76 566596 
77 637895 
78 779281 
79 673784 
80 729337 
81 625305 
82 601656 
83 745027 
84 672965 
85 703386 
86 666854 
87 771094 
88 729500 
89 720941 
90 650633 
91 650153 
92 670173 
93 574643 
94 549501 
95 562128 
96 650549 
97 587990 
98 604710 
99 636083 
100 573794 
101 512941 
102 629689 
103 598557 
104 543435 
105 628230 
106 622676 
107 824093 
108 706367 
109 682720 
110 635842 
111 608457 
112 603505 
113 569634 
114 634191 
115 731429 
116 660720 
117 608375 
118 565275 
119 601938 
120 624154 
121 606570 
122 767059 
123 663969 
124 772812 
125 586918 
126 608702 
127 685920 
128 692874 
129 610979 
130 569287 
131 664327 
132 680207 
133 566086 
134 581202 
135 663763 
136 582488 
137 582929 
138 535602 
139 652132 
140 550608 
141 553086 
142 580934 
143 604461 
144 603916 
145 569894 
146 628294 
147 536814 
148 587757 
149 618066 
150 553531 
151 652156 
152 613765 
153 697839 
154 603493 
155 637830 
156 599728 
157 557536 
158 539929 
159 670691 
160 580748 
161 605062 
162 598736 
163 539738 
164 682507 
165 591204 
166 628703 
167 665359 
168 646918 
169 603156 
170 589780 
171 543819 
172 577380 
173 694824 
174 658509 
175 616396 
176 651574 
177 643615 
178 607768 
179 578241 
180 682284 
