1 1 
2 0 
3 0 
4 1 
5 0 
6 0 
7 0 
8 1 
9 0 
10 0 
11 1 
12 0 
13 0 
14 1 
15 0 
16 0 
17 0 
18 1 
19 0 
20 0 
21 0 
22 1 
23 0 
24 0 
25 0 
26 1 
27 0 
28 1 
29 0 
30 0 
31 0 
32 1 
33 0 
34 0 
35 1 
36 0 
37 1 
38 0 
39 0 
40 1 
41 0 
42 0 
43 1 
44 0 
45 0 
46 1 
47 0 
48 0 
49 1 
50 0 
51 0 
52 1 
53 0 
54 1 
55 0 
56 1 
57 0 
58 0 
59 1 
60 0 
61 1 
62 0 
63 0 
64 1 
65 0 
66 1 
67 0 
68 0 
69 1 
70 0 
71 0 
72 1 
73 0 
74 1 
75 0 
76 0 
77 1 
78 0 
79 0 
80 1 
81 0 
82 0 
83 1 
84 0 
85 0 
86 1 
87 0 
88 0 
89 1 
90 0 
91 1 
92 0 
93 0 
94 1 
95 0 
96 0 
97 1 
98 0 
99 0 
100 1 
101 0 
102 0 
103 1 
104 0 
105 1 
106 0 
107 1 
108 0 
109 1 
110 0 
111 0 
112 1 
113 0 
114 0 
115 1 
116 0 
117 1 
118 0 
119 1 
120 0 
121 0 
122 1 
123 0 
124 1 
125 0 
126 0 
127 1 
128 0 
129 1 
130 0 
131 1 
132 0 
133 0 
134 1 
135 0 
136 1 
137 0 
138 1 
139 0 
140 1 
141 0 
142 0 
143 1 
144 0 
145 1 
146 0 
147 1 
148 0 
149 1 
150 0 
151 0 
152 1 
153 0 
154 1 
155 0 
156 1 
157 0 
158 0 
159 1 
160 0 
161 1 
162 0 
163 1 
164 0 
165 1 
166 0 
167 1 
168 0 
169 0 
170 1 
171 0 
172 1 
173 0 
174 1 
175 0 
176 1 
177 0 
178 1 
179 0 
180 1 
181 0 
182 1 
183 0 
184 1 
185 0 
186 1 
187 0 
188 1 
189 0 
190 1 
191 0 
192 1 
193 0 
194 1 
195 0 
196 1 
197 0 
198 0 
199 1 
200 0 
201 1 
202 1 
203 0 
204 0 
205 1 
206 0 
207 1 
208 0 
209 1 
210 0 
211 1 
212 0 
213 1 
214 0 
215 1 
216 0 
217 1 
218 0 
219 1 
220 1 
221 0 
222 1 
223 0 
224 1 
225 0 
226 1 
227 0 
228 1 
229 0 
230 1 
231 0 
232 1 
233 0 
234 1 
235 0 
236 1 
237 0 
238 1 
239 0 
240 1 
241 1 
242 0 
243 1 
244 0 
245 1 
246 0 
247 1 
248 1 
249 0 
250 1 
251 0 
252 1 
253 0 
254 1 
255 0 
256 1 
257 0 
258 1 
259 1 
260 0 
261 1 
262 0 
263 1 
264 1 
265 0 
266 1 
267 0 
268 1 
269 0 
270 1 
271 1 
272 0 
273 1 
274 0 
275 1 
276 1 
277 0 
278 1 
279 0 
280 1 
281 0 
282 1 
283 0 
284 1 
285 1 
286 0 
287 1 
288 0 
289 1 
290 0 
291 1 
292 0 
293 1 
294 1 
295 0 
296 1 
297 0 
298 1 
299 0 
300 1 
