62152.1
63818.1
58576.8
53304.7
62565.3
57415
45292.4
53463.6
50832.6
59018.7
65069.6
55024.5
53617.4
52870.5
41150.5
54163.1
54164.8
49569
33418.3
55014.2
49731.9
49662.5
54542.4
38122.3
52964.7
47863.3
61040
63276.7
79848.3
59084.6
50028.5
51358.5
65705.6
72375.5
68125.4
47547.1
52740.3
49952.7
48550.2
46743.3
58765.1
63396.3
61269.2
48788.2
76217
53913
54786
53668.3
51839.2
76689.9
58151.3
58984.7
51971
57603.5
44147.1
72463
53157.2
58224.1
71778
73607.4
56223.9
51554.3
50864.5
73022.7
69485.5
53138.8
68834.6
51511.9
57541.4
49617.1
52420.9
60208
65996.6
51867.3
65329.4
52871.9
44170.8
48804.1
56264.1
49139.9
66907.5
57208.9
54284.5
46144.5
46034.8
53177.7
54895
52700.2
49123.9
47624.6
51303.7
48923.1
60039.5
51501.4
59653.8
61830.2
56390.5
45009.1
49198.1
43553.2
48098
52509.6
44070.5
65232.2
42467.6
60014.1
46075.7
42871.4
81323.8
54368.5
54500.7
46661.4
53082.7
71372.8
72363.3
51303.1
52137.9
45063.6
84000.1
53944.7
68020.6
51984.9
50915.9
61651.6
65571.6
54799.4
58910.4
73486
54554.1
61612.2
61594.9
69335.8
67256
53145.7
63465.4
50538.4
52363.3
53136.1
78269
65976
64904
64567.2
61955.8
49983.1
59184.4
48454.2
53431.9
49208.8
47906.7
45909.8
57380.6
45636.6
49792.3
41598.7
56294.1
52650.3
51335.2
46432.8
42800.2
56996.5
48215.3
50628.9
47932.2
54440.3
46866.2
48751.7
44296.8
51789.8
52338.8
38277.5
49481.9
33173.6
51320
49245.9
45565.1
53462.6
72611.1
51101.9
57720.8
48332.8
55168.3
40891.6
43588.1
51798.5
42551.6
63101.3
45295
51141.7
37584.2
54999.2
52821.3
53884
52626.7
48723.2
43757.4
45627.6
46370.6
42940.7
68133.7
54524.9
52478.2
61415.7
63399
61021.1
66369.5
54596.1
44336.9
55497.4
47009.6
57363
69211.5
50227
58119.2
56539.7
51690.1
60181.2
46994.3
42586.7
59687.1
52065.5
52228.3
48845.8
43941.6
65220.8
49847.2
50897.8
47927
52665.2
41763.7
50766.7
47994.7
47433.1
52966.7
52045.4
51959
48986.5
55922.7
50142.3
47621.5
52317.6
49432.1
49326.3
37546.6
52216.2
51110.4
47842.2
58948.8
44429.9
46489.4
46387.5
46773.5
45143.1
52808.8
51768.3
66211.6
44234.8
58328.6
55277.1
45820
57019.1
65116.8
57533.1
59366.3
63267
51004
34537.4
56200.3
59787.6
50596.7
52735.7
49804.8
60895.2
39932.2
56164.6
47461.6
55040.9
68665.9
53997.7
49588.6
61766.3
43221.4
42622.9
58402.1
52026.4
46353.2
45557.5
50586.3
63688.6
55145.8
51434.8
65373.7
61450.1
59135.7
53049.3
62088.1
57481.2
50842.7
57723.5
47304.3
41422.8
