1 22585.5 
2 23880.9 
3 28084.1 
4 24985 
5 27803.7 
6 31536.4 
7 21586.4 
8 29225.7 
9 29853.2 
10 26787.9 
11 28562.3 
12 22344.2 
13 28097.8 
14 36279.2 
15 30371.5 
16 21926.2 
17 22602 
18 28383.6 
19 20116.4 
20 27674.7 
21 27347.3 
22 32315 
23 25397 
24 29051.5 
25 27289.7 
26 24723.9 
27 23749.8 
28 36388.2 
29 34592.7 
30 27101.3 
31 30982.9 
32 29648 
33 21967.7 
34 23451.1 
35 25421.3 
36 26378.6 
37 29060.8 
38 33648.9 
39 21821.2 
40 33971.6 
41 27100 
42 23416.2 
43 26771.7 
44 19282.3 
45 22445.8 
46 29961.5 
47 22960.5 
48 27000.2 
49 22228.7 
50 24944.7 
51 19358.8 
52 28376.9 
53 25746 
54 28680.9 
55 26029 
56 40190.9 
57 26111.1 
58 30292.1 
59 24226.2 
60 29613.1 
61 29827.1 
62 20483.7 
63 33602.2 
64 22360.3 
65 30294.2 
66 29018.2 
67 31431.4 
68 22796.3 
69 18348.9 
70 21941.7 
71 19871.9 
72 21339.7 
73 27091.2 
74 23277.8 
75 32091.1 
76 30427.6 
77 34860.4 
78 20047 
79 28851.3 
80 29582.5 
81 26260.8 
82 26334.1 
83 28358.8 
84 20308.2 
85 23741 
86 28701.1 
87 27488.3 
88 24609.9 
89 21886.8 
90 22550.3 
91 24662.6 
92 26032.7 
93 28501.8 
94 29383.6 
95 23365.1 
96 31234.9 
97 23556.1 
98 22664.1 
99 22429.9 
100 27353.1 
101 28769.9 
102 38028.5 
103 26788.2 
104 34708.8 
105 32249 
106 24527.3 
107 22303.6 
108 28190.4 
109 30578.5 
110 26247.4 
111 28957.4 
112 25231.6 
113 28731.5 
114 28103.2 
115 21861.3 
116 23019.9 
117 28612 
118 22490.8 
119 30579 
120 27593.8 
121 28345.7 
122 32204.5 
123 28054 
124 26991 
125 25010.2 
126 26092.3 
127 26853 
128 31564.8 
129 31340.3 
130 29757.8 
131 30573.6 
132 24079.8 
133 34685.6 
134 34073.9 
135 30775.4 
136 21825.2 
137 27585.7 
138 28899.2 
139 27857.2 
140 25939.2 
141 22432.4 
142 26719.7 
143 21616.8 
144 29521.2 
145 34322.4 
146 31985.6 
147 21480.6 
148 24119.7 
149 28273.1 
150 23361.4 
151 29666.8 
152 25926.8 
153 27555.6 
154 27689.2 
155 20627 
156 26021.5 
157 36177.1 
158 31218.1 
159 28644.2 
160 30625.1 
161 22621.3 
162 23849.9 
163 27101.4 
164 32313 
165 25887.9 
166 29462.2 
167 24562.3 
168 23242.7 
169 26402.8 
170 30192.2 
171 25252.4 
172 23125 
173 27943 
174 21836.9 
175 22341 
176 24701.5 
177 34610 
178 31000.8 
179 26000.8 
180 33129.1 
181 24416.9 
182 26697.1 
183 30288.4 
184 19902.2 
185 26985.8 
186 26763.7 
187 25164.3 
188 31322.4 
189 24227.6 
190 26358.5 
191 23481.5 
192 23021.3 
193 24481.4 
194 28397.3 
195 23112.6 
196 18555.3 
197 26736.9 
198 28824.6 
199 18617.3 
200 32922.9 
201 32027.8 
202 22507.3 
203 27590.1 
204 25518.7 
205 34155.4 
206 25941.2 
207 23717.3 
208 21236.7 
209 30127.5 
210 29800.6 
211 38552.1 
212 24113.8 
213 36053.9 
214 29100.3 
215 25430.8 
216 31039.1 
217 30313.2 
218 24412.4 
219 23331.7 
220 25106.1 
221 25110.5 
222 23106.1 
223 27663.1 
224 21944.3 
225 31793.3 
226 35005 
227 28837.8 
228 34256.4 
229 30259.5 
230 23913.7 
231 35246.5 
232 30413.7 
233 33513.2 
234 26877.1 
235 31602.4 
236 23817.6 
237 32311.1 
238 21371.1 
239 25745.7 
240 20977.2 
241 22728.4 
242 24742.1 
243 26731.4 
244 26194 
245 26499.2 
246 23661.4 
247 29998.8 
248 27430.8 
249 14628.5 
250 16252.9 
251 25438.8 
252 22703.9 
253 27268.3 
254 28974.2 
255 28822 
256 26305 
257 22735.8 
258 28435.5 
259 28451.5 
260 29108.3 
261 24327.2 
262 32515.5 
263 27547.8 
264 26430.2 
265 23626.2 
266 26546.4 
267 20385.8 
268 24782.8 
269 21062 
270 32578.7 
271 27656.5 
272 24771.6 
273 25552.5 
274 32050.8 
275 35204.8 
276 30680.9 
277 29272.2 
278 33943.5 
279 31020.8 
280 26481.5 
281 29654.6 
282 34742.4 
283 34061.4 
284 35925.2 
285 29809.8 
286 28318.6 
287 34706.2 
288 31624.7 
289 25739 
290 24372.7 
291 36372.5 
292 31448.9 
293 32107.5 
294 26084.7 
295 30912 
296 28723.1 
297 24988.6 
298 30691.4 
299 19542.5 
300 35899.6 
