1 21763.5 
2 24554.4 
3 28519.3 
4 26249.1 
5 27138.7 
6 31435.1 
7 21303.4 
8 29700.5 
9 29193.9 
10 26839 
11 28389.2 
12 22305.2 
13 29075.6 
14 36279.2 
15 31081.3 
16 21516.9 
17 22952.5 
18 30326.7 
19 20229.9 
20 27185.8 
21 27109.9 
22 32121 
23 24802.2 
24 29591.2 
25 27566.3 
26 24753.7 
27 23610 
28 36021.7 
29 34592.7 
30 27785.6 
31 30556.4 
32 29649.8 
33 22440 
34 23570 
35 25974.1 
36 26786.1 
37 28637.6 
38 33569.3 
39 22407.9 
40 33953.8 
41 26906.3 
42 23470.9 
43 26068.3 
44 19416.7 
45 22322.8 
46 29943.2 
47 22988 
48 27013 
49 22089.5 
50 24857.5 
51 19246.9 
52 28382.5 
53 24859.1 
54 28427.8 
55 25991.7 
56 40417.3 
57 26253.5 
58 30440.4 
59 24009.7 
60 29397.7 
61 30518.4 
62 20520.5 
63 33747.3 
64 22160.2 
65 29897.9 
66 28709.9 
67 31394.8 
68 22249.2 
69 18193.3 
70 21902.8 
71 19695.8 
72 21541.1 
73 27267.8 
74 23277.8 
75 31562.3 
76 30236 
77 34966 
78 19536.2 
79 29328.9 
80 29784.8 
81 26260.8 
82 26282.5 
83 28358.8 
84 19943.1 
85 23741 
86 28920.7 
87 28013.4 
88 24609.9 
89 22479.2 
90 22550.3 
91 24662.6 
92 26147.9 
93 28405.7 
94 29383.6 
95 23782.6 
96 31175.1 
97 23556.1 
98 22926.4 
99 22429.9 
100 27429.2 
101 28758 
102 38028.5 
103 26788.2 
104 34708.8 
105 32249 
106 25015.9 
107 22327.7 
108 28092.6 
109 30566.9 
110 26140.6 
111 29350 
112 25231.6 
113 29173.9 
114 28066 
115 21402.2 
116 23103.8 
117 28745.2 
118 22490.8 
119 30579 
120 27020.9 
121 27882.9 
122 32204.5 
123 28383.3 
124 27050.2 
125 25077.3 
126 25300 
127 27344.4 
128 31744 
129 31340.3 
130 29547.9 
131 30573.6 
132 23859.4 
133 34685.6 
134 34409.1 
135 30861.8 
136 21825.2 
137 27585.7 
138 28906 
139 27587.1 
140 25836.5 
141 22403.2 
142 27175.7 
143 21983.3 
144 30517.9 
145 34322.4 
146 32392.6 
147 21480.6 
148 24055.9 
149 28185.9 
150 23361.4 
151 29807.6 
152 25996.8 
153 27555.6 
154 27689.2 
155 20627 
156 26021.5 
157 36177.1 
158 31218.1 
159 28644.2 
160 30444 
161 22621.3 
162 23849.9 
163 27101.4 
164 32313 
165 25829.4 
166 29462.2 
167 24536.7 
168 23242.7 
169 26469.3 
170 30126.7 
171 25034.5 
172 23125 
173 28130.2 
174 21836.9 
175 22341 
176 24701.5 
177 34610 
178 30610.8 
179 26000.8 
180 33129.1 
181 24416.9 
182 26697.1 
183 31218 
184 19902.2 
185 26985.8 
186 26539.7 
187 25283.5 
188 31322.4 
189 24227.6 
190 26358.5 
191 23443.7 
192 23475.6 
193 24481.4 
194 28242.5 
195 23112.6 
196 18555.3 
197 26930.6 
198 28824.6 
199 18586.6 
200 32922.9 
201 32382.2 
202 22495 
203 27440 
204 25518.7 
205 34155.4 
206 25941.2 
207 23964.7 
208 21236.7 
209 29558.2 
210 29803.4 
211 38507.1 
212 24238.9 
213 36053.9 
214 29100.3 
215 25777.3 
216 31039.1 
217 30178 
218 26026.7 
219 23548.7 
220 25106.1 
221 25110.5 
222 23207.9 
223 27883.3 
224 21220.5 
225 31683 
226 35005 
227 28770.3 
228 34256.4 
229 30082.5 
230 23913.7 
231 35170.4 
232 30678.3 
233 33513.2 
234 26562.3 
235 31377.4 
236 23774 
237 32311.1 
238 21371.1 
239 25507.2 
240 20857.8 
241 22743.4 
242 24742.1 
243 26731.4 
244 26194 
245 26499.2 
246 23661.4 
247 29800 
248 27536.6 
249 14586.5 
250 16252.9 
251 25468.8 
252 22703.9 
253 27208.4 
254 28974.2 
255 28822 
256 26305 
257 22735.8 
258 29090.9 
259 28227.4 
260 29108.3 
261 24113.5 
262 32515.5 
263 27562.8 
264 26430.2 
265 23780.7 
266 26412.4 
267 20385.8 
268 24466.7 
269 21200.1 
270 32508.4 
271 27601.9 
272 24741.5 
273 25552.5 
274 32294.2 
275 35204.8 
276 30521.8 
277 28892 
278 33045 
279 31020.8 
280 26481.5 
281 29498.1 
282 34742.4 
283 34061.4 
284 35925.2 
285 30080.3 
286 28318.6 
287 34620 
288 31658.7 
289 25983.1 
290 24181.4 
291 36372.5 
292 31448.9 
293 31877.1 
294 26101.8 
295 30912 
296 28427.2 
297 24943.6 
298 30691.4 
299 19204.1 
300 35899.6 
