1 22355.1 
2 24687.9 
3 28442.8 
4 25296 
5 26486.8 
6 31677.6 
7 21964.7 
8 28892.7 
9 29193.9 
10 26781.5 
11 27691.6 
12 22222.5 
13 27717.9 
14 35442.4 
15 30588.5 
16 21516.9 
17 22158.5 
18 28142.6 
19 20116.4 
20 26878.8 
21 27002.6 
22 32333.7 
23 25340.8 
24 29349.5 
25 26991.8 
26 24626 
27 23350.9 
28 35974.6 
29 34918.3 
30 27547 
31 30608.9 
32 29309.5 
33 21967.7 
34 23288.5 
35 25776.7 
36 26963.8 
37 28391.1 
38 33630.5 
39 21838.3 
40 33925.8 
41 26987 
42 23236.8 
43 26485.8 
44 19416.7 
45 22046.1 
46 29536.8 
47 23083.1 
48 26775.8 
49 22382.9 
50 25062.2 
51 19550.8 
52 27923.4 
53 24915.7 
54 29107.4 
55 25740.5 
56 39978.7 
57 25733.2 
58 30289 
59 24127.8 
60 29120.3 
61 30598.6 
62 20866.7 
63 33571.1 
64 22005.8 
65 30218.8 
66 28792.1 
67 31081.8 
68 22335.6 
69 18276.1 
70 22009.5 
71 19718.6 
72 21632.5 
73 27610.7 
74 23634.6 
75 32293.5 
76 30633.7 
77 34774.5 
78 19887.1 
79 28851.3 
80 29582.5 
81 26197.2 
82 26282.5 
83 28358.8 
84 20374.6 
85 23741 
86 28701.1 
87 27428.9 
88 24609.9 
89 22355 
90 22550.3 
91 24662.6 
92 26290.3 
93 28501.8 
94 29895.5 
95 23384.3 
96 31234.9 
97 23556.1 
98 22637.2 
99 22429.9 
100 27311.1 
101 28685.5 
102 36518.3 
103 26872.2 
104 34708.8 
105 32249 
106 25096.8 
107 22303.6 
108 28425.5 
109 30578.5 
110 26247.4 
111 29428.9 
112 25231.6 
113 29166.6 
114 28103.2 
115 21786.8 
116 22967.2 
117 28612 
118 22490.8 
119 30580 
120 27020.9 
121 28294.7 
122 32204.5 
123 28201.6 
124 26991 
125 24913.4 
126 25300 
127 26853 
128 31468.7 
129 31340.3 
130 29627.2 
131 30573.6 
132 23859.4 
133 34685.6 
134 34492.9 
135 31143.6 
136 21825.2 
137 27585.7 
138 28899.2 
139 27587.1 
140 26100.7 
141 22589 
142 26753 
143 21616.8 
144 30393.5 
145 34322.4 
146 32970.2 
147 21480.6 
148 24297.5 
149 27817.1 
150 23361.4 
151 29305 
152 25947.4 
153 27555.6 
154 27689.2 
155 20627 
156 26021.5 
157 36177.1 
158 31218.1 
159 28644.2 
160 30444 
161 22491.8 
162 23805 
163 27101.4 
164 32313 
165 25829.4 
166 29462.2 
167 24678.1 
168 23242.7 
169 26308.8 
170 30180.6 
171 25252.4 
172 23125 
173 27943 
174 21836.9 
175 22341 
176 24701.5 
177 34565.4 
178 31222.6 
179 26000.8 
180 33129.1 
181 24416.9 
182 26697.1 
183 31520.9 
184 19902.2 
185 27312.3 
186 26673.9 
187 24714.9 
188 31322.4 
189 24227.6 
190 25825.9 
191 23481.5 
192 23215 
193 24475 
194 28242.5 
195 23112.6 
196 18555.3 
197 26736.9 
198 28824.6 
199 18586.6 
200 32927.8 
201 32140.5 
202 22038.7 
203 27995 
204 25518.7 
205 34155.4 
206 25941.2 
207 24017.3 
208 21236.7 
209 29722.5 
210 29800.6 
211 38774.5 
212 24406.6 
213 35689.3 
214 29100.3 
215 25658.7 
216 31039.1 
217 30178 
218 25649.9 
219 23472.4 
220 25106.1 
221 25110.5 
222 23106.1 
223 27621.8 
224 21867.5 
225 31683 
226 35005 
227 28560.3 
228 34256.4 
229 29839.5 
230 24004.5 
231 35170.4 
232 30353.7 
233 33513.2 
234 27178.1 
235 31377.4 
236 23860.4 
237 32311.1 
238 21371.1 
239 25448.3 
240 20962.8 
241 22728.4 
242 24742.1 
243 26731.4 
244 26194 
245 26889.2 
246 23661.4 
247 29830 
248 28015.8 
249 14783.2 
250 16252.9 
251 25438.8 
252 22685.8 
253 27208.4 
254 28974.2 
255 28822 
256 26515 
257 22735.8 
258 28757.8 
259 28451.5 
260 29108.3 
261 24492.5 
262 32629.5 
263 27562.8 
264 26430.2 
265 23626.2 
266 26222.9 
267 20385.8 
268 24618.9 
269 20996.1 
270 32282.1 
271 27891.9 
272 24556.9 
273 25779.1 
274 32000.9 
275 35204.8 
276 30521.8 
277 29064.9 
278 33557.8 
279 31020.8 
280 26481.5 
281 29533.4 
282 34742.4 
283 34061.4 
284 35925.2 
285 30179.4 
286 28318.6 
287 34706.2 
288 31624.7 
289 25949 
290 24181.4 
291 36372.5 
292 31587.9 
293 32438.8 
294 26241.3 
295 30995.3 
296 28723.1 
297 24943.6 
298 30691.4 
299 19338.5 
300 35855.6 
