1 3 
2 3 
3 3 
4 4 
5 3 
6 3 
7 3 
8 4 
9 3 
10 3 
11 3 
12 3 
13 3 
14 4 
15 3 
16 3 
17 2 
18 4 
19 2 
20 3 
21 3 
22 3 
23 3 
24 4 
25 2 
26 4 
27 2 
28 4 
29 3 
30 4 
31 3 
32 3 
33 3 
34 3 
35 4 
36 2 
37 4 
38 3 
39 3 
40 2 
41 4 
42 2 
43 3 
44 3 
45 3 
46 4 
47 4 
48 4 
49 4 
50 5 
51 4 
52 4 
53 4 
54 5 
55 4 
56 5 
57 4 
58 4 
59 4 
60 5 
61 4 
62 4 
63 4 
64 4 
65 4 
66 3 
67 4 
68 5 
69 4 
70 5 
71 3 
72 4 
73 4 
74 4 
75 5 
76 4 
77 5 
78 3 
79 5 
80 3 
81 5 
82 3 
83 4 
84 3 
85 5 
86 4 
87 4 
88 5 
89 4 
90 4 
91 4 
92 5 
93 5 
94 5 
95 7 
96 4 
97 4 
98 6 
99 4 
100 6 
101 6 
102 5 
103 5 
104 5 
105 4 
106 6 
107 4 
108 5 
109 5 
110 5 
111 5 
112 4 
113 5 
114 5 
115 5 
116 5 
117 4 
118 4 
119 5 
120 4 
121 4 
122 5 
123 4 
124 5 
125 5 
126 4 
127 4 
128 5 
129 5 
130 6 
131 4 
132 4 
133 6 
134 4 
135 4 
136 6 
137 5 
138 6 
139 7 
140 4 
141 7 
142 5 
143 6 
144 6 
145 6 
146 6 
147 6 
148 6 
149 6 
150 7 
151 5 
152 6 
153 7 
154 7 
155 6 
156 8 
157 6 
158 5 
159 6 
160 5 
161 6 
162 7 
163 5 
164 5 
165 7 
166 5 
167 5 
168 5 
169 6 
170 5 
171 6 
172 6 
173 5 
174 6 
175 5 
176 5 
177 5 
178 5 
179 6 
180 5 
