1 8 
2 7 
3 7 
4 8 
5 7 
6 7 
7 7 
8 7 
9 8 
10 8 
11 8 
12 7 
13 7 
14 7 
15 7 
16 8 
17 7 
18 7 
19 7 
20 8 
21 7 
22 7 
23 8 
24 7 
25 8 
26 7 
27 8 
28 7 
29 7 
30 8 
31 8 
32 7 
33 7 
34 7 
35 8 
36 7 
37 8 
38 7 
39 6 
40 7 
41 7 
42 7 
43 8 
44 7 
45 7 
46 10 
47 12 
48 9 
49 9 
50 11 
51 11 
52 10 
53 10 
54 10 
55 10 
56 10 
57 10 
58 10 
59 10 
60 10 
61 11 
62 10 
63 10 
64 10 
65 10 
66 10 
67 10 
68 10 
69 12 
70 10 
71 11 
72 9 
73 10 
74 10 
75 9 
76 11 
77 11 
78 10 
79 11 
80 10 
81 9 
82 10 
83 11 
84 10 
85 11 
86 10 
87 10 
88 12 
89 9 
90 10 
91 13 
92 15 
93 12 
94 13 
95 14 
96 12 
97 12 
98 13 
99 12 
100 12 
101 12 
102 13 
103 12 
104 13 
105 12 
106 14 
107 12 
108 12 
109 11 
110 12 
111 13 
112 12 
113 11 
114 12 
115 13 
116 12 
117 11 
118 11 
119 12 
120 12 
121 12 
122 11 
123 11 
124 11 
125 12 
126 13 
127 11 
128 11 
129 12 
130 13 
131 11 
132 13 
133 12 
134 12 
135 12 
136 15 
137 14 
138 15 
139 14 
140 14 
141 15 
142 14 
143 14 
144 16 
145 14 
146 15 
147 15 
148 14 
149 13 
150 14 
151 14 
152 14 
153 14 
154 15 
155 16 
156 14 
157 14 
158 13 
159 14 
160 14 
161 15 
162 15 
163 15 
164 14 
165 14 
166 14 
167 14 
168 15 
169 13 
170 14 
171 14 
172 15 
173 14 
174 14 
175 13 
176 13 
177 15 
178 15 
179 15 
180 16 
