1 4 
2 3 
3 3 
4 3 
5 3 
6 3 
7 3 
8 3 
9 4 
10 3 
11 3 
12 3 
13 4 
14 2 
15 4 
16 2 
17 3 
18 3 
19 3 
20 3 
21 3 
22 3 
23 4 
24 2 
25 4 
26 3 
27 3 
28 3 
29 3 
30 3 
31 4 
32 2 
33 3 
34 3 
35 4 
36 2 
37 4 
38 2 
39 3 
40 3 
41 3 
42 4 
43 2 
44 3 
45 3 
46 4 
47 4 
48 4 
49 4 
50 5 
51 4 
52 4 
53 4 
54 4 
55 4 
56 4 
57 5 
58 3 
59 5 
60 5 
61 4 
62 3 
63 4 
64 4 
65 4 
66 3 
67 4 
68 5 
69 5 
70 4 
71 4 
72 4 
73 3 
74 4 
75 4 
76 4 
77 5 
78 4 
79 4 
80 4 
81 5 
82 4 
83 4 
84 4 
85 3 
86 4 
87 5 
88 3 
89 6 
90 3 
91 6 
92 5 
93 6 
94 4 
95 5 
96 4 
97 4 
98 5 
99 5 
100 5 
101 5 
102 5 
103 5 
104 5 
105 5 
106 6 
107 5 
108 5 
109 5 
110 5 
111 5 
112 4 
113 6 
114 4 
115 4 
116 6 
117 4 
118 5 
119 5 
120 4 
121 5 
122 5 
123 4 
124 5 
125 4 
126 5 
127 4 
128 4 
129 6 
130 6 
131 4 
132 5 
133 5 
134 4 
135 5 
136 7 
137 5 
138 5 
139 7 
140 5 
141 6 
142 6 
143 5 
144 6 
145 5 
146 5 
147 7 
148 5 
149 5 
150 6 
151 5 
152 6 
153 5 
154 8 
155 5 
156 6 
157 6 
158 5 
159 5 
160 5 
161 6 
162 5 
163 5 
164 7 
165 6 
166 6 
167 5 
168 6 
169 5 
170 5 
171 4 
172 6 
173 4 
174 6 
175 6 
176 5 
177 6 
178 5 
179 5 
180 6 
