1 8 
2 7 
3 7 
4 7 
5 7 
6 7 
7 7 
8 7 
9 7 
10 7 
11 7 
12 8 
13 7 
14 8 
15 7 
16 8 
17 6 
18 8 
19 7 
20 7 
21 7 
22 7 
23 8 
24 7 
25 7 
26 8 
27 7 
28 7 
29 8 
30 8 
31 7 
32 7 
33 6 
34 7 
35 8 
36 7 
37 6 
38 7 
39 7 
40 7 
41 7 
42 8 
43 7 
44 7 
45 7 
46 11 
47 11 
48 10 
49 10 
50 10 
51 11 
52 10 
53 10 
54 10 
55 9 
56 11 
57 10 
58 10 
59 10 
60 11 
61 9 
62 9 
63 10 
64 11 
65 9 
66 9 
67 10 
68 10 
69 11 
70 10 
71 9 
72 10 
73 11 
74 9 
75 11 
76 10 
77 10 
78 10 
79 10 
80 10 
81 10 
82 9 
83 9 
84 11 
85 11 
86 10 
87 11 
88 10 
89 10 
90 11 
91 13 
92 14 
93 12 
94 12 
95 13 
96 13 
97 10 
98 12 
99 14 
100 12 
101 12 
102 12 
103 13 
104 12 
105 12 
106 13 
107 11 
108 12 
109 12 
110 14 
111 12 
112 12 
113 13 
114 11 
115 11 
116 13 
117 12 
118 12 
119 12 
120 11 
121 11 
122 13 
123 12 
124 12 
125 12 
126 13 
127 12 
128 12 
129 12 
130 11 
131 12 
132 10 
133 12 
134 12 
135 12 
136 14 
137 14 
138 13 
139 16 
140 13 
141 15 
142 13 
143 14 
144 16 
145 13 
146 15 
147 15 
148 17 
149 16 
150 15 
151 13 
152 15 
153 13 
154 15 
155 14 
156 14 
157 14 
158 14 
159 16 
160 13 
161 14 
162 15 
163 15 
164 13 
165 14 
166 14 
167 13 
168 12 
169 15 
170 13 
171 14 
172 13 
173 14 
174 15 
175 13 
176 13 
177 14 
178 13 
179 17 
180 14 
