1 9 
2 9 
3 9 
4 8 
5 7 
6 10 
7 8 
8 9 
9 9 
10 9 
11 9 
12 8 
13 9 
14 8 
15 9 
16 8 
17 8 
18 9 
19 9 
20 9 
21 8 
22 8 
23 9 
24 9 
25 8 
26 9 
27 9 
28 8 
29 8 
30 9 
31 9 
32 8 
33 8 
34 9 
35 9 
36 8 
37 8 
38 8 
39 9 
40 8 
41 9 
42 8 
43 8 
44 8 
45 10 
46 12 
47 12 
48 12 
49 11 
50 12 
51 11 
52 11 
53 13 
54 14 
55 11 
56 12 
57 12 
58 12 
59 12 
60 12 
61 12 
62 12 
63 11 
64 13 
65 14 
66 10 
67 12 
68 11 
69 12 
70 11 
71 12 
72 12 
73 12 
74 11 
75 12 
76 11 
77 14 
78 12 
79 13 
80 12 
81 11 
82 11 
83 12 
84 13 
85 12 
86 11 
87 13 
88 13 
89 11 
90 12 
91 15 
92 14 
93 16 
94 16 
95 16 
96 14 
97 14 
98 16 
99 14 
100 15 
101 15 
102 14 
103 17 
104 13 
105 14 
106 14 
107 13 
108 14 
109 14 
110 14 
111 16 
112 14 
113 14 
114 13 
115 15 
116 14 
117 14 
118 14 
119 14 
120 13 
121 14 
122 13 
123 14 
124 14 
125 14 
126 14 
127 15 
128 13 
129 15 
130 15 
131 14 
132 13 
133 15 
134 15 
135 15 
136 21 
137 16 
138 18 
139 20 
140 17 
141 20 
142 15 
143 18 
144 19 
145 17 
146 20 
147 17 
148 18 
149 16 
150 18 
151 18 
152 16 
153 16 
154 17 
155 18 
156 18 
157 17 
158 18 
159 18 
160 17 
161 17 
162 17 
163 15 
164 17 
165 17 
166 16 
167 16 
168 16 
169 17 
170 17 
171 17 
172 18 
173 16 
174 17 
175 15 
176 17 
177 18 
178 15 
179 16 
180 19 
