1 3 
2 4 
3 3 
4 3 
5 3 
6 2 
7 4 
8 3 
9 3 
10 3 
11 4 
12 3 
13 3 
14 3 
15 4 
16 3 
17 3 
18 3 
19 3 
20 3 
21 2 
22 4 
23 3 
24 3 
25 3 
26 3 
27 3 
28 3 
29 4 
30 3 
31 4 
32 2 
33 3 
34 2 
35 3 
36 3 
37 4 
38 3 
39 3 
40 3 
41 3 
42 3 
43 3 
44 3 
45 3 
46 5 
47 5 
48 3 
49 5 
50 4 
51 5 
52 4 
53 4 
54 4 
55 4 
56 5 
57 4 
58 4 
59 5 
60 4 
61 5 
62 3 
63 5 
64 4 
65 4 
66 4 
67 4 
68 4 
69 4 
70 4 
71 4 
72 4 
73 4 
74 4 
75 5 
76 3 
77 4 
78 4 
79 3 
80 4 
81 3 
82 4 
83 4 
84 4 
85 4 
86 4 
87 5 
88 5 
89 5 
90 4 
91 5 
92 5 
93 5 
94 6 
95 6 
96 5 
97 4 
98 6 
99 4 
100 5 
101 5 
102 5 
103 6 
104 5 
105 6 
106 5 
107 4 
108 6 
109 5 
110 5 
111 6 
112 5 
113 5 
114 5 
115 5 
116 4 
117 5 
118 5 
119 5 
120 4 
121 4 
122 5 
123 5 
124 5 
125 5 
126 4 
127 5 
128 4 
129 5 
130 6 
131 4 
132 5 
133 4 
134 5 
135 5 
136 7 
137 5 
138 5 
139 7 
140 6 
141 6 
142 5 
143 6 
144 6 
145 5 
146 6 
147 7 
148 5 
149 5 
150 7 
151 5 
152 6 
153 4 
154 5 
155 5 
156 6 
157 5 
158 6 
159 6 
160 5 
161 6 
162 6 
163 5 
164 6 
165 5 
166 5 
167 5 
168 5 
169 6 
170 5 
171 5 
172 7 
173 6 
174 5 
175 5 
176 5 
177 5 
178 6 
179 6 
180 6 
