1 8 
2 7 
3 8 
4 6 
5 7 
6 7 
7 6 
8 8 
9 8 
10 8 
11 7 
12 8 
13 8 
14 7 
15 7 
16 6 
17 7 
18 7 
19 7 
20 7 
21 8 
22 7 
23 8 
24 7 
25 7 
26 7 
27 8 
28 7 
29 7 
30 8 
31 8 
32 7 
33 7 
34 7 
35 7 
36 7 
37 7 
38 7 
39 7 
40 7 
41 7 
42 7 
43 7 
44 7 
45 7 
46 11 
47 10 
48 9 
49 11 
50 10 
51 11 
52 11 
53 10 
54 11 
55 10 
56 11 
57 9 
58 10 
59 10 
60 11 
61 11 
62 9 
63 10 
64 10 
65 11 
66 9 
67 10 
68 11 
69 9 
70 10 
71 10 
72 10 
73 9 
74 10 
75 10 
76 10 
77 11 
78 11 
79 10 
80 9 
81 10 
82 9 
83 10 
84 11 
85 10 
86 9 
87 12 
88 10 
89 10 
90 11 
91 12 
92 12 
93 13 
94 11 
95 13 
96 12 
97 10 
98 13 
99 12 
100 12 
101 13 
102 14 
103 12 
104 14 
105 12 
106 12 
107 13 
108 12 
109 13 
110 13 
111 12 
112 11 
113 11 
114 12 
115 13 
116 12 
117 12 
118 12 
119 13 
120 11 
121 11 
122 13 
123 13 
124 14 
125 11 
126 12 
127 11 
128 11 
129 13 
130 12 
131 11 
132 12 
133 11 
134 12 
135 12 
136 15 
137 14 
138 14 
139 15 
140 14 
141 15 
142 14 
143 16 
144 14 
145 13 
146 15 
147 15 
148 15 
149 14 
150 15 
151 15 
152 13 
153 14 
154 14 
155 13 
156 14 
157 15 
158 13 
159 14 
160 14 
161 14 
162 15 
163 14 
164 15 
165 13 
166 14 
167 13 
168 14 
169 14 
170 14 
171 13 
172 15 
173 14 
174 15 
175 12 
176 13 
177 13 
178 12 
179 14 
180 15 
