1 7 
2 7 
3 7 
4 7 
5 7 
6 7 
7 7 
8 7 
9 7 
10 7 
11 8 
12 7 
13 8 
14 8 
15 7 
16 7 
17 7 
18 7 
19 7 
20 8 
21 7 
22 8 
23 7 
24 7 
25 7 
26 7 
27 8 
28 7 
29 9 
30 7 
31 7 
32 8 
33 7 
34 6 
35 7 
36 7 
37 7 
38 8 
39 6 
40 6 
41 8 
42 7 
43 7 
44 7 
45 7 
46 10 
47 11 
48 9 
49 11 
50 10 
51 10 
52 10 
53 10 
54 10 
55 10 
56 11 
57 9 
58 10 
59 10 
60 10 
61 10 
62 11 
63 10 
64 11 
65 10 
66 10 
67 9 
68 10 
69 10 
70 11 
71 10 
72 10 
73 10 
74 10 
75 10 
76 10 
77 12 
78 9 
79 11 
80 10 
81 9 
82 9 
83 10 
84 10 
85 10 
86 10 
87 10 
88 10 
89 10 
90 11 
91 12 
92 13 
93 13 
94 11 
95 13 
96 12 
97 12 
98 14 
99 11 
100 14 
101 12 
102 12 
103 12 
104 12 
105 12 
106 12 
107 12 
108 13 
109 10 
110 13 
111 13 
112 12 
113 12 
114 12 
115 12 
116 12 
117 11 
118 12 
119 13 
120 12 
121 11 
122 12 
123 12 
124 11 
125 12 
126 10 
127 13 
128 12 
129 12 
130 14 
131 11 
132 12 
133 12 
134 12 
135 12 
136 15 
137 12 
138 14 
139 15 
140 15 
141 15 
142 14 
143 16 
144 16 
145 13 
146 16 
147 16 
148 15 
149 14 
150 15 
151 14 
152 14 
153 13 
154 13 
155 14 
156 14 
157 14 
158 14 
159 15 
160 14 
161 14 
162 14 
163 14 
164 13 
165 14 
166 14 
167 14 
168 13 
169 15 
170 15 
171 15 
172 14 
173 13 
174 14 
175 13 
176 12 
177 15 
178 14 
179 14 
180 14 
