1 9 
2 9 
3 9 
4 7 
5 8 
6 8 
7 9 
8 8 
9 9 
10 8 
11 9 
12 8 
13 9 
14 9 
15 9 
16 8 
17 8 
18 8 
19 8 
20 8 
21 8 
22 9 
23 8 
24 9 
25 8 
26 8 
27 9 
28 8 
29 9 
30 9 
31 9 
32 8 
33 9 
34 8 
35 9 
36 8 
37 8 
38 9 
39 8 
40 9 
41 8 
42 8 
43 8 
44 8 
45 10 
46 11 
47 12 
48 11 
49 12 
50 12 
51 12 
52 13 
53 11 
54 13 
55 12 
56 12 
57 11 
58 13 
59 11 
60 12 
61 13 
62 11 
63 12 
64 12 
65 14 
66 11 
67 12 
68 12 
69 12 
70 11 
71 12 
72 12 
73 11 
74 12 
75 12 
76 13 
77 12 
78 11 
79 13 
80 11 
81 12 
82 11 
83 12 
84 10 
85 12 
86 12 
87 12 
88 14 
89 12 
90 13 
91 15 
92 16 
93 15 
94 16 
95 15 
96 14 
97 17 
98 15 
99 16 
100 14 
101 15 
102 15 
103 15 
104 14 
105 15 
106 15 
107 14 
108 15 
109 14 
110 16 
111 13 
112 15 
113 14 
114 15 
115 15 
116 13 
117 15 
118 14 
119 14 
120 15 
121 14 
122 15 
123 15 
124 15 
125 15 
126 16 
127 15 
128 14 
129 17 
130 15 
131 16 
132 15 
133 14 
134 15 
135 15 
136 19 
137 17 
138 17 
139 18 
140 20 
141 20 
142 19 
143 19 
144 18 
145 17 
146 18 
147 18 
148 18 
149 18 
150 21 
151 18 
152 17 
153 17 
154 19 
155 17 
156 18 
157 19 
158 17 
159 19 
160 18 
161 21 
162 19 
163 18 
164 19 
165 18 
166 17 
167 17 
168 15 
169 19 
170 17 
171 19 
172 18 
173 18 
174 18 
175 16 
176 16 
177 18 
178 17 
179 18 
180 20 
