1 3 
2 3 
3 3 
4 3 
5 3 
6 3 
7 3 
8 3 
9 3 
10 4 
11 2 
12 3 
13 4 
14 3 
15 3 
16 3 
17 4 
18 2 
19 3 
20 3 
21 3 
22 3 
23 3 
24 3 
25 3 
26 3 
27 3 
28 3 
29 3 
30 4 
31 3 
32 3 
33 3 
34 3 
35 3 
36 3 
37 2 
38 4 
39 3 
40 3 
41 3 
42 3 
43 3 
44 3 
45 3 
46 4 
47 4 
48 4 
49 4 
50 4 
51 5 
52 4 
53 5 
54 4 
55 5 
56 4 
57 4 
58 3 
59 4 
60 6 
61 3 
62 4 
63 5 
64 5 
65 4 
66 4 
67 4 
68 4 
69 6 
70 4 
71 4 
72 4 
73 4 
74 4 
75 4 
76 4 
77 4 
78 4 
79 4 
80 4 
81 4 
82 4 
83 4 
84 4 
85 4 
86 4 
87 5 
88 6 
89 4 
90 3 
91 5 
92 6 
93 6 
94 6 
95 6 
96 5 
97 5 
98 5 
99 5 
100 5 
101 5 
102 5 
103 4 
104 5 
105 5 
106 7 
107 5 
108 5 
109 4 
110 5 
111 5 
112 6 
113 4 
114 5 
115 4 
116 4 
117 5 
118 5 
119 7 
120 4 
121 5 
122 5 
123 5 
124 4 
125 6 
126 4 
127 5 
128 4 
129 4 
130 5 
131 5 
132 5 
133 5 
134 4 
135 5 
136 6 
137 6 
138 5 
139 5 
140 7 
141 6 
142 6 
143 7 
144 6 
145 6 
146 5 
147 6 
148 8 
149 5 
150 7 
151 5 
152 6 
153 6 
154 5 
155 6 
156 5 
157 6 
158 5 
159 6 
160 4 
161 8 
162 5 
163 6 
164 5 
165 5 
166 7 
167 5 
168 5 
169 6 
170 6 
171 6 
172 6 
173 5 
174 7 
175 5 
176 5 
177 7 
178 4 
179 6 
180 6 
