40_500_0.2 40_800_0.2 40_1000_0.2 40_500_0.3 40_800_0.3 40_1000_0.3 40_500_0.5 40_800_0.5 40_1000_0.5 50_500_0.2 50_800_0.2 50_1000_0.2 50_500_0.3 50_800_0.3 50_1000_0.3 50_500_0.5 50_800_0.5 50_1000_0.5 70_500_0.2 70_800_0.2 70_1000_0.2 70_500_0.3 70_800_0.3 70_1000_0.3 70_500_0.5 70_800_0.5 70_1000_0.5 OVER_1 OVER_2 OVER_3 OVER_4 OVER_5 OVER_6 OVER_7 OVER_8 OVER_9 OVER_10 OVER_11 OVER_12 OVER_13 OVER_14 OVER_15 OVER_16 OVER_17 OVER_18 OVER_19 OVER_20 OVER_21 OVER_22 OVER_23 OVER_24 OVER_25 OVER_26 OVER_27 TIME_1 TIME_2 TIME_3 TIME_4 TIME_5 TIME_6 TIME_7 TIME_8 TIME_9 TIME_10 TIME_11 TIME_12 TIME_13 TIME_14 TIME_15 TIME_16 TIME_17 TIME_18 TIME_19 TIME_20 TIME_21 TIME_22 TIME_23 TIME_24 TIME_25 TIME_26 TIME_27 
1.72233e+06 1.59999e+06 1.61245e+06 1.64756e+06 1.55228e+06 1.48425e+06 1.65582e+06 1.55557e+06 1.50634e+06 1.63256e+06 1.67801e+06 1.54255e+06 1.68597e+06 1.73915e+06 1.55997e+06 1.61315e+06 1.52612e+06 1.72324e+06 1.57917e+06 1.56824e+06 1.6867e+06 1.72973e+06 1.6266e+06 1.49052e+06 1.56528e+06 1.55241e+06 1.55548e+06 0 0 0 0 0 0 0 0 0 0 77 0 10 145 0 0 0 116 0 0 140 88 0 11 0 0 0 0 1 1 1 0 1 1 1 1 1 1 1 1 1 2 0 1 2 1 2 1 2 1 2 1 2 2
1.33116e+06 1.33026e+06 1.34238e+06 1.29942e+06 1.2961e+06 1.29504e+06 1.29548e+06 1.27985e+06 1.23601e+06 1.33212e+06 1.3872e+06 1.30075e+06 1.36602e+06 1.32961e+06 1.30362e+06 1.30381e+06 1.25333e+06 1.2207e+06 1.4408e+06 1.38874e+06 1.27898e+06 1.29744e+06 1.27077e+06 1.22328e+06 1.28712e+06 1.27362e+06 1.18742e+06 0 0 0 0 0 0 0 0 0 0 0 0 57 29 0 0 0 0 111 48 0 0 0 0 0 0 0 0 1 1 1 1 1 0 1 1 1 1 2 0 1 2 1 1 1 1 2 2 1 1 2 1 2 2
1.50849e+06 1.6165e+06 1.54764e+06 1.61545e+06 1.51972e+06 1.4995e+06 1.4594e+06 1.46944e+06 1.44966e+06 1.57681e+06 1.52754e+06 1.51944e+06 1.54794e+06 1.5857e+06 1.5628e+06 1.53241e+06 1.418e+06 1.44753e+06 1.53274e+06 1.49674e+06 1.53572e+06 1.54951e+06 1.45288e+06 1.44694e+06 1.4857e+06 1.42912e+06 1.52962e+06 0 62 0 0 0 0 0 0 0 0 0 0 0 48 38 0 0 0 0 0 45 21 0 0 0 0 70 0 1 1 1 1 1 0 1 1 1 1 1 1 1 2 1 1 1 1 2 2 1 1 2 1 2 2
1.48533e+06 1.44005e+06 1.32079e+06 1.36899e+06 1.29216e+06 1.44355e+06 1.2795e+06 1.28718e+06 1.22466e+06 1.33945e+06 1.32375e+06 1.32512e+06 1.33122e+06 1.3044e+06 1.2654e+06 1.32525e+06 1.18977e+06 1.25599e+06 1.33721e+06 1.34465e+06 1.3221e+06 1.34725e+06 1.34106e+06 1.28702e+06 1.33071e+06 1.36187e+06 1.26399e+06 105 0 14 0 0 89 0 0 0 0 0 33 0 3 0 0 0 0 0 0 0 0 13 0 0 107 0 1 1 1 0 1 1 1 1 1 1 1 1 1 1 1 1 1 2 1 1 2 1 1 2 1 2 2
1.56703e+06 1.511e+06 1.45197e+06 1.45755e+06 1.47341e+06 1.52342e+06 1.38532e+06 1.51149e+06 1.4251e+06 1.47058e+06 1.46306e+06 1.41076e+06 1.45544e+06 1.44403e+06 1.41077e+06 1.39197e+06 1.41114e+06 1.4191e+06 1.4993e+06 1.46353e+06 1.3627e+06 1.50286e+06 1.45812e+06 1.37014e+06 1.4435e+06 1.43472e+06 1.28798e+06 0 16 32 0 0 69 0 84 12 0 16 0 0 0 0 0 0 0 0 46 0 0 42 0 21 62 0 1 1 1 0 1 2 0 1 1 1 1 1 1 1 1 1 1 2 1 1 2 1 2 2 1 2 2
1.71387e+06 1.56881e+06 1.56459e+06 1.62177e+06 1.60881e+06 1.58937e+06 1.59767e+06 1.58584e+06 1.51441e+06 1.65111e+06 1.52469e+06 1.54894e+06 1.60784e+06 1.60647e+06 1.50094e+06 1.54277e+06 1.47464e+06 1.43844e+06 1.58042e+06 1.6062e+06 1.47385e+06 1.55976e+06 1.52327e+06 1.44513e+06 1.47737e+06 1.52665e+06 1.63231e+06 75 0 0 0 0 0 0 0 0 0 0 0 0 94 0 0 0 0 0 17 0 0 0 0 0 0 38 0 1 1 1 0 2 0 1 1 1 1 1 1 1 1 1 1 2 1 1 2 1 1 2 1 2 2
1.62474e+06 1.53247e+06 1.56874e+06 1.49806e+06 1.53286e+06 1.50325e+06 1.50293e+06 1.45512e+06 1.41936e+06 1.56957e+06 1.55509e+06 1.46356e+06 1.51657e+06 1.51196e+06 1.45984e+06 1.48554e+06 1.49487e+06 1.44677e+06 1.47971e+06 1.50089e+06 1.37132e+06 1.53691e+06 1.47374e+06 1.49832e+06 1.46977e+06 1.48939e+06 1.47238e+06 0 0 0 0 0 0 0 0 0 0 8 0 0 0 0 0 0 0 0 0 0 0 0 0 0 0 0 1 1 1 0 1 1 1 0 2 0 1 2 0 1 2 0 1 2 1 1 2 1 1 2 1 2 2
1.73024e+06 1.62765e+06 1.64118e+06 1.7602e+06 1.63121e+06 1.65191e+06 1.6489e+06 1.56734e+06 1.56456e+06 1.85001e+06 1.57926e+06 1.68487e+06 1.68668e+06 1.67304e+06 1.60751e+06 1.7603e+06 1.59493e+06 1.60248e+06 1.63626e+06 1.60747e+06 1.60736e+06 1.65766e+06 1.6243e+06 1.589e+06 1.65879e+06 1.56799e+06 1.63372e+06 0 0 0 0 0 0 0 0 0 33 0 0 0 18 0 68 0 0 0 0 0 0 0 0 50 0 107 0 1 1 1 1 1 0 1 1 1 1 1 1 1 1 1 1 2 1 1 2 1 1 2 1 2 2
1.74352e+06 1.83697e+06 1.65046e+06 1.73615e+06 1.61737e+06 1.62771e+06 1.60808e+06 1.54213e+06 1.59787e+06 1.69611e+06 1.70351e+06 1.5971e+06 1.74197e+06 1.64664e+06 1.59808e+06 1.60352e+06 1.56098e+06 1.53134e+06 1.65033e+06 1.62652e+06 1.5766e+06 1.60891e+06 1.63283e+06 1.5442e+06 1.60021e+06 1.53964e+06 1.6003e+06 0 130 0 0 0 0 0 0 0 0 0 0 0 0 0 0 0 0 0 0 0 0 0 0 0 3 0 1 1 1 0 1 1 1 1 1 1 1 1 1 1 1 1 1 1 1 2 1 1 2 2 1 1 2
1.56369e+06 1.58097e+06 1.55384e+06 1.57627e+06 1.57626e+06 1.52248e+06 1.62437e+06 1.52542e+06 1.47785e+06 1.64643e+06 1.50861e+06 1.47555e+06 1.57276e+06 1.53429e+06 1.50978e+06 1.53381e+06 1.46825e+06 1.44135e+06 1.64848e+06 1.51147e+06 1.53235e+06 1.57613e+06 1.51029e+06 1.55179e+06 1.51862e+06 1.53116e+06 1.46273e+06 0 0 0 0 0 0 0 0 0 0 0 0 0 0 0 0 0 0 0 0 0 0 0 0 0 0 0 1 1 1 0 1 1 1 1 1 0 1 2 0 1 2 0 2 1 1 1 2 1 2 1 1 2 2
1.41837e+06 1.49627e+06 1.5032e+06 1.45034e+06 1.39961e+06 1.5644e+06 1.41224e+06 1.41344e+06 1.46053e+06 1.46996e+06 1.6813e+06 1.38533e+06 1.46591e+06 1.3815e+06 1.38074e+06 1.37318e+06 1.33502e+06 1.39639e+06 1.47674e+06 1.34442e+06 1.44495e+06 1.36679e+06 1.38827e+06 1.35182e+06 1.33951e+06 1.33393e+06 1.39333e+06 0 63 110 0 0 165 0 60 89 0 246 0 0 0 0 0 0 0 0 0 35 0 9 0 0 30 0 1 0 2 0 1 1 1 1 1 1 1 2 0 2 1 1 1 1 1 2 2 1 1 2 1 2 2
1.57619e+06 1.46017e+06 1.5431e+06 1.49152e+06 1.62564e+06 1.43301e+06 1.51102e+06 1.60017e+06 1.41371e+06 1.56033e+06 1.49696e+06 1.49987e+06 1.58368e+06 1.42257e+06 1.46935e+06 1.49366e+06 1.42068e+06 1.47947e+06 1.46262e+06 1.45742e+06 1.47551e+06 1.42694e+06 1.42618e+06 1.48936e+06 1.4255e+06 1.55142e+06 1.35965e+06 0 0 16 0 120 0 16 26 0 0 0 0 0 0 0 0 0 34 0 0 0 0 0 0 0 52 0 0 1 1 1 1 1 0 1 2 0 1 2 0 1 2 0 2 1 1 2 1 1 2 2 1 1 3
1.68216e+06 1.58241e+06 1.5324e+06 1.64754e+06 1.55192e+06 1.60022e+06 1.61354e+06 1.5544e+06 1.6029e+06 1.53792e+06 1.63627e+06 1.54886e+06 1.63533e+06 1.5586e+06 1.58881e+06 1.55754e+06 1.55038e+06 1.51967e+06 1.62034e+06 1.56355e+06 1.59939e+06 1.62384e+06 1.50045e+06 1.5486e+06 1.51434e+06 1.48917e+06 1.51864e+06 0 0 0 0 0 0 0 0 0 0 0 0 0 0 0 0 0 0 0 0 19 0 0 0 0 0 0 0 1 1 0 1 1 1 1 1 1 1 1 0 2 1 1 1 1 1 1 2 1 2 2 1 1 2
1.54285e+06 1.42296e+06 1.44585e+06 1.49653e+06 1.45476e+06 1.46178e+06 1.45841e+06 1.41199e+06 1.35821e+06 1.55694e+06 1.4264e+06 1.45653e+06 1.52106e+06 1.45913e+06 1.40081e+06 1.42288e+06 1.42333e+06 1.39228e+06 1.45602e+06 1.51216e+06 1.43847e+06 1.43461e+06 1.42358e+06 1.40854e+06 1.44135e+06 1.38047e+06 1.35601e+06 0 0 0 0 0 0 0 0 0 0 0 0 0 0 0 0 0 0 0 0 0 0 0 0 0 0 0 1 1 1 0 1 1 1 1 1 1 0 2 0 1 2 1 1 1 1 1 2 1 2 1 2 1 2
1.40646e+06 1.42708e+06 1.50374e+06 1.39598e+06 1.42306e+06 1.34871e+06 1.33712e+06 1.32689e+06 1.30129e+06 1.39784e+06 1.37e+06 1.3275e+06 1.41046e+06 1.3628e+06 1.39672e+06 1.31493e+06 1.4244e+06 1.28998e+06 1.35567e+06 1.3663e+06 1.32399e+06 1.28694e+06 1.31633e+06 1.2806e+06 1.35149e+06 1.3283e+06 1.33811e+06 0 6 74 0 30 8 45 0 0 0 0 0 33 10 47 0 62 0 0 31 12 5 0 0 0 38 39 1 1 1 0 1 1 1 1 1 1 1 1 1 1 2 0 2 1 1 2 2 1 1 2 1 2 2
1.46906e+06 1.27362e+06 1.23319e+06 1.30813e+06 1.22452e+06 1.31509e+06 1.30251e+06 1.26986e+06 1.188e+06 1.36372e+06 1.3639e+06 1.33299e+06 1.47661e+06 1.24146e+06 1.26065e+06 1.35877e+06 1.3222e+06 1.188e+06 1.32087e+06 1.27284e+06 1.32463e+06 1.40295e+06 1.37108e+06 1.27645e+06 1.2544e+06 1.22237e+06 1.23515e+06 139 0 0 0 0 64 0 0 0 69 110 69 164 0 0 46 50 0 0 0 53 99 71 0 0 34 0 1 1 1 1 1 1 1 1 1 1 1 2 1 1 1 1 2 1 1 2 2 2 1 3 1 2 2
1.4517e+06 1.35008e+06 1.37431e+06 1.4388e+06 1.56631e+06 1.43909e+06 1.41038e+06 1.37439e+06 1.34324e+06 1.44717e+06 1.48424e+06 1.44758e+06 1.41083e+06 1.39541e+06 1.35052e+06 1.38552e+06 1.42378e+06 1.4348e+06 1.38217e+06 1.35796e+06 1.37193e+06 1.45668e+06 1.39279e+06 1.3957e+06 1.37485e+06 1.32415e+06 1.2905e+06 0 0 0 0 92 51 0 0 0 45 73 58 0 15 0 0 49 31 0 0 0 0 42 21 0 20 13 1 0 2 0 1 2 0 1 2 1 1 1 1 1 2 1 1 2 1 1 2 1 2 3 1 2 2
1.39304e+06 1.18375e+06 1.34694e+06 1.28785e+06 1.2183e+06 1.15421e+06 1.30552e+06 1.22858e+06 1.28751e+06 1.1474e+06 1.15465e+06 1.17075e+06 1.18809e+06 1.16531e+06 1.12441e+06 1.19734e+06 1.20851e+06 1.22316e+06 1.23338e+06 1.16257e+06 1.19909e+06 1.19529e+06 1.20656e+06 1.2376e+06 1.14784e+06 1.16304e+06 1.13559e+06 127 0 175 39 57 0 101 44 139 0 0 0 0 13 25 29 26 66 0 0 51 2 0 97 0 54 0 1 1 1 1 1 1 1 1 1 1 1 2 0 2 1 1 1 2 1 2 2 1 2 2 1 2 2
1.55136e+06 1.46299e+06 1.41018e+06 1.51854e+06 1.4413e+06 1.40892e+06 1.6506e+06 1.4894e+06 1.39698e+06 1.50776e+06 1.44571e+06 1.46396e+06 1.45089e+06 1.37161e+06 1.38104e+06 1.42841e+06 1.41099e+06 1.46372e+06 1.5744e+06 1.40851e+06 1.47936e+06 1.41808e+06 1.41189e+06 1.39153e+06 1.36922e+06 1.37327e+06 1.44296e+06 9 0 0 26 0 0 137 61 0 0 0 61 0 0 0 0 32 93 76 53 108 0 0 32 0 0 64 1 1 1 1 1 1 1 1 1 1 1 2 0 2 1 1 1 2 1 2 2 1 2 2 1 2 3
1.50399e+06 1.54001e+06 1.46468e+06 1.47438e+06 1.45197e+06 1.4227e+06 1.47188e+06 1.42007e+06 1.45232e+06 1.55001e+06 1.42586e+06 1.47077e+06 1.5207e+06 1.49161e+06 1.45169e+06 1.46069e+06 1.41914e+06 1.39453e+06 1.48384e+06 1.44564e+06 1.46076e+06 1.44068e+06 1.47228e+06 1.51889e+06 1.44779e+06 1.38538e+06 1.36277e+06 0 0 0 0 0 0 0 0 0 0 0 0 0 0 0 0 0 0 0 0 0 0 0 0 0 0 0 0 1 1 1 1 1 1 1 1 1 1 1 1 1 1 1 2 1 1 2 2 1 1 2 2 1 3
1.2032e+06 1.13381e+06 1.16765e+06 1.23796e+06 1.10849e+06 1.11936e+06 1.08795e+06 1.10467e+06 1.09592e+06 1.20731e+06 1.21175e+06 1.16082e+06 1.2382e+06 1.12214e+06 1.16718e+06 1.13003e+06 1.11575e+06 1.10923e+06 1.22405e+06 1.12791e+06 1.12368e+06 1.21953e+06 1.10223e+06 1.12199e+06 1.09753e+06 1.10433e+06 1.13033e+06 11 0 0 0 0 0 0 0 5 13 1 0 62 0 0 0 2 0 0 23 0 59 0 0 0 0 22 0 1 1 1 1 1 1 1 1 1 1 1 1 1 2 1 1 2 1 1 3 1 1 2 1 2 3
1.54783e+06 1.42426e+06 1.44302e+06 1.40316e+06 1.414e+06 1.38424e+06 1.39024e+06 1.44055e+06 1.33183e+06 1.42271e+06 1.36362e+06 1.43044e+06 1.41961e+06 1.43439e+06 1.36092e+06 1.46719e+06 1.45385e+06 1.36852e+06 1.39924e+06 1.55457e+06 1.40359e+06 1.38585e+06 1.31852e+06 1.4224e+06 1.35118e+06 1.36454e+06 1.38014e+06 25 0 0 0 0 0 0 0 0 0 0 0 0 0 0 0 0 0 0 111 33 0 0 0 0 0 0 1 1 1 0 1 1 1 1 1 1 1 2 0 2 1 1 1 2 1 2 2 1 2 2 1 2 2
1.40512e+06 1.42081e+06 1.37889e+06 1.39625e+06 1.32495e+06 1.3579e+06 1.38365e+06 1.28084e+06 1.34812e+06 1.39352e+06 1.35115e+06 1.34742e+06 1.37478e+06 1.40613e+06 1.32719e+06 1.29647e+06 1.37552e+06 1.33209e+06 1.39267e+06 1.31443e+06 1.30583e+06 1.32147e+06 1.33048e+06 1.30858e+06 1.29452e+06 1.29792e+06 1.27721e+06 0 0 0 0 0 0 0 0 0 0 0 0 0 17 0 0 81 0 0 0 0 0 0 0 0 0 0 1 1 1 0 1 1 1 1 1 1 1 2 0 1 2 1 1 2 1 1 2 1 2 2 1 2 2
1.27438e+06 1.24402e+06 1.24574e+06 1.29563e+06 1.17065e+06 1.27506e+06 1.23527e+06 1.22317e+06 1.21478e+06 1.27505e+06 1.25078e+06 1.23965e+06 1.40907e+06 1.21292e+06 1.22727e+06 1.2096e+06 1.19453e+06 1.32358e+06 1.28427e+06 1.21975e+06 1.2246e+06 1.29908e+06 1.27609e+06 1.23034e+06 1.18861e+06 1.23335e+06 1.24217e+06 0 0 0 0 0 67 0 0 0 0 0 0 62 0 0 0 0 106 0 0 0 34 71 0 0 43 0 0 1 1 1 1 1 1 1 1 1 1 1 1 1 2 1 1 2 1 1 2 1 2 2 1 2 3
1.43163e+06 1.44459e+06 1.32602e+06 1.32137e+06 1.36011e+06 1.36839e+06 1.40794e+06 1.4034e+06 1.39316e+06 1.37918e+06 1.35314e+06 1.33555e+06 1.427e+06 1.35242e+06 1.31234e+06 1.36854e+06 1.3676e+06 1.31465e+06 1.39458e+06 1.3923e+06 1.33937e+06 1.33419e+06 1.28813e+06 1.28543e+06 1.35697e+06 1.30619e+06 1.34183e+06 0 0 0 0 0 0 11 22 50 16 0 0 0 0 0 10 0 0 0 43 0 0 0 0 3 0 0 0 1 1 1 1 1 1 1 1 1 1 1 1 1 2 1 1 2 0 2 2 1 2 2 1 2 2
1.48159e+06 1.40798e+06 1.49949e+06 1.47499e+06 1.41614e+06 1.43761e+06 1.40604e+06 1.40084e+06 1.38101e+06 1.48266e+06 1.4085e+06 1.40467e+06 1.50191e+06 1.47946e+06 1.44227e+06 1.46902e+06 1.35772e+06 1.34347e+06 1.41995e+06 1.405e+06 1.42916e+06 1.41699e+06 1.37632e+06 1.37782e+06 1.43746e+06 1.41723e+06 1.36783e+06 0 0 0 0 0 0 0 0 0 0 0 0 0 0 0 33 0 0 0 0 0 0 0 0 0 0 0 1 1 1 0 1 1 1 1 1 1 1 2 0 1 2 1 1 2 1 1 2 1 2 2 1 2 2
1.38454e+06 1.33157e+06 1.38324e+06 1.37413e+06 1.32019e+06 1.36777e+06 1.30195e+06 1.28258e+06 1.26501e+06 1.37651e+06 1.31348e+06 1.35312e+06 1.31741e+06 1.32472e+06 1.3064e+06 1.40479e+06 1.24536e+06 1.2709e+06 1.32767e+06 1.31262e+06 1.34121e+06 1.37889e+06 1.29107e+06 1.25434e+06 1.30707e+06 1.29348e+06 1.27059e+06 0 0 0 0 0 0 0 0 0 0 0 0 0 0 0 0 0 0 0 0 0 0 0 0 0 0 0 0 1 1 1 1 1 1 1 1 1 1 1 1 1 1 1 1 2 1 2 1 2 1 2 1 2 2
1.66625e+06 1.54883e+06 1.52079e+06 1.60064e+06 1.48718e+06 1.49933e+06 1.52702e+06 1.54851e+06 1.48503e+06 1.49891e+06 1.64079e+06 1.57033e+06 1.54862e+06 1.51244e+06 1.53658e+06 1.51849e+06 1.43667e+06 1.46012e+06 1.58276e+06 1.50665e+06 1.48345e+06 1.53106e+06 1.5681e+06 1.51198e+06 1.50985e+06 1.46966e+06 1.47023e+06 0 0 0 0 0 0 0 0 0 0 71 16 0 0 10 39 0 0 0 0 0 0 0 1 0 49 0 1 1 1 1 0 2 0 1 2 0 2 1 1 1 2 0 2 1 1 2 2 1 1 3 1 2 2
1.4042e+06 1.29237e+06 1.32848e+06 1.42043e+06 1.3629e+06 1.24004e+06 1.35301e+06 1.28157e+06 1.33749e+06 1.33577e+06 1.3098e+06 1.28405e+06 1.31721e+06 1.26116e+06 1.23052e+06 1.26365e+06 1.28249e+06 1.28484e+06 1.33667e+06 1.29339e+06 1.3329e+06 1.33526e+06 1.27294e+06 1.25331e+06 1.32787e+06 1.24113e+06 1.25955e+06 0 0 0 0 0 0 54 0 0 0 0 0 0 0 0 0 0 18 0 0 22 0 0 0 0 0 0 1 0 2 0 1 1 1 1 1 1 1 1 1 1 2 0 2 2 1 1 2 1 2 2 1 2 2
1.5177e+06 1.45385e+06 1.41976e+06 1.50182e+06 1.49418e+06 1.55094e+06 1.48625e+06 1.42329e+06 1.46891e+06 1.47534e+06 1.5147e+06 1.45479e+06 1.47985e+06 1.44684e+06 1.45041e+06 1.53035e+06 1.45811e+06 1.46388e+06 1.49126e+06 1.44215e+06 1.40296e+06 1.47099e+06 1.43698e+06 1.38252e+06 1.48767e+06 1.43209e+06 1.36583e+06 0 0 0 0 6 0 0 0 0 0 0 0 0 0 0 0 0 0 0 0 0 0 0 0 33 0 0 1 1 1 0 1 1 1 1 1 1 1 2 0 1 2 1 1 2 1 1 2 1 2 2 1 2 2
1.16157e+06 1.15611e+06 1.26881e+06 1.1243e+06 1.16685e+06 1.11544e+06 1.20017e+06 1.10054e+06 1.07746e+06 1.1426e+06 1.21062e+06 1.30826e+06 1.22521e+06 1.12074e+06 1.10155e+06 1.10186e+06 1.07852e+06 1.10837e+06 1.12094e+06 1.09525e+06 1.07932e+06 1.17967e+06 1.08824e+06 1.29069e+06 1.16811e+06 1.07169e+06 1.1396e+06 0 0 125 0 8 0 51 0 0 0 62 157 57 0 6 0 0 23 0 0 0 0 0 184 54 0 32 1 1 1 1 1 1 1 1 1 1 1 2 1 1 1 1 2 2 1 1 2 2 1 3 1 2 3
1.25711e+06 1.16996e+06 1.17393e+06 1.20717e+06 1.19516e+06 1.1721e+06 1.17862e+06 1.15913e+06 1.15174e+06 1.24305e+06 1.17654e+06 1.24787e+06 1.19124e+06 1.24244e+06 1.13067e+06 1.1947e+06 1.22126e+06 1.163e+06 1.27747e+06 1.23732e+06 1.22418e+06 1.18773e+06 1.21422e+06 1.19383e+06 1.206e+06 1.22615e+06 1.14284e+06 0 0 0 0 0 18 0 0 0 0 0 13 0 23 0 0 0 0 118 12 4 0 48 51 23 54 6 0 1 1 1 1 1 1 1 1 1 1 2 1 1 1 1 2 1 1 2 3 1 1 3 1 2 3
1.31599e+06 1.36262e+06 1.29259e+06 1.30239e+06 1.33879e+06 1.31292e+06 1.20366e+06 1.3949e+06 1.24281e+06 1.37448e+06 1.22615e+06 1.2025e+06 1.25014e+06 1.25308e+06 1.21891e+06 1.24014e+06 1.21859e+06 1.26339e+06 1.29023e+06 1.24558e+06 1.21844e+06 1.36781e+06 1.25723e+06 1.22659e+06 1.2362e+06 1.27522e+06 1.20524e+06 6 56 47 0 98 47 0 115 27 89 0 0 26 6 0 0 0 29 0 27 0 69 4 0 0 40 47 0 2 1 0 1 2 0 2 1 1 1 2 0 2 1 1 1 3 1 1 2 1 2 2 2 2 3
1.3288e+06 1.38175e+06 1.44309e+06 1.27843e+06 1.43857e+06 1.22084e+06 1.21049e+06 1.2388e+06 1.31374e+06 1.33706e+06 1.21748e+06 1.26409e+06 1.25607e+06 1.21066e+06 1.25295e+06 1.21111e+06 1.23384e+06 1.20534e+06 1.3214e+06 1.31457e+06 1.24412e+06 1.29545e+06 1.2867e+06 1.27917e+06 1.20648e+06 1.25647e+06 1.19654e+06 0 44 137 0 169 29 0 0 119 0 0 0 0 0 24 0 0 8 0 56 0 15 27 52 2 43 4 0 1 2 0 2 1 1 1 1 1 1 2 0 2 1 1 2 1 1 2 3 1 2 2 1 3 2
1.39432e+06 1.48389e+06 1.36186e+06 1.44824e+06 1.35295e+06 1.37323e+06 1.39497e+06 1.46409e+06 1.30727e+06 1.37248e+06 1.3567e+06 1.35821e+06 1.37468e+06 1.42627e+06 1.3274e+06 1.37256e+06 1.42093e+06 1.39324e+06 1.42576e+06 1.36553e+06 1.46406e+06 1.38982e+06 1.33463e+06 1.35498e+06 1.3559e+06 1.32041e+06 1.29765e+06 0 54 0 28 0 0 0 106 0 0 0 27 0 0 0 0 28 23 0 0 77 0 0 0 0 0 0 1 1 1 1 1 1 1 1 1 1 1 2 1 1 1 1 2 2 1 1 3 1 1 3 1 2 2
1.34267e+06 1.31199e+06 1.32281e+06 1.34041e+06 1.25302e+06 1.26767e+06 1.31092e+06 1.26517e+06 1.26598e+06 1.3157e+06 1.29886e+06 1.3191e+06 1.33317e+06 1.22587e+06 1.29456e+06 1.26931e+06 1.23464e+06 1.32359e+06 1.32925e+06 1.32009e+06 1.2913e+06 1.31275e+06 1.26163e+06 1.23164e+06 1.26768e+06 1.2587e+06 1.23861e+06 0 0 0 29 0 0 0 0 0 0 0 0 0 0 0 0 0 60 0 0 0 0 0 0 0 0 0 1 1 1 0 1 2 0 1 2 0 2 1 1 1 2 0 2 2 1 1 2 1 2 2 1 2 2
1.43068e+06 1.41321e+06 1.36378e+06 1.36474e+06 1.41769e+06 1.38228e+06 1.40126e+06 1.35785e+06 1.32067e+06 1.39912e+06 1.39171e+06 1.45506e+06 1.36944e+06 1.38898e+06 1.38187e+06 1.39199e+06 1.43852e+06 1.3315e+06 1.42533e+06 1.35856e+06 1.34261e+06 1.39997e+06 1.39797e+06 1.33793e+06 1.34952e+06 1.34455e+06 1.35305e+06 0 0 0 0 0 0 0 0 0 0 0 40 0 0 27 0 53 0 0 0 0 0 23 0 0 0 29 1 1 1 1 1 1 1 1 1 1 1 1 1 1 2 1 1 2 1 2 2 1 1 2 2 2 2
1.59947e+06 1.50945e+06 1.5349e+06 1.52835e+06 1.52757e+06 1.53817e+06 1.55258e+06 1.54744e+06 1.499e+06 1.72661e+06 1.53984e+06 1.53223e+06 1.5862e+06 1.52601e+06 1.49046e+06 1.51379e+06 1.50179e+06 1.52904e+06 1.55758e+06 1.50664e+06 1.57574e+06 1.54976e+06 1.5735e+06 1.46165e+06 1.53346e+06 1.47829e+06 1.48087e+06 0 0 0 0 0 0 0 0 0 33 0 0 0 0 0 0 0 0 0 0 0 0 0 0 0 0 0 1 1 1 0 1 1 1 1 2 0 2 1 1 1 1 1 2 1 1 2 2 1 2 2 1 2 2
1.31884e+06 1.26887e+06 1.43795e+06 1.33103e+06 1.29985e+06 1.24351e+06 1.28114e+06 1.25171e+06 1.27602e+06 1.51166e+06 1.26985e+06 1.31167e+06 1.31347e+06 1.31996e+06 1.412e+06 1.24775e+06 1.2678e+06 1.22629e+06 1.38672e+06 1.35208e+06 1.40444e+06 1.3569e+06 1.32046e+06 1.23176e+06 1.26419e+06 1.20859e+06 1.31882e+06 0 0 109 0 0 0 0 0 30 37 0 0 0 0 102 0 0 0 59 86 77 74 39 0 0 0 77 1 1 1 1 1 1 0 1 2 1 1 1 1 1 2 1 2 1 1 2 3 1 2 2 1 2 2
1.26864e+06 1.26304e+06 1.26546e+06 1.23307e+06 1.2196e+06 1.20297e+06 1.2499e+06 1.20719e+06 1.15999e+06 1.24509e+06 1.20562e+06 1.22746e+06 1.33172e+06 1.22486e+06 1.20975e+06 1.32729e+06 1.21362e+06 1.22282e+06 1.22698e+06 1.22865e+06 1.18375e+06 1.17751e+06 1.17102e+06 1.17681e+06 1.24821e+06 1.18935e+06 1.16305e+06 0 0 0 0 0 0 0 0 0 0 0 0 73 0 0 78 34 0 0 0 0 0 0 0 0 0 9 1 1 1 1 1 1 1 1 1 1 1 1 1 1 2 1 1 2 1 1 2 1 2 2 1 2 3
1.38855e+06 1.40301e+06 1.32466e+06 1.42578e+06 1.36425e+06 1.31895e+06 1.39765e+06 1.36548e+06 1.33922e+06 1.41455e+06 1.34279e+06 1.35264e+06 1.39478e+06 1.34096e+06 1.35721e+06 1.33448e+06 1.39078e+06 1.30661e+06 1.37884e+06 1.32974e+06 1.34967e+06 1.35964e+06 1.34539e+06 1.31283e+06 1.36421e+06 1.35574e+06 1.30731e+06 0 0 0 0 0 0 0 0 0 0 0 0 0 0 0 0 0 0 0 0 0 0 0 0 0 0 0 0 1 1 1 1 1 1 1 1 1 1 1 1 1 2 1 1 2 1 1 2 1 2 2 1 2 2
1.46617e+06 1.41833e+06 1.47406e+06 1.46963e+06 1.44681e+06 1.44182e+06 1.46545e+06 1.38449e+06 1.36837e+06 1.51895e+06 1.41975e+06 1.42315e+06 1.4708e+06 1.39368e+06 1.44324e+06 1.36446e+06 1.30146e+06 1.38184e+06 1.49438e+06 1.39788e+06 1.41613e+06 1.45502e+06 1.41173e+06 1.41899e+06 1.39761e+06 1.38501e+06 1.38161e+06 2 0 0 0 0 17 0 0 0 0 4 0 0 0 0 0 0 0 0 0 0 0 52 0 0 0 0 1 1 1 1 1 1 1 1 1 1 1 2 1 1 1 1 1 2 1 2 2 1 2 2 1 2 2
1.41903e+06 1.43973e+06 1.35378e+06 1.50727e+06 1.38326e+06 1.50798e+06 1.4021e+06 1.40311e+06 1.42117e+06 1.41968e+06 1.37728e+06 1.3919e+06 1.37668e+06 1.36824e+06 1.34441e+06 1.50251e+06 1.52636e+06 1.35559e+06 1.48818e+06 1.38383e+06 1.38698e+06 1.37464e+06 1.37963e+06 1.359e+06 1.3923e+06 1.38122e+06 1.34226e+06 0 0 0 0 0 62 0 19 0 0 0 23 0 0 0 17 78 0 42 0 0 0 45 0 0 0 0 1 1 1 1 1 1 1 1 1 1 1 2 0 2 1 1 2 1 2 1 2 1 2 2 1 2 3
1.42877e+06 1.3146e+06 1.29922e+06 1.40005e+06 1.33269e+06 1.33872e+06 1.34838e+06 1.32763e+06 1.23589e+06 1.3849e+06 1.37404e+06 1.35665e+06 1.34192e+06 1.41423e+06 1.33682e+06 1.37701e+06 1.27324e+06 1.3011e+06 1.34407e+06 1.32204e+06 1.31916e+06 1.38728e+06 1.34342e+06 1.29758e+06 1.30372e+06 1.32617e+06 1.26555e+06 43 0 0 0 0 0 0 0 0 0 0 12 0 43 0 0 0 0 0 0 0 49 59 0 0 0 0 0 1 1 1 1 1 1 1 1 1 1 2 0 2 1 1 1 2 1 2 2 1 2 2 1 2 3
1.43916e+06 1.45218e+06 1.44422e+06 1.44756e+06 1.41852e+06 1.48542e+06 1.38764e+06 1.40139e+06 1.36044e+06 1.46001e+06 1.44529e+06 1.46354e+06 1.40436e+06 1.41831e+06 1.40722e+06 1.48023e+06 1.40073e+06 1.41764e+06 1.47978e+06 1.41168e+06 1.3697e+06 1.42071e+06 1.48034e+06 1.46502e+06 1.42313e+06 1.41008e+06 1.3881e+06 0 0 0 0 0 38 0 0 0 0 0 56 0 0 0 0 0 0 0 0 0 0 0 76 0 0 0 0 1 1 1 1 1 1 1 1 1 1 2 1 1 1 1 2 1 1 2 2 1 2 2 1 2 3
1.28187e+06 1.30383e+06 1.3016e+06 1.31795e+06 1.32268e+06 1.20861e+06 1.34494e+06 1.25401e+06 1.19361e+06 1.27163e+06 1.24943e+06 1.23065e+06 1.3074e+06 1.23885e+06 1.2313e+06 1.27017e+06 1.23167e+06 1.20172e+06 1.29674e+06 1.20354e+06 1.22777e+06 1.22108e+06 1.20084e+06 1.30015e+06 1.23977e+06 1.19925e+06 1.28159e+06 0 56 43 47 42 0 64 60 0 6 0 25 46 0 0 0 0 6 11 19 0 0 0 69 32 21 89 0 1 2 1 1 1 1 1 1 1 1 2 1 1 2 1 1 2 1 2 2 1 2 3 1 2 3
1.17273e+06 1.11441e+06 1.13133e+06 1.11911e+06 1.0607e+06 1.09411e+06 1.13018e+06 1.09989e+06 1.05699e+06 1.16134e+06 1.13907e+06 1.09449e+06 1.21711e+06 1.10036e+06 1.15362e+06 1.14033e+06 1.05795e+06 1.07064e+06 1.12846e+06 1.20009e+06 1.18098e+06 1.17248e+06 1.0778e+06 1.08121e+06 1.14332e+06 1.16031e+06 1.04946e+06 0 0 19 3 0 0 0 0 0 5 6 0 86 0 44 69 7 0 0 84 65 63 0 42 0 70 0 1 1 1 1 1 1 1 1 1 1 2 1 1 1 2 1 2 1 1 2 3 1 2 2 1 3 2
1.32587e+06 1.33698e+06 1.29826e+06 1.36507e+06 1.30321e+06 1.30459e+06 1.30999e+06 1.30203e+06 1.31269e+06 1.34785e+06 1.37548e+06 1.3235e+06 1.35399e+06 1.28836e+06 1.26925e+06 1.30217e+06 1.29064e+06 1.30202e+06 1.36041e+06 1.27204e+06 1.30081e+06 1.3186e+06 1.27857e+06 1.28315e+06 1.32108e+06 1.24599e+06 1.27073e+06 0 23 0 2 0 0 0 0 6 0 34 18 0 10 0 0 0 49 0 0 0 0 0 0 27 0 0 1 1 1 1 1 1 1 1 2 0 2 1 1 1 2 1 1 2 1 2 2 1 2 2 2 2 2
1.18854e+06 1.19245e+06 1.22916e+06 1.18787e+06 1.18438e+06 1.17132e+06 1.15346e+06 1.22938e+06 1.15331e+06 1.25455e+06 1.20773e+06 1.19654e+06 1.28331e+06 1.18971e+06 1.17249e+06 1.23229e+06 1.10944e+06 1.12343e+06 1.21821e+06 1.14234e+06 1.1419e+06 1.19593e+06 1.15022e+06 1.12443e+06 1.18663e+06 1.11875e+06 1.11737e+06 0 34 0 0 13 0 0 87 0 0 48 0 64 0 5 43 0 0 39 0 0 10 0 0 7 0 9 1 1 1 1 1 1 1 1 1 1 2 1 1 2 1 1 2 1 1 2 2 1 2 3 1 2 3
1.21825e+06 1.18317e+06 1.19232e+06 1.25824e+06 1.16481e+06 1.14936e+06 1.20896e+06 1.18888e+06 1.19919e+06 1.2336e+06 1.23272e+06 1.26803e+06 1.19506e+06 1.22696e+06 1.22886e+06 1.26384e+06 1.19064e+06 1.17513e+06 1.25405e+06 1.21466e+06 1.18332e+06 1.22762e+06 1.23069e+06 1.22702e+06 1.20312e+06 1.21679e+06 1.20395e+06 0 0 0 24 0 0 0 0 26 0 21 95 0 16 56 42 18 0 0 52 56 30 68 52 0 68 45 0 1 1 1 1 1 1 1 2 0 2 2 0 2 2 1 1 2 1 2 3 1 2 2 1 2 3
1.30799e+06 1.33197e+06 1.28039e+06 1.29239e+06 1.2396e+06 1.26513e+06 1.26692e+06 1.28449e+06 1.26123e+06 1.28888e+06 1.27348e+06 1.29156e+06 1.29829e+06 1.27711e+06 1.24226e+06 1.28902e+06 1.23894e+06 1.22949e+06 1.25583e+06 1.27548e+06 1.26027e+06 1.29387e+06 1.253e+06 1.22324e+06 1.28408e+06 1.25287e+06 1.20805e+06 0 0 0 0 0 0 0 0 0 0 0 0 0 0 0 0 0 0 0 0 0 0 0 0 0 0 0 1 1 1 1 1 1 0 2 1 1 1 1 1 1 2 1 1 2 1 2 2 1 1 3 1 2 2
1.3239e+06 1.24981e+06 1.28121e+06 1.24876e+06 1.27088e+06 1.24534e+06 1.24126e+06 1.23012e+06 1.17833e+06 1.27731e+06 1.20681e+06 1.26363e+06 1.26903e+06 1.22474e+06 1.17457e+06 1.22337e+06 1.20267e+06 1.22494e+06 1.24443e+06 1.28733e+06 1.19865e+06 1.21737e+06 1.22285e+06 1.15701e+06 1.17858e+06 1.27905e+06 1.24467e+06 29 0 38 0 0 0 0 0 0 0 0 15 0 0 0 0 19 43 0 39 0 0 0 0 0 74 36 1 1 1 1 1 1 1 1 1 1 1 2 1 1 2 1 1 2 1 2 2 1 2 2 1 2 3
1.3614e+06 1.36293e+06 1.32008e+06 1.34393e+06 1.4078e+06 1.26956e+06 1.30186e+06 1.28227e+06 1.36245e+06 1.34479e+06 1.32545e+06 1.29395e+06 1.36485e+06 1.40357e+06 1.30142e+06 1.31033e+06 1.30376e+06 1.26374e+06 1.33053e+06 1.3353e+06 1.27547e+06 1.32096e+06 1.31452e+06 1.30194e+06 1.32258e+06 1.2797e+06 1.24981e+06 0 0 0 0 84 0 0 0 25 0 0 0 0 69 0 0 38 0 0 0 0 0 55 0 0 0 0 1 1 1 1 1 1 1 1 1 1 1 2 1 1 2 0 2 2 1 2 2 1 2 2 1 2 3
1.30063e+06 1.25161e+06 1.27825e+06 1.45265e+06 1.25171e+06 1.30329e+06 1.28236e+06 1.20195e+06 1.21088e+06 1.29542e+06 1.28332e+06 1.36342e+06 1.33362e+06 1.25785e+06 1.20371e+06 1.2483e+06 1.21911e+06 1.2731e+06 1.26022e+06 1.26165e+06 1.28377e+06 1.23381e+06 1.29552e+06 1.20476e+06 1.2059e+06 1.2598e+06 1.18437e+06 0 0 0 156 0 0 0 0 0 0 0 88 10 0 0 0 0 40 0 0 48 0 72 0 0 26 0 0 1 2 0 1 2 0 1 2 1 1 1 1 2 1 1 2 1 2 1 3 1 2 2 1 2 3
1.32083e+06 1.38691e+06 1.36141e+06 1.3189e+06 1.24977e+06 1.29007e+06 1.39016e+06 1.29673e+06 1.27328e+06 1.35555e+06 1.34444e+06 1.28473e+06 1.28895e+06 1.33216e+06 1.26415e+06 1.30315e+06 1.36027e+06 1.25363e+06 1.3008e+06 1.31374e+06 1.27635e+06 1.33051e+06 1.27731e+06 1.2672e+06 1.27462e+06 1.26589e+06 1.30399e+06 0 71 63 0 0 0 78 0 0 0 18 0 0 6 0 0 57 0 0 9 0 0 0 4 0 0 83 0 2 1 0 1 2 1 1 1 1 1 2 0 2 1 1 2 2 1 2 2 1 1 3 1 2 3
1.29025e+06 1.27292e+06 1.24626e+06 1.26454e+06 1.25554e+06 1.36395e+06 1.34822e+06 1.25095e+06 1.22973e+06 1.25554e+06 1.24513e+06 1.23721e+06 1.26894e+06 1.20701e+06 1.24728e+06 1.26377e+06 1.23914e+06 1.17484e+06 1.2687e+06 1.20964e+06 1.23743e+06 1.27139e+06 1.25858e+06 1.225e+06 1.24314e+06 1.21795e+06 1.21706e+06 0 0 0 0 0 109 78 0 0 0 0 0 0 0 8 0 0 0 0 0 0 50 0 21 0 0 0 0 1 2 0 1 2 1 1 1 1 1 2 0 2 1 1 2 1 1 2 2 1 2 3 1 2 2
1.18029e+06 1.12442e+06 1.11195e+06 1.14718e+06 1.14852e+06 1.10392e+06 1.18825e+06 1.13456e+06 1.08943e+06 1.14104e+06 1.24516e+06 1.11371e+06 1.15176e+06 1.12169e+06 1.11423e+06 1.10885e+06 1.13415e+06 1.15224e+06 1.12662e+06 1.09504e+06 1.07274e+06 1.13511e+06 1.06404e+06 1.11235e+06 1.11876e+06 1.04828e+06 1.06753e+06 0 0 0 0 0 0 14 0 0 0 75 0 1 12 0 0 0 12 0 0 0 0 0 51 0 0 0 1 1 1 0 2 1 1 1 1 1 1 2 1 1 2 1 1 2 1 2 2 1 2 2 2 2 2
1.35224e+06 1.33047e+06 1.3099e+06 1.32259e+06 1.30651e+06 1.26026e+06 1.36833e+06 1.25276e+06 1.20516e+06 1.36163e+06 1.29707e+06 1.27681e+06 1.41375e+06 1.2867e+06 1.29161e+06 1.31028e+06 1.30773e+06 1.21664e+06 1.31651e+06 1.31712e+06 1.28097e+06 1.30432e+06 1.29105e+06 1.2712e+06 1.29699e+06 1.29051e+06 1.24976e+06 0 0 0 0 0 0 41 0 0 0 0 0 43 0 0 0 0 0 0 0 0 0 0 0 0 0 0 1 0 2 0 1 2 0 1 2 1 1 1 1 1 2 1 1 2 1 1 2 2 1 2 2 2 2
1.38069e+06 1.32721e+06 1.30438e+06 1.3537e+06 1.36267e+06 1.2936e+06 1.32444e+06 1.29777e+06 1.27029e+06 1.36777e+06 1.3561e+06 1.28438e+06 1.36075e+06 1.31211e+06 1.27443e+06 1.25887e+06 1.3055e+06 1.28544e+06 1.35123e+06 1.28268e+06 1.26597e+06 1.35059e+06 1.30088e+06 1.28071e+06 1.28534e+06 1.26114e+06 1.26229e+06 0 0 0 0 0 0 0 0 0 8 0 0 0 0 0 0 5 0 0 0 0 10 33 0 0 0 0 1 1 1 0 1 2 0 2 1 1 1 1 1 1 2 1 1 2 1 2 2 1 2 2 1 2 3
1.43462e+06 1.38055e+06 1.38183e+06 1.38364e+06 1.39659e+06 1.35258e+06 1.37415e+06 1.40958e+06 1.31215e+06 1.39592e+06 1.35279e+06 1.3695e+06 1.40709e+06 1.37853e+06 1.34601e+06 1.34881e+06 1.36126e+06 1.29389e+06 1.38826e+06 1.31223e+06 1.33609e+06 1.37622e+06 1.32171e+06 1.31323e+06 1.3804e+06 1.33065e+06 1.3397e+06 0 0 0 0 0 0 0 0 0 0 0 0 0 0 0 0 0 0 0 0 0 0 0 0 0 0 0 0 1 1 1 1 1 1 1 2 0 1 2 1 1 2 0 2 1 1 2 2 1 2 2 1 2 3
