1 1.00263e+06 
2 956910 
3 1.1359e+06 
4 1.16029e+06 
5 1.11313e+06 
6 1.01387e+06 
7 1.04618e+06 
8 1.03118e+06 
9 1.14877e+06 
10 1.1307e+06 
11 1.07605e+06 
12 1.08162e+06 
13 1.06175e+06 
14 987284 
15 1.07124e+06 
16 937859 
17 1.10555e+06 
18 1.0657e+06 
19 1.0168e+06 
20 1.06451e+06 
21 1.02069e+06 
22 1.12232e+06 
23 1.03366e+06 
24 1.18304e+06 
25 1.15127e+06 
26 972930 
27 1.11749e+06 
28 1.17034e+06 
29 1.12699e+06 
30 1.11035e+06 
31 1.22696e+06 
32 1.29533e+06 
33 1.18761e+06 
34 1.18163e+06 
35 1.11451e+06 
36 1.18955e+06 
37 1.16178e+06 
38 1.24305e+06 
39 1.20554e+06 
40 1.26155e+06 
41 1.13982e+06 
42 1.01567e+06 
43 1.11689e+06 
44 1.09462e+06 
45 1.13386e+06 
46 923553 
47 900681 
48 907750 
49 862761 
50 912251 
51 938168 
52 989196 
53 1.06246e+06 
54 909604 
55 953929 
56 863439 
57 958410 
58 840364 
59 966253 
60 957699 
61 911451 
62 953812 
63 1.06208e+06 
64 978974 
65 989688 
66 1.03351e+06 
67 982526 
68 1.03502e+06 
69 934478 
70 1.03397e+06 
71 928124 
72 1.05727e+06 
73 1.04235e+06 
74 1.04943e+06 
75 983627 
76 1.054e+06 
77 962388 
78 928514 
79 1.03195e+06 
80 1.02881e+06 
81 900066 
82 994428 
83 1.0114e+06 
84 1.00698e+06 
85 963743 
86 887459 
87 910093 
88 968239 
89 939665 
90 1.00432e+06 
91 836204 
92 887047 
93 949326 
94 852864 
95 882738 
96 951526 
97 873196 
98 820325 
99 950084 
100 973765 
101 834189 
102 989809 
103 922296 
104 915255 
105 865451 
106 897941 
107 1.03166e+06 
108 944292 
109 927848 
110 968782 
111 1.10644e+06 
112 1.04915e+06 
113 906528 
114 877053 
115 940282 
116 944155 
117 944514 
118 870209 
119 904331 
120 939274 
121 904796 
122 1.03656e+06 
123 931858 
124 1.06189e+06 
125 984400 
126 968289 
127 941134 
128 950339 
129 1.01678e+06 
130 925690 
131 1.107e+06 
132 916170 
133 974776 
134 905974 
135 931979 
136 828288 
137 764601 
138 887413 
139 934971 
140 885151 
141 986020 
142 769252 
143 920444 
144 939993 
145 883608 
146 967576 
147 925703 
148 790697 
149 859494 
150 877735 
151 990214 
152 920524 
153 758398 
154 1.00177e+06 
155 893380 
156 941178 
157 956273 
158 962074 
159 886718 
160 898480 
161 926266 
162 904810 
163 965916 
164 853899 
165 902489 
166 1.01793e+06 
167 959992 
168 965653 
169 920837 
170 854057 
171 964043 
172 953476 
173 971582 
174 1.05367e+06 
175 891308 
176 889096 
177 778408 
178 1.02883e+06 
179 888714 
180 951936 
