1 668531 670863 673514 671388 672773 668355 672796 670863 679345 673008 673096 671523 668371 668123 668234 669052 669372 674468 670851 675219 668371 668355 668509 672343 
2 709907 704500 712400 708704 705110 710265 704105 708144 702855 705913 707665 709785 701518 702563 703963 706047 704437 707998 706062 709813 702229 702229 706128 710089 
3 743102 744200 745830 754615 741222 729309 736430 748557 744506 738756 737749 746275 739751 714199 717384 739561 755392 735114 731899 737747 722126 738616 738327 733479 
4 700661 698803 700144 700711 694879 695447 700199 700486 698400 695999 701044 695634 697608 697321 696398 695875 696653 696981 695809 701240 695577 697306 698379 699052 
5 681220 691030 684854 688194 685288 685099 685035 684171 676951 693021 686044 685132 685541 683246 684085 686735 682776 692342 691711 684308 657208 684793 666606 690629 
6 770922 760289 762157 770798 770679 761252 763738 765240 771705 765438 763219 759502 773076 761560 761654 760138 769272 760337 763927 762180 758115 761139 765914 767317 
7 754511 748488 747458 750882 751795 745832 747488 749684 762157 750879 751612 754249 752035 753189 750410 747024 759755 758871 755059 750465 749515 749481 749208 746885 
8 643458 641306 643893 646861 638800 642276 646307 648000 642297 651578 641719 646829 647324 642944 646119 647221 643495 645292 642844 647869 645464 645134 644939 649110 
9 588656 592214 588755 589182 588007 592231 589333 588628 595194 591193 589651 589787 588484 590321 586730 589898 588656 587322 593184 587999 596351 587671 587671 588282 
10 586843 584137 579588 584346 580511 584889 582023 585778 582889 583950 592173 586296 592136 585809 586483 582959 585060 590582 581406 584553 583814 579256 583552 586051 
11 848791 849799 852143 846104 852255 850234 847297 846260 847951 847793 844763 842975 856444 847240 846433 847408 849789 843101 845348 849713 844829 844916 843984 848204 
12 697396 699750 700285 696327 699150 696922 697393 701398 700810 699913 701321 700639 704873 698136 698267 703126 701853 696588 700275 700695 699381 702119 696086 704144 
13 737593 730125 730226 735467 730372 728391 735051 728677 746234 729667 731975 731300 737574 730941 732216 728626 729091 728698 729899 728442 734510 728091 727384 727686 
14 904558 891717 890130 891150 883221 888230 892603 893088 885815 887075 882876 897637 893229 887452 888850 887126 887282 883016 886746 888936 881370 887313 887382 886614 
15 743443 753211 749520 762054 754434 750716 751597 754735 750360 757105 749212 759692 764090 756026 754832 754922 756445 753263 758724 762171 756345 753791 751034 757942 
16 528164 525985 530216 529242 524353 528486 528524 520025 521567 524901 528723 532276 526271 527255 526848 531201 529354 524244 529964 530480 524262 523541 528777 526240 
17 633234 639328 639721 643520 637167 627590 632245 638583 627414 633642 639048 639111 638557 625946 638034 635633 638930 630458 627025 627808 629705 637562 635988 625855 
18 539012 538375 543414 539729 536233 540731 540911 539965 543951 544728 538754 543755 538954 538414 539512 538808 539245 537673 539761 540274 539584 545396 542150 542517 
19 626268 624210 627867 627333 628374 627716 624759 627200 627838 624025 627853 630235 626108 626099 628360 625484 627100 627310 625786 628605 627904 625499 628817 630376 
20 612891 616946 610485 615413 610063 611521 613165 612042 610119 610022 615814 612910 614335 606955 612707 612656 609449 612246 614612 614645 609316 606718 610257 612047 
21 664467 676863 673916 666185 662921 671399 675590 673215 664856 671285 675341 667851 665975 663763 667218 667409 674821 666498 678133 669259 674026 667007 673581 673381 
22 679284 679725 682228 679710 678038 676235 675026 682761 676354 679949 677917 679396 675389 678989 676462 678129 686432 677450 680966 678225 680626 675113 675113 678490 
23 589694 585257 590670 588558 586406 587730 587362 586112 591285 586629 590691 586554 581634 582239 586412 585448 588238 589834 583959 585850 590420 583437 584494 586730 
24 675171 688440 681082 684460 684147 675738 680536 684375 680745 678709 683040 684312 676004 674113 685484 675905 682755 665801 690835 688424 683040 672637 679170 677361 
25 708476 708699 707322 710133 693003 705723 700937 710220 699158 701596 694923 710207 708477 701811 692707 700382 705767 706925 710865 711613 706803 704374 693003 708491 
26 695547 699517 703001 691082 690602 690695 701030 697118 702879 701128 706415 701819 693402 689972 700912 706763 708460 696570 696033 696364 695181 690519 692817 696952 
27 704662 694818 693230 695777 697975 704190 704389 706407 698833 699112 703398 695709 698972 697419 698492 699065 712784 694213 696253 700767 700376 693444 700802 702799 
28 688106 692379 691515 691470 689280 683541 694152 688233 688808 694494 692836 697796 693936 687817 689826 689764 697712 689629 690812 692208 689239 691840 691933 696122 
29 670553 675892 678675 671569 670450 673854 672518 680138 679315 681443 676853 681523 669937 671286 676203 677528 670984 671723 676971 677970 675325 672870 674288 673582 
30 714312 723379 722044 726338 729079 726969 707866 732806 722405 724106 725587 731346 724656 706379 726509 724546 727369 732797 723773 728106 711232 720673 720153 708595 
31 562705 559370 563414 566769 558518 559185 560257 556763 562080 562276 562120 558578 559222 559798 560661 561085 554960 561476 561291 563789 556681 558299 557204 559372 
32 600600 599676 594397 603230 600719 597594 599873 601766 600506 600468 602276 598382 594396 598028 597028 600371 604224 601387 598238 600656 598328 600305 598394 594231 
33 594870 595548 597234 597800 594127 592864 595622 593099 593837 593025 598846 593803 593602 593400 595143 595189 593412 595044 591962 596822 595605 594204 593383 593569 
34 535389 531603 535340 532522 528022 526200 530164 527233 531110 531889 536538 528761 534784 529076 530690 530638 530229 532308 531323 530760 527740 528581 531106 528385 
35 503581 492571 493737 504170 489824 493505 493415 497339 497796 491400 503367 505131 501049 489447 492845 495046 505004 496696 495060 490646 496128 490778 492095 496894 
36 568313 569108 569058 558536 563922 569233 556263 560524 561379 568377 570787 575509 569376 570106 576696 569269 555395 571123 568476 578584 568974 557598 570910 558514 
37 556526 558184 553505 556043 553293 553282 554780 555003 552961 554767 554662 553613 555960 554147 553406 556710 558519 557456 559702 560856 554681 556078 555536 555689 
38 534168 528593 530271 524649 530955 528685 527038 529837 529351 524046 527751 529197 530270 526132 526019 526161 528010 527450 533148 530034 531257 526809 528130 528701 
39 582466 574857 576388 579521 578932 576729 577790 576589 578936 577612 576507 578682 580038 579434 582286 579605 581813 577498 580536 578949 579434 578954 579830 580255 
40 511720 518660 515773 516221 512756 511614 511334 513311 513299 510277 516210 518022 511664 511870 511498 516589 517958 517415 515027 513790 515767 510703 513790 513499 
41 702899 700138 709208 707841 703678 704569 707792 702237 705604 701070 708132 706344 702176 702683 702733 701620 705595 702966 704469 704338 703140 700815 700268 702765 
42 551526 552133 553349 554231 554175 552641 552974 553472 560662 552059 552962 552176 553102 554842 552270 552635 556427 555575 552757 555250 551366 551819 552977 554559 
43 574751 577320 577770 576289 580423 576030 573240 574346 579509 573409 574790 575734 573409 574088 574028 574748 574156 577383 574760 574949 574492 575572 574992 574455 
44 602811 604222 609314 602700 601011 600457 600283 603581 604798 605140 606383 604727 604191 604035 602851 601740 601380 598939 604818 607792 604283 603825 605552 600462 
45 574385 573522 574768 580309 573499 570248 575995 577690 577376 579876 575984 573900 569138 569439 578873 584920 575102 573262 578114 578120 577179 576445 575039 572477 
46 578171 589253 586599 585294 583933 575193 576609 582535 585442 583162 575402 576255 574850 582551 574263 575144 588610 571340 585838 587694 580767 585415 586499 574890 
47 620946 622264 622251 621937 616279 616556 618136 619371 616492 615222 622564 620324 618573 615789 618505 622188 626228 619284 614901 619715 615758 617711 616761 619358 
48 560316 558562 567661 567370 556481 557897 554398 559130 559218 566809 566066 559708 557250 557331 558404 560172 562115 560341 560892 566910 557418 561804 558944 556671 
49 512500 518122 507902 516884 511977 506489 509655 510686 511482 512417 510832 521513 509802 508983 509222 510074 514667 511106 512356 513024 515359 512652 510199 514328 
50 651988 652347 654063 656661 650202 653261 652822 654646 658953 653529 653605 656433 651544 652367 653686 655519 651484 654150 654636 654253 653027 653167 653876 654164 
51 631260 634718 628285 633286 632267 632046 630826 632989 631455 630752 630161 636977 628057 629876 630885 630364 632498 632271 633121 633062 631212 626563 632152 632913 
52 614435 614913 618868 622716 616461 615663 615030 620643 622494 620591 620629 621516 611068 619375 620212 624481 622025 617384 618014 622491 614592 613477 622158 624509 
53 582292 585926 587489 585486 581492 583877 582756 577130 581124 580544 580091 585064 582046 579622 587006 579108 581608 584718 580195 580263 581729 575526 580751 579207 
54 568818 572022 573312 573932 572938 571100 569830 569658 573910 572232 572310 573995 569657 570135 570355 570303 571424 571428 569971 571006 571501 569047 569535 569416 
55 546004 549638 549939 557787 552780 541401 544528 551298 546377 562014 545370 553057 544677 548319 553606 542452 553938 547406 548447 549054 549087 543540 551689 551966 
56 635654 634575 633094 641070 628754 631472 635629 632672 632560 632605 635965 632844 632007 632417 630965 635479 636434 631806 631134 635724 629389 633087 633376 633305 
57 582005 579923 584732 582511 580802 580691 581882 582030 581011 583295 587084 585798 582810 584754 584813 582183 581225 582149 582485 583982 579843 587860 582108 581691 
58 537105 533122 535473 535348 535426 532383 534294 529119 533646 531947 534284 531758 534783 530217 532158 536499 533885 529889 533984 531273 531693 531114 531842 533492 
59 559045 565457 561008 562687 558391 563339 563416 562553 574255 566679 565506 564407 564687 558486 561937 566618 560304 558486 562212 564167 558737 558757 563938 563299 
60 641269 642422 644677 648991 642420 640236 646374 644802 649264 644013 640744 650478 646048 643970 647591 648820 640388 641249 642526 649420 640245 639370 644791 645285 
