1 676752 672285 673138 669586 668102 668102 668102 672281 675160 668252 674131 669382 672772 671305 669809 671771 683137 669002 669382 669155 668371 671382 672219 668371 
2 702775 705704 705799 704753 701890 703359 706509 710243 708446 705375 709556 713307 702318 701740 704355 707221 711629 709357 708949 710513 709890 705944 709024 709599 
3 745454 750044 743741 740879 733918 740432 745148 740820 745051 749750 745230 747284 738405 730672 738832 743129 744545 741080 741442 720874 740087 731086 738249 735638 
4 706359 697113 703878 696492 696756 694018 696578 696978 697223 696862 703118 694858 695111 695291 697871 697287 698518 699588 694281 697856 695239 697691 696078 694620 
5 685047 684557 686116 688873 666531 682843 688866 690380 690604 689584 687116 693249 680303 682941 687369 689476 682589 686367 686311 686818 684753 686217 689685 690225 
6 767438 767248 776692 765926 758553 764419 764157 769867 770652 762431 763424 766601 764675 766534 759442 768660 759002 762431 765909 767732 760430 768079 758202 764829 
7 760855 754574 751520 754123 749294 749866 750522 750162 753604 751234 751618 752109 754464 749848 749412 751514 755763 747812 750637 748058 744700 752356 748683 748739 
8 640056 645226 646102 649867 643314 643722 643683 644309 642440 645636 643863 652508 643366 636847 638800 648400 650565 642665 649786 642382 643947 643027 646444 641305 
9 596271 591457 592750 588792 594565 590380 587696 586830 601131 594699 590156 589995 593949 586730 585962 587824 598722 590224 591743 589173 593176 587824 589710 587824 
10 590894 578239 583073 588387 578352 580393 580062 582100 589069 583093 585204 580969 593001 582880 583396 580911 584312 579090 579204 585694 578369 584312 580450 587057 
11 846768 850873 852060 847164 846569 845569 845076 846533 848209 847518 846640 845437 846373 844456 847857 845096 846071 851040 847727 849605 848219 843413 849814 846151 
12 707153 703850 703515 704644 701660 698600 696839 700480 702152 697894 701302 700097 702009 696086 700850 699905 704159 700510 698651 699228 698504 696464 697452 698968 
13 737314 729350 726253 727730 727461 728114 731301 729231 729350 736022 730456 729946 730876 726200 728149 730007 744211 729667 729743 731772 733315 728149 730288 736514 
14 883736 892578 890616 889548 889675 885434 887329 892011 877728 887168 886001 888388 883405 880942 891150 886157 893938 879635 894827 892593 892756 881453 882925 883921 
15 762757 756759 758062 756147 757379 754627 758610 755362 766598 758848 760042 756973 762250 744687 758357 759202 749011 750489 762531 763834 753855 753849 730796 756296 
16 525079 531239 528969 526348 526997 525214 528554 530233 527093 521006 534492 528081 523317 527092 527922 526485 524001 525364 528841 531696 521861 529091 529505 531704 
17 637724 635446 624387 637060 631218 625757 636392 638527 637545 636082 636263 627629 637356 621787 634718 636059 638320 637651 637891 627924 635833 634788 637819 642648 
18 538895 541105 544517 543516 538170 542923 540314 539699 543428 541472 544144 539646 544589 537584 542694 535101 542610 541471 541980 540023 539672 537513 538518 540892 
19 626514 628257 631229 626940 622766 624765 626714 631894 626867 623928 628229 628323 625720 625860 627160 626374 628772 627489 628310 630984 627494 626753 627507 626519 
20 611554 611705 612943 616946 612051 606509 609712 614240 612429 610974 607609 613058 610116 607852 608022 607707 612636 610133 612560 613546 605584 610662 609840 606556 
21 678702 666609 668896 671992 670915 672624 672201 667791 669917 666986 673369 675114 669537 674168 667658 670214 672738 673244 679344 670995 665825 676511 674608 672875 
22 689184 676272 680671 679236 676588 677465 677648 678052 684725 677334 680436 682286 678451 677006 679170 680501 676846 684196 677918 677146 677254 676687 677404 677776 
23 582742 591837 585952 581986 588279 582990 585733 588497 587493 589949 587983 591178 581763 583143 586880 587505 584737 586364 586766 595626 584874 584438 585325 585370 
24 681078 687772 681933 676210 679279 679471 683855 685489 671289 684960 684109 683012 677390 682053 677099 683942 679207 680306 681355 676235 671258 681422 677680 686906 
25 708085 692584 705577 706685 700746 701930 705444 707209 713062 701659 709478 714670 701658 701566 698906 711916 705337 698359 703323 703418 691803 701040 696050 693972 
26 696960 690590 697853 701214 695561 688455 693274 698969 694270 696499 702186 695980 692667 699635 699072 703266 690963 690229 696478 705376 696006 689820 699766 704535 
27 700314 701487 699934 704832 702973 690811 693308 692541 705001 699442 699960 693429 702439 705953 695720 693850 696823 695033 692061 713447 710346 696019 701824 690729 
28 688812 690019 695563 694774 695074 689789 688798 686437 692415 694207 690604 686685 689465 688347 694984 691171 690086 686950 697389 699052 688222 686010 690644 690452 
29 676668 677205 670528 683704 676326 674374 679710 681006 679334 680568 682742 678267 671623 675008 675680 677988 671278 675389 681571 679882 674486 673396 674135 669353 
30 728065 715382 718313 732541 711167 719245 719268 721504 714739 720494 731103 731846 722891 706147 725596 727820 724626 729565 731355 732142 710627 722918 719598 720754 
31 560782 557648 561932 560708 559658 558603 563362 564103 560027 558895 560310 562278 558822 556111 561689 563797 557918 558204 562051 561585 554005 554922 558591 559105 
32 595467 599136 593332 601155 601178 599764 598402 601048 594897 600493 601677 605840 597123 600491 600255 601711 599571 598983 599436 598848 594608 594986 597613 599451 
33 595796 596472 597045 594335 592493 592698 595186 594803 594293 593784 594302 598022 593541 593620 595952 596120 593850 593383 595463 596174 594117 590976 591886 596009 
34 528732 533819 531400 531868 532438 530704 524745 525504 531093 529995 531620 533730 528667 530515 532498 534030 532966 528933 530917 535126 528493 529101 524566 531672 
35 502026 492795 494086 495972 490668 500049 490442 491321 496087 495638 491736 493253 501980 491001 494354 505502 504403 492093 503312 497472 488380 491516 492831 493142 
36 566459 574440 571799 576056 558400 569533 572251 558172 567111 570562 572943 573432 569940 566436 558177 570746 569534 568790 570253 564720 562448 566965 570592 574694 
37 556752 552936 553845 556677 553771 556350 555976 556075 555806 552834 556712 557541 557495 554645 554888 557999 553506 554340 556982 557021 553134 553384 554786 555440 
38 526175 530757 526499 529848 528036 525684 528154 523863 532620 529443 530537 532316 533240 526268 528606 524177 523271 531167 529698 527842 530220 524901 530924 529894 
39 580372 583250 576728 579969 576984 582373 577010 577762 581001 578199 579836 578238 583823 575785 581082 581731 580995 578402 581931 575928 577530 577660 577797 578719 
40 521757 512217 513791 514499 511931 510840 515966 511812 518333 514621 515459 516200 507987 511319 513487 513800 515797 514437 514497 516974 513538 512736 512635 515028 
41 703858 703842 703160 709907 702045 699634 704220 704461 701677 707053 702984 702152 699909 708126 702987 707284 704988 705981 703439 706114 701288 702577 705086 707336 
42 553236 551532 554593 551578 554456 552287 552977 553122 551471 551201 554944 555064 552583 552702 553067 553987 554840 553521 552203 556037 551597 552432 553158 553910 
43 573409 576095 578473 576136 573542 578642 573873 577263 573465 574775 575152 577289 573164 573606 574043 573984 578098 576706 578334 576486 575734 574677 575997 576407 
44 598760 607746 605706 607013 602260 600262 605404 605010 600987 603539 603393 604887 605282 600451 606553 604684 605850 598748 597545 608930 602619 600546 603736 606792 
45 576292 574769 578624 582013 568801 574028 571250 575096 574840 577219 580202 574789 574293 577160 571380 580124 574330 577028 572442 578109 575883 569008 576517 579686 
46 583197 581972 584454 573701 584604 569725 571671 582413 573406 584018 584490 585711 580757 575941 571779 577116 588550 573232 589412 579472 573398 572805 573859 574744 
47 618598 618944 616160 617546 621077 615152 621163 618175 618812 619239 622980 620840 618014 616729 619962 621207 618255 621917 619761 620935 619456 615672 621212 622041 
48 558307 556394 564755 565995 558394 559486 558524 563636 558230 556739 561548 564041 556298 557033 559709 559504 563003 557354 559443 559687 559882 561111 560894 561165 
49 510181 509367 509386 514727 512589 506522 511914 507869 511130 515112 520606 506271 512007 510359 511552 521396 509731 510229 511292 512103 517094 511273 514503 509743 
50 654451 653398 653602 655827 652594 652649 656340 654505 653598 654601 653639 653685 651512 651326 655636 655284 651530 654592 654118 653917 654036 652862 654256 653531 
51 630105 631931 629504 635649 630390 627702 629852 634420 630847 634091 629566 632132 628428 631794 634507 631552 632575 630008 637972 632576 628395 629333 631143 631863 
52 618711 617088 613414 619601 616011 617177 621246 626596 614719 617263 619938 623490 612631 619972 619880 622707 621611 617567 619700 614582 615792 614825 617594 621939 
53 582065 582831 582815 579966 581976 577550 578909 584242 577503 578025 588424 587841 576670 579399 576681 589979 585267 586023 581125 587534 576760 574492 577247 577778 
54 570776 569525 573002 569817 568451 568976 569358 570338 570618 570354 570522 573655 569500 571006 571090 569437 572803 571833 572576 571331 573608 572192 572487 569267 
55 551436 542072 547970 548414 545094 552258 554477 547016 550222 544187 555313 548569 553790 542367 545118 543675 555819 547802 549401 555676 546425 547346 542021 548082 
56 633406 628249 636074 634951 628189 629568 634902 639159 635471 640836 634042 631223 630858 630808 633342 638946 633972 633257 634879 634784 625730 630938 633888 629435 
57 579898 581202 582159 586060 581064 582592 580608 582521 583862 586277 583520 585690 578732 578812 579635 583665 580868 584298 584289 581950 581583 581235 581287 582782 
58 533950 532519 533495 536354 529622 534474 534538 531237 531086 529750 536116 531129 532168 527760 531950 531646 533595 533794 534597 535756 527109 527527 533561 535493 
59 563319 566582 564832 563664 567554 558682 562266 562452 559159 564607 565471 564361 563624 557677 562324 564404 565144 562750 561193 564229 572016 560709 562757 565150 
60 647380 642868 647578 646267 641816 643659 643850 647645 642906 643497 647814 649517 641933 646382 644662 643187 647200 644826 644126 638563 641038 640374 648740 648201 
