1 674599 668123 673489 673626 674093 674588 673811 673359 675444 673208 671276 674367 672571 668371 669495 670750 671769 672919 669361 671323 670572 669495 669687 670272 
2 704607 713759 708478 714655 702938 702148 705053 708841 707050 707471 713623 708847 702668 707536 708170 708892 708963 712629 706535 705769 702986 704815 706813 710481 
3 751289 742399 743580 749953 734040 739416 739588 737574 755112 743696 747422 745518 740099 740814 745084 740473 746793 739517 740991 748165 742167 733554 741662 733769 
4 697217 698440 696778 698550 699042 694765 695800 698375 694762 701145 687885 704962 693598 698270 696408 693598 695998 697840 696104 696307 688575 699585 698592 697695 
5 689136 692331 666476 688397 684526 686297 686947 686851 683412 686299 685401 690777 675976 680072 687394 689518 681043 683209 692495 693298 688731 683676 688396 684329 
6 767308 771981 766741 762614 770890 768045 765940 761548 767278 763931 764993 764478 771168 761724 762506 761252 759126 760604 764383 765954 767871 761901 763525 762676 
7 756280 748791 749440 746582 752972 751324 752726 752053 747158 747862 748646 752663 749849 750664 749772 749535 753251 753870 746914 757486 751211 746413 752313 745970 
8 650732 652248 645948 648760 639681 642788 638295 640613 649374 645136 645738 642906 644852 643736 647034 640612 645385 647247 646438 650743 642721 643161 642379 643617 
9 594875 589805 589559 589223 587782 587593 590431 592749 589205 586730 593739 589072 589899 587824 590039 586830 591015 595856 592473 591314 593439 588036 587376 586730 
10 580754 595123 582198 586210 583019 578352 583602 580393 587825 582584 579237 590968 582889 582806 578846 587735 588901 578651 580936 588485 582889 580517 578239 581854 
11 843296 844612 846012 848733 845541 843849 845100 849891 857836 847378 849222 842516 846228 844682 847629 845654 848109 846151 846055 846834 850973 847310 846544 844879 
12 703684 698905 700128 699246 698955 698609 699150 701507 706245 698616 701215 699468 699640 701639 696080 701689 700726 699577 698783 700094 698905 698963 697884 697472 
13 732873 726253 734400 726509 728626 726253 726509 731617 729019 728626 729895 727315 734987 727771 730767 729414 737256 726200 733831 730125 726253 726200 733092 727818 
14 877728 878739 893107 897485 883468 889293 885899 888351 887925 886532 883303 894364 886895 885918 887134 887188 883692 894772 892401 887335 884736 888954 885119 888536 
15 760767 754326 753489 759652 748276 758964 759297 758944 755385 751597 759611 759664 760969 750102 757774 752487 757146 758888 759532 751097 755300 753558 757633 758871 
16 527524 524302 532756 532664 527266 530381 531315 529244 527554 528281 527788 534210 524711 521168 530663 528839 528056 524711 531867 532274 527424 526744 519146 530384 
17 639368 637631 625629 635430 635675 636880 635007 635896 637863 638092 634528 641631 627397 624452 622847 637164 634202 628632 627325 642055 636537 635676 624557 636176 
18 542889 542380 538715 539382 541504 540557 543440 540830 536760 537673 542823 542902 537926 535556 540286 539979 538168 542254 539066 538071 542625 539119 539948 538857 
19 629401 627006 628770 627242 625169 625394 624201 630126 627656 626998 627250 630745 624455 628980 627038 626747 624455 629651 627303 631485 623746 626072 625085 626272 
20 612919 612521 612860 616033 611270 608318 608628 606858 615354 613223 616608 616451 612366 609138 612069 612901 608737 604822 608077 607762 604237 607478 606922 615254 
21 670368 664543 677252 667542 667007 665960 671883 670208 665781 669512 669043 676120 665596 669301 674125 673781 671311 676121 672856 670758 668077 668880 665565 666343 
22 676476 677066 674276 683590 677384 677746 677869 681952 676334 679795 681704 679098 678930 676578 676907 673887 675949 677073 681015 678488 677351 676372 679405 679230 
23 609333 585742 586991 589656 582388 585090 586522 588975 581265 583467 593096 588479 588496 582133 588334 583457 595677 591454 585712 590260 581594 583236 588717 585904 
24 684010 682976 685979 682572 675023 677430 685714 681610 678406 670596 685122 686534 676232 676583 678846 678104 681409 677651 687483 681062 674938 669817 679356 672755 
25 700049 696068 704591 700705 699158 693003 704048 708002 699682 706563 694227 713519 693003 694119 702668 700711 712561 706618 706936 714939 701083 706533 703824 703451 
26 701099 697694 696464 697131 698608 695024 698886 699073 697499 695432 704795 706443 700121 695382 702868 704631 699929 694602 702341 690580 695048 687909 694670 695631 
27 708351 696777 704670 701308 698475 693535 700664 698791 707345 692892 709894 700751 691727 698893 697703 696716 695557 698603 702730 694993 703496 695449 696712 697047 
28 690046 695107 690404 689931 693606 689065 690616 688445 693607 685647 694120 694841 689324 683827 690167 691208 700638 692132 687439 693882 694988 686404 690694 689700 
29 671790 673142 677131 677398 674181 677324 676966 675640 675212 672993 676757 679571 675608 672407 674785 673666 682665 677124 680873 671502 671154 675467 679182 676778 
30 726530 728724 722930 740432 712214 717222 723024 729571 727493 731740 725884 715101 705791 725928 719392 728810 729574 723402 727661 732500 725292 726059 723167 720438 
31 554295 556009 560075 559493 563295 556978 561748 557763 555940 560340 556705 561814 558762 555779 555892 558098 558032 556210 557613 563693 558637 561611 559312 558318 
32 598747 599925 600626 606252 600704 598355 604289 600913 603482 596166 596882 599490 598075 598709 596919 599339 601563 601644 599788 602078 601420 601437 599884 602764 
33 590994 595672 593783 597101 593436 592558 594201 597351 595231 592748 597684 596170 591119 592291 595588 593028 592920 593862 590874 596387 593902 591097 592001 593526 
34 538261 531083 534478 535585 530038 531725 531286 531342 536304 528446 532901 536348 530957 527660 532532 524091 530237 528623 532862 529966 529431 530250 528378 533359 
35 497621 493936 499974 505825 490450 493801 487838 496252 489973 498001 506131 506655 493972 490109 492712 495735 495017 497195 506348 501154 500623 491414 492947 496924 
36 563959 569171 574645 576333 573017 558937 567870 576063 570752 571341 574028 561501 570428 569619 571124 557234 576108 565600 565092 570475 568847 556272 558198 556098 
37 555982 555144 553209 555887 554070 553401 553631 555623 558230 554464 557172 558563 557367 554396 556904 557740 556674 555035 553603 558099 554186 554730 556394 558470 
38 529086 525751 525063 533107 525667 526344 528533 525098 527664 529029 530480 526611 526371 524754 524049 528918 537000 528485 526246 529046 525072 526456 525026 525012 
39 582808 585126 577584 579305 576541 577559 580990 579200 585004 576379 578792 580852 584088 576591 578513 582411 582252 579027 581083 583153 575166 581720 578723 581478 
40 514297 510557 513269 514549 509364 510187 513590 516724 510916 515342 513182 508861 510876 513793 512841 516883 514230 514591 516688 515997 511810 512160 513198 515088 
41 703874 699860 710267 709570 702801 702932 705735 705574 704526 703300 702082 708073 703976 699226 704180 706898 703099 703742 705982 710132 702548 703075 702479 704281 
42 554283 554559 557070 557099 553802 552732 551346 551819 551982 552094 554522 555622 553276 553610 553333 554353 553015 553107 553655 555366 554210 551428 553465 553349 
43 573409 578043 574797 582088 576411 573876 574283 576625 573409 574422 575952 575501 578109 574346 575900 575084 573409 574876 578455 578473 574992 575572 575446 573908 
44 606296 604050 602209 606493 605464 600025 600190 604397 599319 602078 602619 605962 604074 604560 602634 602836 606564 607400 604416 605630 605202 602444 601660 601224 
45 570575 575462 572852 575306 572196 577350 577262 572997 577715 575017 574246 576243 573236 576946 580006 572493 575805 576365 573802 574946 573537 571628 573483 571556 
46 583684 586411 589533 582294 584974 585662 572147 577253 583439 570071 588252 586930 586102 570634 575840 575701 580175 585284 581076 586202 582833 574797 577078 574190 
47 616777 615062 621224 621717 612925 619007 622558 618188 616763 618669 624719 620700 620863 614648 619076 620230 622129 616619 619474 619413 618022 618503 617164 619544 
48 566279 565081 556853 563390 567348 554751 564565 565473 561372 556911 560066 566308 559272 558662 554906 567001 557170 556867 566230 560583 553498 555128 561764 565003 
49 521145 510259 523094 524546 508188 515669 508117 513572 520695 509027 514352 507994 509226 507948 511988 510879 508861 511261 517802 512007 508395 507132 508261 508713 
50 654250 654109 655340 653459 652370 652836 654312 653379 654545 652118 652645 657869 652148 653039 653971 654561 656143 651679 653328 655859 654683 651410 653341 654089 
51 637046 628117 634164 635097 628243 627837 629038 633766 633341 633684 635194 633195 629333 626407 632154 630469 628907 628768 639228 634066 627702 630324 628320 629333 
52 613346 616878 625265 621493 616003 619730 621513 624962 620376 622446 622645 624516 620367 613771 623667 619937 615498 619571 618431 623435 619527 618773 619513 621694 
53 579619 577259 589842 585325 577402 579807 582100 584323 578003 586002 582552 581379 581213 582096 586702 584444 580749 579790 587846 580120 582655 582821 584341 579393 
54 570080 569966 570840 572638 572886 570776 569370 569389 573693 571439 571327 570685 571618 569489 570307 569664 570896 569869 572731 570467 573060 571025 571012 572303 
55 547191 552010 547850 547212 544894 552141 546032 554020 547731 546804 543528 551953 547827 550491 547624 546035 555041 547139 555368 542452 549467 546599 545605 548390 
56 633204 628444 641396 635790 636596 630401 630998 632851 629826 637464 638090 632738 626897 632042 639652 633144 628306 634353 631074 639255 634867 632182 632670 636351 
57 581687 578732 584016 583048 583817 581703 579868 582974 581764 581251 586361 583923 582046 579084 583442 584173 582054 583678 581258 584332 578400 580818 579239 581895 
58 536690 531199 535972 532506 533388 529659 532973 531544 531617 533412 533244 535910 531763 528334 534099 531607 530828 531273 536730 533292 531789 530777 534122 531284 
59 558477 567764 563496 563480 561169 564225 562639 562483 566632 563787 561714 564030 565770 561586 559040 562694 566286 559800 562888 560313 560161 560521 562853 564580 
60 643167 646908 645765 650582 639221 645754 644774 647756 644978 642505 643833 648709 649459 642342 642467 644399 643798 643415 645369 645383 644728 638294 644202 649894 
