1 671771 670686 671594 672072 670604 671598 671540 676101 670863 668854 672886 672021 668252 674204 670316 669500 674070 673539 673775 676186 668252 668355 668914 670675 
2 706592 715068 711492 709674 701980 707272 711764 708904 710157 705941 708526 709591 705631 705809 705441 710356 706025 704331 706969 707023 704899 701875 709891 704962 
3 744018 737514 743510 743175 729083 732822 745195 732691 737267 743809 748139 754250 730213 741228 744318 742214 740920 738860 745869 751832 735385 739743 737478 738566 
4 703333 699649 702410 683852 700230 693714 696626 697509 697093 697881 699127 693669 702080 695875 702750 698020 695509 706501 694483 698566 695124 698843 697948 697444 
5 690400 684724 661833 686471 679480 667408 688202 685061 685797 686125 684496 688088 681211 681795 682894 686043 693126 682230 675698 686452 680444 687761 681551 684390 
6 773141 769397 770836 765677 765042 759502 764517 764771 769052 766079 767248 765932 764386 761430 761546 761500 767095 763637 762499 772623 764288 762125 758402 761321 
7 749607 747297 750927 751762 751060 748945 753303 749029 758781 751601 752080 748348 747292 746871 751324 747771 752989 753605 753782 751745 748394 749546 749746 750376 
8 637177 642498 646864 644857 646434 643116 643489 646893 642853 644902 640212 649515 645902 646414 646398 647537 644847 640212 642854 647577 638939 642931 645043 644417 
9 596719 589761 592000 591189 589205 586363 588661 586304 589087 590414 590614 588661 589205 588842 586730 589205 601398 590374 593711 588414 598485 586830 590216 589407 
10 589346 586712 581242 585824 580147 579651 581667 584399 584356 583278 583267 583042 578352 580328 579090 581814 592620 578352 586384 583383 584312 581169 580390 581660 
11 849587 845722 849652 852038 846544 847529 844442 842182 852982 844660 847332 844251 844377 845516 848700 846664 847010 849500 847954 850601 848166 845167 848625 845538 
12 699426 702586 699603 698523 697020 699016 697360 698970 710648 699987 696555 702855 696124 697412 697393 700968 707538 699910 700726 699164 696098 699015 701847 700630 
13 743386 734053 727709 729324 731861 727873 728699 730385 733896 730518 729350 730820 734537 726253 727070 730545 727645 726619 730038 727362 735897 729590 727848 729466 
14 879592 884190 890702 901565 893948 888093 885862 888619 886825 878452 887906 889143 888796 896749 895360 887502 881226 889655 880329 897010 886180 878266 889169 887416 
15 748310 747074 760475 754522 759128 751596 752384 757815 743443 752031 762558 759390 757254 750716 750139 757885 766446 757325 764169 755471 749011 755780 748081 750868 
16 530594 524772 530463 525456 522659 528475 529601 532104 531574 529592 530652 529815 522483 525223 527978 530951 528738 526651 521861 534959 527399 529673 529556 525684 
17 623799 640920 640089 637599 636590 636571 625955 639176 632828 629726 634957 640858 624180 632573 626186 635137 624010 635224 622788 642673 623131 634259 636310 626702 
18 534115 543927 543158 545324 539091 544040 539550 537844 545674 542617 537303 541425 542774 543843 539474 540220 543509 540678 537487 542409 535054 540319 540304 541159 
19 627176 627017 625302 627803 624545 626454 626494 627103 628745 627268 625148 627982 623715 626168 623889 629106 627259 625081 628574 627364 626226 624911 624482 630397 
20 604438 612253 619174 619922 611666 612300 612217 613649 610889 614081 605782 611313 611192 601396 610734 611823 609092 609928 615329 615597 608190 611285 607409 609168 
21 672807 671869 670572 672905 666575 664502 666300 668666 677966 667477 673515 669495 663539 673775 676269 668322 663291 665990 677539 674721 667902 669712 673628 672138 
22 675687 678142 683124 680580 676687 675781 679727 679386 677870 678837 679340 682888 677980 675393 674394 675987 682867 680823 679621 680833 675068 673633 675351 681742 
23 603331 587030 590355 587208 585357 587834 587344 590024 581728 584007 589232 584772 585084 583039 587629 586895 585520 581728 590625 589869 585960 582575 587507 585661 
24 683470 679416 681360 688883 681080 678092 683043 688049 677149 685675 681499 684396 680044 674025 680039 687213 681286 681934 675108 688132 676993 671167 680097 685398 
25 700909 708203 714837 715682 699624 704742 702996 706021 706608 700158 695174 706967 697444 700215 705469 709616 717288 703453 717129 715364 706156 700158 707070 709564 
26 691634 696647 698593 701053 691987 696012 694523 703601 690803 698910 702205 711357 696981 694393 693418 693635 697236 702384 694204 710478 698703 699846 693304 695569 
27 699255 696254 697927 704684 702717 693229 696842 700919 707388 697407 708448 699707 690811 704218 694892 698695 699351 700403 699484 695930 694835 700842 691821 700395 
28 688931 691078 696359 692668 688110 691843 691928 690053 692465 691601 689088 697160 687194 687086 693590 690796 687801 688037 695529 691810 690408 690188 684344 696272 
29 671953 670828 681767 676854 667500 674817 677947 678812 679780 675709 681012 675868 674192 679347 677931 675269 675214 675198 684414 680793 677540 671313 672278 676818 
30 717182 726698 713716 726377 709705 711724 724904 705852 716322 733144 725588 732801 712158 725578 715314 723867 725502 717107 722817 721185 703398 709600 717489 722635 
31 558053 554909 563922 563595 559390 559130 558093 559316 562823 557178 557296 565137 561963 558098 559471 558463 562632 562815 561792 560870 559720 557658 562882 556546 
32 597649 602200 602017 602792 594556 601603 598204 601518 601838 602799 602870 598397 601415 600030 600348 599906 601058 599906 605582 594910 600566 597196 599496 602707 
33 592955 597372 595893 597739 597201 589600 591917 592857 594578 594972 592997 592127 592341 593355 593446 594360 593621 594668 593936 595186 594397 592146 594231 593217 
34 531650 532015 531338 531977 525652 524431 529999 531548 535411 528757 534325 534620 526182 529801 530053 525040 534327 531538 536642 530379 527658 525662 530411 532469 
35 500065 505764 501129 495846 500226 490342 493161 496310 495283 492409 503428 508825 491831 492100 493255 493188 501810 495905 495668 501288 496948 494226 493191 493026 
36 565902 569133 573692 567526 567279 568982 571994 558774 567010 576786 575661 573047 570643 568857 557566 574201 566828 561130 573272 560308 571452 571127 571240 572562 
37 559311 553521 554507 554131 553066 553737 555253 554296 554309 556016 556359 557293 552353 556015 556483 556328 557085 555358 555207 555808 553160 555807 555367 557394 
38 528164 525882 531219 530234 524127 528818 527723 524166 523452 527608 527274 527084 523417 524127 531810 530413 526520 527224 530241 529874 524898 523108 529242 527467 
39 578723 579406 579664 579797 583524 576798 581312 579161 579434 578572 577588 580773 579434 575542 577068 581108 575100 582434 578456 581875 579434 575688 578516 580526 
40 511464 511032 511289 516042 512990 508909 513182 515705 515167 508905 513244 514411 511600 510817 515858 515980 508810 513052 517243 515731 508415 508944 515360 512197 
41 702931 702517 702885 706797 706564 703112 702061 701513 704913 701138 701624 708658 698500 703356 704176 701624 704107 704354 702426 704490 702214 701513 705451 707332 
42 552413 551807 557733 553521 551915 551538 554451 556202 553199 553051 556376 553532 550481 552202 554168 554218 552900 553407 555949 552003 552841 554127 553247 554141 
43 574449 573752 574538 573955 573409 575120 573977 577319 578807 576330 574043 574268 575434 573409 575402 575096 576393 573998 575617 578192 575133 574018 575317 576193 
44 603277 605020 608680 603067 605228 600921 607154 604550 608098 604833 604712 607119 600192 599017 602679 607366 602679 602351 607359 605060 605719 603429 601639 607516 
45 581737 577731 584560 574352 576876 573512 571012 578559 576416 577456 576420 575151 572994 574929 577302 581578 574805 568651 580998 576562 572944 572935 576015 573647 
46 583649 583399 574902 589740 583452 584245 584733 585738 587933 583356 575378 587937 583843 576706 583455 576888 579727 586971 576875 586648 582470 575189 572649 575321 
47 617129 616384 618865 615354 617136 621298 616947 619326 626164 620076 621849 623761 615892 615817 619911 619356 616985 614430 622582 620800 617732 618741 622664 623078 
48 565172 562284 564432 562298 558003 563136 564114 562120 561920 557835 568207 563722 554999 556318 561032 559835 566695 558853 558334 565240 562486 558855 561988 560972 
49 524181 511056 510365 510400 508055 510113 511709 508810 512328 509938 517504 512049 510097 512022 515290 512341 516218 514598 515088 514277 515150 511511 512482 514647 
50 652845 654287 654228 657080 652103 653565 653503 653446 655638 653169 653226 654790 652961 654195 652192 656762 652381 652334 657878 656492 654631 653171 653791 653834 
51 635966 628122 635711 629450 631445 626994 631000 629888 631949 630481 631966 633029 630210 630793 632820 631093 633669 634044 631001 635096 633751 628395 630820 631656 
52 615096 618345 622651 625317 617232 618814 619506 626417 620955 619481 620690 624222 613154 610681 620978 621084 621648 621310 627671 617718 619563 619575 621083 616585 
53 585790 585784 591256 583937 581279 583108 577589 587323 581475 582848 578295 577291 576864 578308 580188 578227 582796 586482 582026 587762 585070 581206 581333 580937 
54 571865 569372 571091 573328 569498 571894 571893 570110 573021 570843 568830 572341 569683 571462 569917 570864 569677 570853 572236 572635 572746 571021 570219 569262 
55 547576 550798 552074 555334 551142 547107 544639 549658 551439 546240 546983 558946 547127 550562 541401 551796 547575 552757 545659 547570 541401 551722 548406 549613 
56 632306 629426 633551 637598 635390 626588 635831 637507 632156 627752 633237 633071 628628 627741 632242 629602 633276 633193 638788 641526 631038 631705 636989 635421 
57 580664 582212 585517 584958 581133 578732 581886 583888 584439 586318 583013 581841 578732 580816 583348 584962 582214 584504 583076 585987 580606 578657 580935 581924 
58 531682 531533 532346 534582 529428 532803 532411 531154 533141 532067 535404 532809 529774 533438 532497 531653 535047 530664 537991 536264 534546 529359 533281 532756 
59 560098 559704 561278 562101 561799 556962 560694 564500 558486 565144 561536 564302 558564 562239 565655 565912 564575 563487 566380 562737 562107 562922 560759 563441 
60 651426 647257 643930 650576 639457 643197 644322 648734 645127 646336 648610 644108 639562 642247 645809 638479 646548 645773 642491 646989 641278 642160 645346 643604 
