1 671540 669341 673117 678220 671594 669382 668355 671699 675569 674591 675778 676058 668284 669055 670863 673739 673668 671364 668126 671522 668252 668123 668355 668123 
2 712568 705320 706739 706166 708209 701518 705607 709212 706120 704981 710966 712165 702742 707349 705899 706814 708017 702229 709279 705105 702229 703175 705563 712346 
3 745622 742098 747998 751553 729900 739618 743598 751727 749749 733613 744786 745929 741266 737207 712236 743419 735608 740835 739853 748111 731715 737870 741018 732359 
4 702049 697883 695907 699860 694980 693861 695084 700066 707526 695578 697840 695076 694879 695136 695413 695863 698081 699020 704634 698759 694480 695559 701575 699120 
5 688741 687389 678422 693268 680510 683403 691051 692422 693531 681956 691221 684943 679999 690584 660514 690469 679776 688175 695414 689583 686648 681122 685512 689666 
6 767533 761596 769683 764945 763366 759430 762188 760907 769964 767576 769844 765406 767526 763198 766514 760263 767933 764702 761694 765319 763822 760418 768220 759947 
7 751792 753914 746966 751584 752651 747567 752068 751574 752357 753198 753941 755630 750603 751374 749574 755754 745572 751060 749440 755569 753616 751522 754154 749097 
8 641225 644102 648091 640810 645799 646944 646953 650541 647115 648084 637510 646384 643168 639367 644279 643381 643948 644996 650183 646062 645768 637600 643389 647185 
9 588897 591298 589683 592371 591193 592209 589321 591368 587782 589278 588402 591845 592051 587824 592386 591095 591267 592689 592047 587962 593353 589827 587376 587894 
10 582868 583283 588968 586712 581295 580938 584909 580596 581990 580028 586433 594485 585102 584538 581906 580446 591112 586830 589191 584992 584734 580927 584367 583500 
11 849466 849776 842360 850152 847732 845910 845019 849727 846632 848908 847080 850622 851041 843527 844850 843877 850494 850881 845871 845142 845256 846254 845443 845036 
12 701587 698607 703272 702764 698595 698248 699396 699117 700689 696086 701451 699341 708063 700133 698109 700392 704472 698599 696086 703282 703269 696486 697926 703712 
13 735714 729757 734823 735678 729408 728309 730528 730738 729240 729980 732198 731047 735851 729605 729606 727807 733441 726253 727824 726509 728626 726253 729231 731269 
14 887659 900027 897497 896209 880726 886023 884620 887552 885520 894913 888568 892968 881013 881710 890008 892930 888509 881971 891808 891479 896577 878739 893687 880668 
15 749580 750993 750304 750549 756842 757806 760806 757866 749011 751891 757799 751244 746947 759385 755923 760871 750752 751478 752421 750868 760393 753103 756360 758762 
16 529474 530065 524821 533746 525626 518721 526157 527846 532133 526583 532253 529501 528638 521854 522878 525357 531126 528259 529574 532381 526528 527448 520608 520840 
17 638588 634703 640551 624409 636569 625266 638858 625243 628496 640180 633127 640548 634129 621886 623240 637403 633923 623565 637448 626616 625011 634890 623560 634626 
18 534990 542164 540762 541893 543377 542834 540519 545395 542533 537438 539059 540393 537544 542121 537733 538627 545550 541442 543438 542523 545476 539500 539317 539816 
19 625738 628358 622766 627537 623100 626396 624270 630206 624455 626343 627463 627531 628066 628174 625551 630374 627160 628862 626536 628547 626476 623100 623454 627345 
20 611260 611150 614433 615937 608546 609581 610694 608171 615936 611592 609860 614731 607408 605118 609242 608260 613819 611364 609924 612338 609726 611150 611226 613844 
21 670260 667678 665793 670430 667017 671228 668231 667606 675392 666262 667145 678688 665672 664874 666447 671692 685354 666533 674358 672814 672207 668904 669766 677480 
22 683740 677739 678983 681565 677528 674153 680616 677522 677463 682544 681458 685337 677736 676451 674982 678738 674105 685389 679950 680532 677163 679473 679138 679385 
23 583314 589792 590479 592141 584449 583402 587311 593307 590756 585088 589110 587791 584577 581594 585889 586595 588799 588986 586014 591934 581546 587117 586595 589728 
24 686070 680533 669200 690647 683310 663549 678644 681776 686734 678757 687403 686040 679227 681844 685500 681856 681684 679824 681459 687444 676525 674935 678933 687432 
25 706144 703407 699286 703427 700870 693475 705605 707756 702815 703297 704099 707149 702012 700511 699935 691909 700598 701732 707651 706164 689576 700258 705178 706851 
26 707269 699326 698816 701707 690685 699610 692306 699596 693975 696647 693975 704222 698675 702281 699240 702058 694847 702987 692010 698736 694271 688829 702422 698026 
27 698333 693958 704580 707549 691727 698746 697052 702845 703496 703496 695490 696591 697938 691150 701233 699855 703363 702226 699867 703547 702357 692696 697093 697467 
28 684425 691898 702693 690335 693645 691780 684434 691962 700839 695452 691010 698326 686512 686778 691395 691048 689422 686935 691801 691754 687817 682515 693989 690785 
29 670402 678104 683532 674714 674826 673069 674905 678196 669092 673456 669320 680957 674501 672220 678685 673966 677582 670547 674133 683364 680094 673726 673724 677459 
30 715107 725234 730639 714724 715675 712609 715949 725559 728206 725744 720917 713927 726710 720069 717143 705530 712020 724689 726864 727751 719648 717228 726257 726434 
31 565096 558612 557328 565274 555835 558007 556593 555337 568461 558968 559205 563832 557738 558008 554988 558124 557601 562562 562501 565134 560739 556572 557073 561248 
32 599914 599200 603694 600323 598125 599121 595003 597749 600648 599604 605569 605498 598991 598794 599546 601791 602697 602561 602116 601315 593892 597418 600438 599221 
33 594376 588621 598647 596968 595615 593938 597072 594256 591952 594583 594184 592881 593082 591706 591379 594832 592524 596569 595323 595655 590219 591710 591834 597300 
34 531537 529633 534761 532236 527713 529604 534397 533197 533098 534770 531184 533501 532637 531444 530679 534995 526556 527995 530799 531412 529738 534240 533409 527813 
35 487055 489801 505494 496944 491625 487603 494827 504468 491899 494267 495027 496727 499254 493550 491727 493849 495861 501509 498826 497086 489080 488492 489727 493805 
36 568291 566823 577821 576226 566440 566553 574362 567930 569134 572146 566828 573122 567330 559808 569355 558515 570555 571234 569583 579262 568017 562006 571990 569562 
37 557663 554818 556606 554696 554007 552879 556657 553735 559960 557402 557498 560598 553899 555194 558733 554179 557320 556939 554152 557568 555459 553412 556936 559158 
38 530560 525386 527252 528251 523776 526258 528110 529602 523241 524184 527852 529199 525812 524293 525135 527278 529799 526513 526310 529856 522883 529557 524995 528610 
39 577498 579926 580556 581968 582855 575053 578332 581547 581864 581185 578984 585351 578723 582485 577123 576659 576294 579930 577660 582591 579610 577494 579926 582289 
40 509907 513818 513391 514769 513228 512373 515834 513840 516354 512149 517576 516645 509739 512723 512191 518521 512847 514591 511874 517288 513148 512629 515949 512854 
41 703390 702214 703159 704097 704504 701383 705597 702431 703038 700985 704220 705600 701187 704452 701814 705122 700609 703079 704611 706263 704106 704624 702742 706788 
42 560923 554726 556293 552644 549762 552149 554048 552223 556038 552902 553581 554576 557243 552015 553436 552786 562144 549762 552758 555169 551770 554271 552908 554915 
43 574449 573465 579644 578269 576100 574632 574795 574745 573542 573465 576495 576810 574070 573626 576319 574283 577214 578109 574646 575426 575219 573408 577805 573878 
44 604617 604227 605382 604285 607581 604801 605162 600851 607433 605285 604213 599504 604460 605773 606354 605199 606705 597797 607991 602852 601556 600205 607769 599381 
45 573633 577771 571599 579007 572470 574396 571333 576687 576178 571171 580918 578188 569457 574633 572881 570911 583422 574820 571183 575470 574568 575605 578592 575166 
46 583904 572591 581882 585147 570998 573615 573217 583737 581022 583609 582939 588015 584811 581916 575825 572984 580035 574434 576881 589141 576461 572303 573696 570601 
47 618431 617500 617950 622864 616433 618755 615807 620325 620050 620325 621661 621621 616219 619074 620119 621563 617749 623289 623211 618256 618388 619277 616942 619599 
48 560330 560375 566302 565247 559884 558101 565197 562152 556350 559604 563505 568613 556821 556602 559584 559853 562458 563728 557803 559690 553145 558014 563439 566000 
49 519967 522889 523004 521907 510046 505904 512656 509354 517762 511251 517989 517561 506845 510247 513616 506603 518342 518065 510376 517764 513211 511688 508856 511956 
50 653588 652950 653732 656571 652361 654697 656629 657327 650590 655170 655997 656055 652076 651969 651801 653229 651265 654975 655563 655797 652982 651794 652120 655485 
51 626407 636489 632382 632348 630219 626407 631888 633644 629355 628699 632463 631160 628041 629719 630106 633933 630822 631961 630429 634544 626407 630449 629726 635040 
52 619492 618395 626271 617301 616810 620715 617119 619444 621022 617067 619498 617234 613308 615332 618589 622590 620680 619622 625784 624724 616753 615316 618454 618869 
53 583426 578724 576821 586403 574095 583595 578216 578456 582081 581280 581954 584605 580371 581776 584831 582215 585687 584746 587035 583485 578327 581095 577343 578348 
54 574562 571174 574398 574149 572388 569516 571262 573595 570955 570616 574423 574135 571626 569527 569890 571391 571424 569580 569873 570904 571429 572620 568669 571098 
55 549210 553220 551614 560044 541401 546490 554964 554998 548444 553066 555985 554303 549090 543528 548686 546534 550303 544188 553770 554647 548612 546705 553045 542279 
56 638973 631591 634885 632140 632968 635553 633200 633469 637637 627538 636821 636016 630445 630798 633839 637749 634208 628691 637971 631044 631841 630710 630133 632958 
57 582900 579710 584072 582652 582608 580772 581650 585040 582213 582851 580534 586650 582046 582062 583890 582074 582418 579485 584545 584801 581054 580355 582414 584569 
58 533438 531751 537357 538006 531939 530436 530408 535689 533512 529441 530437 530052 534703 534327 533477 532433 535107 532902 531840 531352 530279 530738 534439 531140 
59 558722 564559 563746 563250 561621 562399 560130 562713 561263 558486 567481 564316 558177 563417 562906 565132 560130 561404 564387 563211 557131 560820 559459 563648 
60 646891 638440 644974 647454 642729 642619 645555 643388 646309 641054 645069 643971 645604 641709 643365 647170 644476 643147 646821 644435 643241 638541 643167 642305 
