1 677215 670863 676224 671773 669341 671108 669382 673202 670865 675114 673216 668371 670754 668123 668284 672929 668234 668355 670158 674042 671460 672102 671119 670572 
2 705578 707345 705116 703803 703035 703105 708094 712505 716322 702959 706240 706758 705506 705525 705383 709084 703359 704907 710429 714032 701748 702765 705352 706597 
3 729705 736481 746431 750684 738696 732893 732481 735685 733502 741459 742488 751384 740303 734963 738623 740118 737007 728652 748716 742356 730346 718644 740250 740756 
4 713679 696636 696004 701023 696325 693787 700889 700182 700949 700840 696473 701767 693787 698168 698258 693787 694809 695892 700153 695434 699857 699059 694329 699326 
5 668423 687485 690021 693950 676624 688735 687407 689464 684179 693193 693714 679873 680291 681896 689633 687260 687898 688373 687677 688199 689050 684232 660248 688162 
6 760698 770476 769677 764397 764320 761486 765300 765500 762721 768025 767732 763550 772965 762347 760035 764774 766680 762370 764804 763338 769869 763273 762964 760364 
7 754809 754300 748655 753397 746831 747548 751679 751578 755229 748236 752053 751032 746849 750403 751172 749322 751091 750366 753324 747626 751855 750886 749209 751433 
8 641623 644732 648513 652595 640274 641199 641305 641376 641576 642784 647356 649905 640825 642008 642834 644975 652789 641091 645361 649056 641518 642878 649708 646594 
9 593582 588656 593068 587110 590286 586326 591622 589684 588656 591838 588657 591855 589171 585579 587428 588588 588656 591845 588414 587355 597064 590554 589130 588733 
10 586384 596478 583755 581597 580527 579204 580199 583485 586702 592169 585493 581523 596711 582880 586006 582889 593906 588281 578352 587493 585466 580393 580364 582316 
11 851636 845631 849303 848886 849445 845830 844916 844158 854661 851790 846951 852236 843316 845619 850095 844443 852359 846373 845452 844442 847380 843792 847928 849601 
12 705922 697925 703922 699459 701458 696086 698766 698048 704527 702428 698599 702621 701800 697980 701759 702550 704408 699795 700610 706151 700869 702539 698181 698905 
13 730007 727341 728596 728626 737109 726253 728391 730255 744219 728626 730421 727782 726200 728861 729414 730806 735851 730631 730238 730571 740141 728399 727072 727808 
14 891093 885004 893444 887181 895924 882843 888963 891921 882478 888427 893485 888127 883453 886026 885993 888189 886524 892124 897150 887484 880898 884541 884987 885982 
15 759544 751547 762962 755910 754373 752783 758499 751542 758373 749011 753297 756043 745730 754964 756279 753926 749011 755737 759838 749149 758451 751959 751752 763043 
16 524792 525295 532712 523949 527118 525980 528129 528088 526115 528805 524635 532131 520756 527504 529005 529280 531231 528667 532476 532249 522524 522449 527632 528567 
17 634027 639599 640087 639941 634488 627877 638065 640174 641183 625202 638922 625716 625641 633861 635097 638937 638325 625411 642726 630978 630859 623292 626779 639385 
18 545184 548576 542933 539783 542436 540718 537925 541674 544742 538736 540978 538895 537978 539347 539818 540340 545357 536344 539701 542513 540389 540085 537559 540804 
19 627666 626777 627514 627165 627337 625169 629170 626632 626203 624868 626200 633949 626949 624911 630455 627186 627565 628524 626371 628283 626268 625551 626355 627940 
20 614292 607174 613805 610556 607732 609812 611860 612787 613428 607514 609690 615428 604079 611489 613413 605357 608774 611309 610292 613106 608569 608690 611290 611220 
21 665674 664303 670236 676390 672699 671044 666224 671736 671831 668936 666851 680372 666102 668851 664551 675194 670421 667724 678762 676289 667463 667150 673105 667823 
22 676546 682651 679907 678686 674276 675460 678388 681479 680344 678239 679087 681975 676294 676279 677215 676156 678732 680674 676412 680159 677351 677894 675869 677442 
23 592187 581075 585411 587594 591527 581048 582684 590056 601037 590611 583611 593898 581728 584808 585605 588597 585940 587512 588423 590332 586319 582714 583291 592197 
24 680023 671424 679535 679014 676945 672154 678110 680199 682801 686525 682381 687220 678374 676908 681112 683287 675680 674137 688169 685990 671529 676126 686788 683756 
25 700006 713221 707436 712458 701311 700907 703440 707424 710464 713328 708870 706973 704173 702574 704752 698521 701887 701463 713456 705038 712522 701172 706369 705092 
26 696258 697465 701691 702072 694690 696069 697889 694827 700286 701037 697147 706009 695782 703004 699487 693205 690123 692194 707611 700295 699141 696750 697897 700225 
27 700849 700737 700523 695101 694474 694647 699914 701018 708709 702816 694970 692815 703799 694233 696801 694959 704190 691813 706628 703831 698534 693958 700764 696499 
28 688037 694687 698851 690884 690890 690534 688043 691262 687939 694314 687462 700764 690108 688687 688101 693318 686069 688738 694406 691748 694712 687832 690728 689906 
29 669530 675617 681402 678183 669673 672700 676015 677698 674948 677579 676322 678507 678217 681545 674543 672860 682186 681570 681713 681645 668379 672970 676574 677078 
30 727476 720265 717014 718236 725299 718504 731050 727976 739732 725263 726201 729465 711724 717167 731527 724400 708566 730036 719303 731104 729871 720354 727254 725736 
31 558986 567382 562776 566931 556304 557764 563905 561755 559582 560055 558173 563704 561435 556868 560447 557096 559296 560680 561816 559616 559039 561497 561535 556259 
32 601645 604954 604767 599115 594453 598474 602600 601201 600485 601796 601040 600913 597254 596318 595480 597526 600642 596793 597685 600035 594490 598794 601682 601759 
33 592144 592009 595136 596908 592194 591390 592886 592269 592114 598422 597846 597052 589426 594145 593500 592198 599381 597028 596641 596367 591236 593870 593760 598330 
34 531657 530007 529074 532742 532242 527602 531994 533829 527781 530893 529555 533858 528024 530559 529780 526128 530648 526943 528167 534630 529172 527205 530406 529414 
35 495933 490335 497034 496679 492987 493173 492931 496092 495337 496467 495897 495091 488786 493627 492549 494758 504000 493580 494889 500240 490955 494873 494832 493359 
36 573214 571236 569493 577423 567611 567441 560762 574076 570196 570460 575323 573878 566104 564768 554325 569950 570699 555911 576061 571606 567015 559601 556418 560211 
37 552344 557282 555477 556463 554944 554098 553524 557683 552158 556394 555608 558643 551746 554314 556086 556029 553940 554655 555621 554463 554424 554415 556136 555100 
38 525814 533813 523975 533224 521243 526736 528875 531542 530226 526376 530800 529971 529433 521696 528625 529447 523776 529615 533576 530537 525035 528048 527934 529514 
39 579434 579434 579181 582546 576790 578150 580497 576589 577498 579926 580078 584000 580542 580676 577554 581860 577447 583248 582500 579875 578010 580813 581691 578822 
40 515037 511294 514971 518752 512230 515301 516470 512719 510078 511723 512804 518490 514515 514014 514959 512444 518258 517983 516661 516666 513750 510957 514199 517573 
41 704645 701771 703133 706786 702231 699381 702804 702916 701501 701701 708873 705180 700944 703465 704042 707886 705472 706270 704265 703211 703819 703379 706195 706256 
42 554284 552381 551819 556209 552977 551742 554259 551976 554139 551173 556449 552736 554467 551699 552807 557010 553768 554670 554713 551823 552899 554846 553609 552737 
43 576014 574677 573912 581718 573409 574692 575460 573240 577999 577557 577690 574985 573225 573409 573465 574004 575847 573878 577820 579114 579466 573496 575460 575955 
44 604955 606494 598505 607843 605801 597752 602786 603144 605013 604364 603030 602630 605161 604710 604731 602760 602611 603966 601331 601964 603421 604268 605467 599586 
45 585927 573021 581628 581218 576958 569993 572146 571173 580778 577199 582925 579358 574745 575579 575670 579702 578672 575109 580018 580614 579361 567952 573276 574071 
46 583264 585980 576027 588649 581465 570266 572363 583898 578571 582907 575747 579520 570881 580242 571638 576778 586404 578713 579080 574803 582068 582204 577404 574332 
47 622854 620737 620948 622152 612937 610936 617721 618987 616628 622032 623442 622211 621329 618010 616657 617838 619958 619250 618029 624445 615626 617577 620452 622810 
48 561600 564313 558520 563312 554270 559332 563574 559293 564416 564782 561630 565805 552978 563060 561897 562094 566066 557603 565105 565451 559081 560474 558481 559707 
49 519344 517435 510301 523065 508930 506407 508899 509420 518761 511911 513602 511112 511469 508900 509616 506920 516513 508294 507703 517883 513045 508581 517004 511848 
50 652085 652191 654057 656804 652571 653869 653882 653870 654352 654310 654988 656177 651630 655571 654758 654632 656023 653342 658248 656340 651773 651466 652752 656423 
51 633385 632639 634108 630818 631902 628129 630054 629612 629773 632444 633095 636341 629264 630273 631896 634523 632211 630210 633267 631735 629172 630202 631265 632403 
52 616512 616620 622212 620390 616247 616596 623432 618826 621001 620518 620898 619763 614233 615003 621547 624685 627618 616788 623110 623775 617724 619033 617564 620158 
53 580743 577941 583519 582708 576231 579728 587840 587602 583839 587008 585643 585712 579414 583611 577206 579728 578493 580702 579439 584639 582427 580667 582813 584656 
54 571823 567467 571012 572298 571175 570461 570150 573517 570296 571650 573905 569193 569551 572525 570700 571899 571087 570431 569832 573336 572347 571992 568683 571229 
55 550410 555515 549037 557307 547742 542940 552287 542693 549140 547630 546560 544642 547539 546175 544384 548361 553979 549991 558602 549597 541623 546672 546488 546804 
56 636580 631486 635019 639078 634346 628274 633657 633892 631159 632648 636150 635715 630911 632586 642785 635896 633259 634126 633306 635430 627370 627889 631892 635003 
57 579803 579868 586274 587665 589633 585901 583756 583981 584112 581586 583826 585671 581398 578719 582581 582469 581109 579843 583439 583771 580077 579868 582345 584790 
58 532620 530157 530556 532850 530680 531334 532432 535491 538523 534016 533879 533066 532361 534875 532169 533125 538631 535677 527527 535866 527435 533567 530734 534616 
59 565544 562760 561209 567291 559768 557298 562305 565514 563210 562109 560869 569531 558477 561806 563864 566373 557739 563339 569299 569744 558919 564146 560357 565840 
60 644418 640465 648897 646917 638091 638485 642410 642393 642022 641081 644852 644134 641166 646402 641896 643850 643656 642717 647073 650087 645485 642341 640379 648015 
