1 677120 675491 673269 669540 671188 668355 673830 671481 673862 673721 674122 671419 675399 668284 668252 672033 679644 670819 673955 673156 673181 669746 673506 668914 
2 702120 704381 709877 709150 702913 703498 706033 709704 703679 707657 714304 706398 706788 706452 705053 707231 708904 707125 703561 704237 706625 703577 705902 706220 
3 747526 742735 731242 744956 734774 719043 737491 738146 742841 738840 734949 746194 732461 734136 740524 734520 737657 746764 740764 747868 734565 740909 737434 736241 
4 693209 695117 699224 700522 697317 695666 694709 698279 694559 702839 700927 702899 693869 695538 695042 700613 704031 695876 694823 699871 695105 694809 694609 695390 
5 678568 683942 690541 681611 658218 680711 683660 689020 680592 691514 686152 686476 682119 683617 691033 684588 687353 690940 664294 690077 683538 686278 680654 682749 
6 766939 769445 773681 761294 762528 762925 761994 760604 766680 763255 759566 769644 770623 761319 764435 766703 764163 762056 762727 764987 763824 760661 759912 763395 
7 756870 748622 754625 753007 747756 748573 751801 751380 747321 746612 751453 750762 755345 750290 747364 749184 764193 746950 755085 748230 751433 749060 748497 750574 
8 640358 647361 643782 646577 639984 641533 647911 653222 646239 649995 644000 645244 644350 644728 646355 644325 648218 651017 653366 648598 646696 640748 642190 647445 
9 588336 591753 588865 589017 595743 589805 589995 587077 593707 588597 586830 588402 589418 588597 587824 588402 590969 591870 588018 586830 591749 593207 586609 589040 
10 595262 585784 580904 581228 588909 583102 579130 584733 584403 584288 588156 578352 593859 579204 584312 584522 599086 584810 581217 594363 586894 580346 583285 586032 
11 847752 844625 844436 845348 848811 845292 846139 850497 846666 843475 845245 848148 848711 846837 844349 849202 848367 846881 844226 846613 847048 845549 846270 845554 
12 704847 700558 698775 700676 696000 701710 700047 700043 702869 699921 700810 701784 700190 698649 699418 702046 697854 699043 700575 696404 699371 700371 697452 696608 
13 743639 726725 732430 728305 728233 734905 731711 729968 729350 728921 732724 728861 732285 727773 728579 729350 742376 732087 729338 731679 732752 728626 728027 728698 
14 905790 892441 888054 895357 892799 882281 883714 888238 896661 884816 882409 893216 880978 884816 894590 890691 895937 889865 887053 890964 879700 881161 891705 893707 
15 749011 753360 750584 759027 749011 749011 764040 752205 749817 758312 762461 754252 726350 755455 753384 761861 751096 751519 753908 766153 755542 750001 752678 756043 
16 524940 529490 527388 529734 525821 523226 530619 531931 528390 525086 526117 531062 527568 525871 526421 529682 524212 527393 531440 525554 524080 521402 526102 528315 
17 635741 638007 643021 643131 621891 634695 636826 624446 630889 637819 639039 637275 636593 632530 634904 637158 630731 632681 638726 641388 625588 624162 627386 635651 
18 542640 540083 539770 541639 542492 533779 541082 539164 543588 537425 539853 544226 545481 539306 539246 543566 538622 540257 539209 538461 538912 538906 539110 542441 
19 629109 626804 628077 627918 626478 626362 626101 624455 627325 629434 628658 632286 625081 623290 627334 629765 628123 625332 626593 625031 627236 626488 626020 630710 
20 609730 610627 612588 613583 609539 604079 609089 610409 613411 611716 611164 612198 607033 609855 605876 614807 615257 609946 612286 614568 600242 605804 608845 613150 
21 676479 669485 681192 669652 667007 666878 670638 669878 669672 673144 673966 671501 665859 672052 670968 673829 663659 667955 672429 671903 669729 665846 672537 669768 
22 679456 681214 679629 681058 674542 675692 677190 678660 676447 677563 676543 676596 675826 674153 678400 676880 677840 678841 681654 678833 675460 678708 677104 679972 
23 593865 585077 592716 590326 587810 585727 589188 589764 582460 584660 592092 586646 581728 584742 583124 588941 587760 580780 587452 591191 581064 588274 585177 586836 
24 674978 687359 684458 687035 673396 679477 683292 683930 673958 671513 680198 691470 672372 666166 683349 686388 682518 691053 686116 683290 683122 682372 675172 679639 
25 705470 704146 696128 710614 702549 708117 699753 704629 704355 704916 710852 714199 701676 705101 707427 694371 700757 700372 710211 709293 706290 696940 695179 703501 
26 692918 692339 700051 702342 698058 697570 696742 696900 698770 702884 703639 704162 695074 693680 695458 701062 691294 700485 706249 708695 695219 699650 698988 695027 
27 714319 700568 701258 702594 694733 699282 691972 698579 710317 699650 696740 699009 697952 693384 699675 699542 704825 696235 699686 699819 700233 695754 693303 699564 
28 700985 683857 693099 692403 689392 686192 689249 692991 687018 694632 698690 691964 691406 689359 688078 690640 684526 690075 691731 695790 682306 690561 688237 692562 
29 671937 676886 682488 682151 671074 671226 677410 676446 680468 677153 679574 675275 670753 672094 673176 680896 671226 670357 674860 672493 669407 671313 673478 678045 
30 730212 714063 715355 721796 719637 708268 718568 725214 725907 728197 706949 730636 720160 715214 728493 721722 736508 714700 720631 724843 710486 715222 714541 728622 
31 559990 558213 559171 557414 557115 560371 563574 562241 559066 555617 554693 562165 556126 561659 558565 555800 558820 556397 557236 560704 559389 559766 558904 557152 
32 598666 599141 600588 602933 597290 598408 602169 599434 601412 600415 598163 597930 599888 598474 599677 599678 603474 602019 600325 599377 603187 597216 597852 598414 
33 593813 592732 590559 593660 593795 594349 593051 597135 592610 599598 599661 595605 590966 592836 594976 594284 594461 594385 595314 597723 591626 590206 592685 595372 
34 533732 535180 536213 530607 528842 529951 532107 533203 532808 528169 531963 531743 528519 529263 528297 530984 528607 532422 531256 535004 530038 532061 528162 528658 
35 499741 501505 490927 497319 491932 493697 490756 491462 506693 494317 494549 493367 487389 490835 496382 494767 501780 490753 493278 500752 494256 494131 493336 493405 
36 567374 571119 560800 573929 569344 568752 571158 557279 571296 568163 573660 564111 566700 562502 570651 560651 567159 567684 568703 573001 570142 563436 567910 563043 
37 553411 554926 557643 557991 553374 555440 558377 555347 555876 555728 557122 557234 551588 555105 555571 558215 556354 554776 555567 557454 558752 555786 554857 556490 
38 524913 524080 530152 529825 529026 528864 529549 531430 531943 530017 528209 529429 533172 523613 524756 531015 526786 527192 524880 531167 528625 525631 528694 527588 
39 583919 580076 580469 582094 576382 579117 581101 581136 582070 579914 584061 579007 577559 578620 576719 576862 586924 584055 579148 584411 578856 576758 579537 577614 
40 515304 512398 514232 515039 511983 514058 513772 512439 514382 518260 514793 516855 510508 509769 512525 517760 513365 513772 518868 511407 515495 512689 512279 513975 
41 702788 701863 707825 710991 706533 700985 705455 708713 702045 703736 708244 706021 700894 703150 705351 705742 703178 702642 703762 709424 703487 702399 708179 704835 
42 557043 555699 553389 557064 553612 552940 552436 554281 560085 555883 554516 556098 551201 554092 552758 559177 552063 555328 552977 552673 552841 551695 551918 553252 
43 574449 573409 575860 577356 575742 573465 576382 576114 581076 578642 576245 577915 577206 574468 576086 576210 573409 573799 574667 574910 574488 576526 573493 573903 
44 605150 600338 602782 605906 603347 599168 598284 600495 603331 605865 604361 603251 602619 603246 599226 606811 605613 606724 603150 607242 603967 601084 597856 604244 
45 573589 578422 570968 572789 576261 576659 571746 574194 575798 573872 576511 583823 574540 571768 571181 578003 578785 574327 572058 581393 572414 569825 571347 575921 
46 588692 586226 589058 585960 574928 582252 576080 579080 589952 587003 587299 581008 580601 574038 586086 571894 578791 582167 587044 585833 582943 580721 584783 574430 
47 617257 618562 621551 624499 616584 617557 616166 619998 626424 618262 617336 623288 619225 617164 619360 619523 617165 620029 621504 621212 614361 618543 616641 624292 
48 562432 559492 557549 563146 554840 559933 563284 561886 562406 563988 554983 559319 556328 557286 558912 559642 562536 557376 557193 560336 562192 558481 558259 559233 
49 509952 507234 513752 509785 508547 506240 509536 510270 516455 510316 516176 516798 516288 515217 511019 511542 516279 507301 510916 513214 505993 509632 509834 512975 
50 651708 656103 655973 655729 653950 652573 653823 651488 652331 652885 652532 656867 651412 652180 654825 652528 651940 653218 653887 657949 653041 652137 655785 654707 
51 626563 629524 632996 632723 627415 628022 632401 629594 635084 629556 630836 632921 629343 627760 629064 630268 631172 630337 634429 636507 626994 630250 627581 630835 
52 623193 622663 622000 617132 621551 619423 617659 622380 620850 620542 628001 620953 613315 618660 617034 622584 617979 620788 622474 621588 619100 616176 622614 616488 
53 587672 585409 578844 584604 577982 576264 582854 583302 576785 580833 583050 585483 581692 577846 576800 580121 578965 583460 581973 579684 580903 576231 582564 580956 
54 573202 568748 573320 568867 570667 570382 571616 568940 569482 572571 574584 568748 572472 569834 571181 568935 572498 570120 573580 572318 573296 568414 570931 571002 
55 553308 541850 547276 556041 547564 548071 543436 543706 547008 546069 547896 548830 549443 545721 552530 555407 556695 545471 546684 545811 550565 546249 545553 542940 
56 632457 638494 630721 635550 633079 633355 633428 639429 631564 637941 637973 637021 630908 630551 637827 636442 629119 631780 637883 632372 628720 629950 633276 627826 
57 581054 580596 584507 583272 581450 580832 581795 583032 585179 582428 583942 587694 581054 578893 582771 583075 580352 582518 581933 582513 581493 581088 580656 584933 
58 538595 534965 527502 534849 532909 530757 531232 532590 535135 532519 533093 539559 527527 530396 532789 532618 532307 534905 530230 533409 529648 532260 530440 532602 
59 567271 563116 563348 565447 560759 561253 562839 564859 565466 564729 566631 565790 562631 562582 565732 563719 558486 561845 565888 561903 559977 564851 563509 565631 
60 643978 642864 641392 640756 641941 640595 647578 646073 645387 648759 643010 642969 640849 643533 640584 645980 644617 642161 646802 645544 646777 647126 640247 645232 
